
Parameter File Name is: hw3_t4t_self.params

Setting up Fitness Function.....Iterated Prisoner's Dilemma
1	1	4.948	3.860	2.023
1	2	5.000	4.130	2.184
1	3	5.000	4.320	1.699
1	4	5.000	5.000	0.000
1	5	5.000	5.000	0.000
1	6	5.000	4.600	1.119
1	7	5.000	5.000	0.000
1	8	5.000	5.000	0.000
1	9	5.000	5.000	0.000
1	10	5.000	4.700	1.064
1	11	5.000	4.720	1.031
1	12	5.000	4.720	0.980
1	13	5.000	5.000	0.000
1	14	5.000	5.000	0.000
1	15	5.000	5.000	0.000
1	16	5.000	4.680	1.048
1	17	5.000	5.000	0.000
1	18	5.000	5.000	0.000
1	19	5.000	5.000	0.000
1	20	5.000	4.680	1.167
1	21	5.000	5.000	0.000
1	22	5.000	5.000	0.000
1	23	5.000	5.000	0.000
1	24	5.000	5.000	0.000
1	25	5.000	5.000	0.000
1	26	5.000	5.000	0.000
1	27	5.000	5.000	0.000
1	28	5.000	5.000	0.000
1	29	5.392	4.950	0.750
1	30	5.000	5.000	0.000
1	31	5.485	5.000	0.651
1	32	5.564	4.710	2.027
1	33	5.564	4.890	1.306
1	34	5.394	4.760	1.426
1	35	5.454	4.740	1.478
1	36	5.076	4.740	1.408
1	37	5.000	5.000	0.000
1	38	5.392	4.960	0.626
1	39	5.000	5.000	0.000
1	40	5.000	5.000	0.000
1	41	5.000	5.000	0.000
1	42	5.000	5.000	0.000
1	43	5.000	5.000	0.000
1	44	5.000	5.000	0.000
1	45	5.000	5.000	0.000
1	46	5.000	5.000	0.000
1	47	5.000	5.000	0.000
1	48	5.000	5.000	0.000
1	49	5.000	5.000	0.000
1	50	5.000	5.000	0.000
Executing FF Gene Output
1	B	5.564

2	1	5.000	3.840	1.950
2	2	5.000	4.120	2.001
2	3	5.000	4.560	1.388
2	4	5.000	5.000	0.000
2	5	5.000	5.000	0.000
2	6	5.000	4.870	0.606
2	7	5.000	5.000	0.000
2	8	5.000	5.000	0.000
2	9	5.000	5.000	0.000
2	10	5.000	5.000	0.000
2	11	5.000	5.000	0.000
2	12	5.000	5.000	0.000
2	13	5.000	5.000	0.000
2	14	5.000	5.000	0.000
2	15	5.000	5.000	0.000
2	16	5.000	4.860	0.711
2	17	5.000	5.000	0.000
2	18	5.000	5.000	0.000
2	19	5.000	5.000	0.000
2	20	5.000	5.000	0.000
2	21	5.000	5.000	0.000
2	22	5.000	4.830	0.842
2	23	5.000	4.850	0.936
2	24	5.000	5.000	0.000
2	25	5.000	5.000	0.000
2	26	5.000	5.000	0.000
2	27	5.000	5.000	0.000
2	28	5.000	5.000	0.000
2	29	5.000	5.000	0.000
2	30	5.000	4.620	1.362
2	31	5.000	5.000	0.000
2	32	5.000	5.000	0.000
2	33	5.000	4.900	0.636
2	34	5.000	4.840	0.884
2	35	5.000	5.000	0.000
2	36	5.000	5.000	0.000
2	37	5.000	4.700	1.467
2	38	5.000	5.000	0.000
2	39	5.000	5.000	0.000
2	40	5.000	5.000	0.000
2	41	5.000	4.820	0.984
2	42	5.000	4.800	0.876
2	43	5.000	5.000	0.000
2	44	5.000	5.000	0.000
2	45	5.000	5.000	0.000
2	46	5.000	5.000	0.000
2	47	5.000	5.000	0.000
2	48	5.000	4.800	0.964
2	49	5.000	4.800	0.927
2	50	5.000	5.000	0.000
Executing FF Gene Output
2	B	5.0

3	1	4.882	3.810	1.983
3	2	5.078	4.180	2.441
3	3	5.039	4.820	1.222
3	4	5.000	5.000	0.000
3	5	5.000	5.000	0.000
3	6	5.000	5.000	0.000
3	7	5.000	5.000	0.000
3	8	5.000	4.620	1.774
3	9	5.000	4.640	1.726
3	10	5.000	5.000	0.000
3	11	5.000	5.000	0.000
3	12	5.000	5.000	0.000
3	13	5.000	5.000	0.000
3	14	5.000	5.000	0.000
3	15	5.000	5.000	0.000
3	16	5.000	5.000	0.000
3	17	5.000	5.000	0.000
3	18	5.000	5.000	0.000
3	19	5.000	5.000	0.000
3	20	5.000	5.000	0.000
3	21	5.000	5.000	0.000
3	22	5.000	5.000	0.000
3	23	5.000	5.000	0.000
3	24	5.000	4.870	1.041
3	25	5.000	5.000	0.000
3	26	5.000	5.000	0.000
3	27	5.000	5.000	0.000
3	28	5.000	5.000	0.000
3	29	5.000	5.000	0.000
3	30	5.000	5.000	0.000
3	31	5.000	5.000	0.000
3	32	5.000	4.820	1.250
3	33	5.000	4.480	2.079
3	34	5.000	5.000	0.000
3	35	5.000	5.000	0.000
3	36	5.000	5.000	0.000
3	37	5.000	4.880	1.018
3	38	5.000	5.000	0.000
3	39	5.000	5.000	0.000
3	40	5.000	5.000	0.000
3	41	5.000	4.810	1.281
3	42	5.000	5.000	0.000
3	43	5.000	5.000	0.000
3	44	5.000	5.000	0.000
3	45	5.000	5.000	0.000
3	46	5.000	5.000	0.000
3	47	5.000	5.000	0.000
3	48	5.000	5.000	0.000
3	49	5.000	5.000	0.000
3	50	5.000	5.000	0.000
Executing FF Gene Output
3	B	5.078

4	1	4.952	3.800	1.972
4	2	5.000	4.560	1.797
4	3	5.000	5.000	0.000
4	4	5.000	5.000	0.000
4	5	5.000	4.830	1.198
4	6	5.000	5.000	0.000
4	7	5.000	5.000	0.000
4	8	5.000	5.000	0.000
4	9	5.000	5.000	0.000
4	10	5.000	4.810	1.277
4	11	5.000	5.000	0.000
4	12	5.000	5.000	0.000
4	13	5.000	4.720	1.481
4	14	5.000	4.810	1.269
4	15	5.000	5.000	0.000
4	16	5.000	5.000	0.000
4	17	5.000	4.570	1.857
4	18	5.000	4.780	1.349
4	19	5.000	5.000	0.000
4	20	5.000	5.000	0.000
4	21	5.000	4.830	1.181
4	22	5.000	5.000	0.000
4	23	5.000	5.000	0.000
4	24	5.000	5.000	0.000
4	25	5.000	5.000	0.000
4	26	5.000	5.000	0.000
4	27	5.000	5.000	0.000
4	28	5.000	4.850	1.104
4	29	5.000	5.000	0.000
4	30	5.000	5.000	0.000
4	31	5.000	5.000	0.000
4	32	5.000	5.000	0.000
4	33	5.000	5.000	0.000
4	34	5.000	4.830	1.194
4	35	5.000	4.830	1.194
4	36	5.000	5.000	0.000
4	37	5.000	5.000	0.000
4	38	5.000	4.800	1.299
4	39	5.000	5.000	0.000
4	40	5.000	5.000	0.000
4	41	5.000	5.000	0.000
4	42	5.000	5.000	0.000
4	43	5.000	5.000	0.000
4	44	5.000	5.000	0.000
4	45	5.000	4.800	1.295
4	46	5.000	5.000	0.000
4	47	5.000	5.000	0.000
4	48	5.000	5.000	0.000
4	49	5.000	4.780	1.364
4	50	5.000	5.000	0.000
Executing FF Gene Output
4	B	5.0

5	1	4.887	3.820	1.869
5	2	5.000	4.540	1.820
5	3	5.000	4.740	1.372
5	4	5.000	4.730	1.507
5	5	5.000	4.830	1.115
5	6	5.000	5.000	0.000
5	7	5.000	4.710	1.569
5	8	5.000	4.830	1.194
5	9	5.000	5.000	0.000
5	10	5.000	4.830	1.185
5	11	5.000	5.000	0.000
5	12	5.000	4.590	1.818
5	13	5.000	5.000	0.000
5	14	5.000	5.000	0.000
5	15	5.000	5.000	0.000
5	16	5.000	5.000	0.000
5	17	5.000	5.000	0.000
5	18	5.000	4.600	1.787
5	19	5.000	4.800	1.271
5	20	5.000	5.000	0.000
5	21	5.000	4.800	1.295
5	22	5.000	5.000	0.000
5	23	5.000	5.000	0.000
5	24	5.000	5.000	0.000
5	25	5.000	5.000	0.000
5	26	5.000	5.000	0.000
5	27	5.000	5.000	0.000
5	28	5.000	4.850	1.091
5	29	5.000	5.000	0.000
5	30	5.000	4.840	1.139
5	31	5.000	5.000	0.000
5	32	5.000	5.000	0.000
5	33	5.000	4.750	1.435
5	34	5.000	5.000	0.000
5	35	5.000	5.000	0.000
5	36	5.000	5.000	0.000
5	37	5.000	5.000	0.000
5	38	5.000	4.890	0.947
5	39	5.000	4.640	1.703
5	40	5.000	4.810	1.265
5	41	5.000	5.000	0.000
5	42	5.000	5.000	0.000
5	43	5.000	4.860	1.069
5	44	5.000	4.810	1.269
5	45	5.000	5.000	0.000
5	46	5.000	5.000	0.000
5	47	5.000	5.000	0.000
5	48	5.000	4.760	1.426
5	49	5.000	5.000	0.000
5	50	5.000	5.000	0.000
Executing FF Gene Output
5	B	5.0

6	1	4.880	3.800	1.954
6	2	5.000	4.430	1.945
6	3	5.000	4.700	1.528
6	4	5.000	5.000	0.000
6	5	5.000	5.000	0.000
6	6	5.000	4.570	1.482
6	7	5.000	4.860	0.888
6	8	5.000	5.000	0.000
6	9	5.000	4.830	0.853
6	10	5.000	5.000	0.000
6	11	5.000	5.000	0.000
6	12	5.000	5.000	0.000
6	13	5.000	5.000	0.000
6	14	5.000	5.000	0.000
6	15	5.000	5.000	0.000
6	16	5.000	5.000	0.000
6	17	5.000	5.000	0.000
6	18	5.000	5.000	0.000
6	19	5.000	4.860	0.910
6	20	5.000	4.760	0.981
6	21	5.000	4.830	0.883
6	22	5.000	4.770	0.908
6	23	5.000	4.510	1.367
6	24	5.000	4.760	0.917
6	25	5.000	5.000	0.000
6	26	5.000	5.000	0.000
6	27	5.000	5.000	0.000
6	28	5.000	5.000	0.000
6	29	5.000	5.000	0.000
6	30	5.000	5.000	0.000
6	31	5.000	4.600	1.356
6	32	5.000	5.000	0.000
6	33	5.000	5.000	0.000
6	34	5.000	5.000	0.000
6	35	5.000	5.000	0.000
6	36	5.000	4.800	1.015
6	37	5.000	4.810	0.837
6	38	5.000	5.000	0.000
6	39	5.000	5.000	0.000
6	40	5.000	5.000	0.000
6	41	5.000	5.000	0.000
6	42	5.000	5.000	0.000
6	43	5.000	5.000	0.000
6	44	5.000	5.000	0.000
6	45	5.000	4.690	1.195
6	46	5.000	5.000	0.000
6	47	5.000	5.000	0.000
6	48	5.000	5.000	0.000
6	49	5.000	5.000	0.000
6	50	5.000	5.000	0.000
Executing FF Gene Output
6	B	5.0

7	1	4.972	3.850	1.893
7	2	5.000	4.170	2.272
7	3	5.000	4.690	1.539
7	4	5.000	5.000	0.000
7	5	5.000	5.000	0.000
7	6	5.000	5.000	0.000
7	7	5.000	5.000	0.000
7	8	5.000	5.000	0.000
7	9	5.000	5.000	0.000
7	10	5.000	5.000	0.000
7	11	5.000	5.000	0.000
7	12	5.020	4.830	1.231
7	13	4.616	3.190	1.873
7	14	4.952	3.990	2.406
7	15	5.000	4.180	2.414
7	16	5.000	4.850	1.104
7	17	5.000	5.000	0.000
7	18	5.000	5.000	0.000
7	19	5.000	5.000	0.000
7	20	5.000	4.830	1.155
7	21	5.000	5.000	0.000
7	22	5.000	5.000	0.000
7	23	5.000	4.860	1.101
7	24	5.000	5.000	0.000
7	25	5.000	5.000	0.000
7	26	5.000	5.000	0.000
7	27	5.000	5.000	0.000
7	28	5.000	5.000	0.000
7	29	5.000	4.790	1.351
7	30	5.000	4.800	1.322
7	31	5.000	5.000	0.000
7	32	5.000	4.800	1.314
7	33	5.000	5.000	0.000
7	34	5.000	5.000	0.000
7	35	5.000	5.000	0.000
7	36	5.000	5.000	0.000
7	37	5.000	5.000	0.000
7	38	5.000	4.780	1.382
7	39	5.000	5.000	0.000
7	40	5.000	5.000	0.000
7	41	5.000	5.000	0.000
7	42	5.000	4.780	1.382
7	43	5.000	5.000	0.000
7	44	5.000	5.000	0.000
7	45	5.000	5.000	0.000
7	46	5.000	5.000	0.000
7	47	5.000	5.000	0.000
7	48	5.000	5.000	0.000
7	49	5.000	5.000	0.000
7	50	5.000	5.000	0.000
Executing FF Gene Output
7	B	5.02

8	1	5.000	3.800	2.040
8	2	5.000	4.550	1.786
8	3	5.000	4.340	2.131
8	4	5.000	5.000	0.000
8	5	5.000	5.000	0.000
8	6	5.000	5.000	0.000
8	7	5.000	5.000	0.000
8	8	5.000	4.770	1.014
8	9	5.000	4.800	0.959
8	10	5.000	5.000	0.000
8	11	5.000	5.000	0.000
8	12	5.000	5.000	0.000
8	13	5.000	5.000	0.000
8	14	5.000	5.000	0.000
8	15	5.000	5.000	0.000
8	16	5.000	4.810	0.901
8	17	5.000	4.560	1.286
8	18	5.000	5.000	0.000
8	19	5.000	5.000	0.000
8	20	5.000	5.000	0.000
8	21	5.000	4.790	1.042
8	22	5.000	5.000	0.000
8	23	5.000	5.000	0.000
8	24	5.000	5.000	0.000
8	25	5.000	5.000	0.000
8	26	5.000	5.000	0.000
8	27	5.000	5.000	0.000
8	28	5.000	4.770	1.136
8	29	5.000	5.000	0.000
8	30	5.000	5.000	0.000
8	31	5.000	5.000	0.000
8	32	5.000	5.000	0.000
8	33	5.000	5.000	0.000
8	34	5.000	4.850	0.642
8	35	5.000	4.660	1.152
8	36	5.000	5.000	0.000
8	37	5.000	5.000	0.000
8	38	5.000	5.000	0.000
8	39	5.000	4.750	1.091
8	40	5.000	5.000	0.000
8	41	5.000	5.000	0.000
8	42	5.000	5.000	0.000
8	43	5.000	5.000	0.000
8	44	5.000	5.000	0.000
8	45	5.000	5.000	0.000
8	46	5.000	4.800	1.049
8	47	5.000	5.000	0.000
8	48	5.000	5.000	0.000
8	49	5.000	4.740	1.129
8	50	5.000	5.000	0.000
Executing FF Gene Output
8	B	5.0

9	1	4.954	3.800	2.065
9	2	5.000	4.170	2.292
9	3	5.000	4.590	1.571
9	4	5.000	5.000	0.000
9	5	5.000	5.000	0.000
9	6	5.000	4.680	1.620
9	7	5.000	5.000	0.000
9	8	5.000	5.000	0.000
9	9	5.000	5.000	0.000
9	10	5.000	5.000	0.000
9	11	5.000	5.000	0.000
9	12	5.000	5.000	0.000
9	13	5.000	5.000	0.000
9	14	5.000	5.000	0.000
9	15	5.000	5.000	0.000
9	16	5.000	4.850	1.123
9	17	5.000	4.850	1.123
9	18	5.000	4.800	1.303
9	19	5.000	5.000	0.000
9	20	5.000	5.000	0.000
9	21	5.000	5.000	0.000
9	22	5.000	4.870	1.041
9	23	5.000	4.730	1.486
9	24	5.000	4.810	1.269
9	25	5.000	5.000	0.000
9	26	5.000	5.000	0.000
9	27	5.000	5.000	0.000
9	28	5.000	5.000	0.000
9	29	5.000	4.810	1.261
9	30	5.000	5.000	0.000
9	31	5.000	4.820	1.246
9	32	5.000	5.000	0.000
9	33	5.000	5.000	0.000
9	34	5.000	5.000	0.000
9	35	5.000	5.000	0.000
9	36	5.000	5.000	0.000
9	37	5.000	4.740	1.036
9	38	5.000	5.000	0.000
9	39	5.000	4.860	0.899
9	40	5.000	4.830	0.905
9	41	5.000	5.000	0.000
9	42	5.000	4.800	0.916
9	43	5.000	5.000	0.000
9	44	5.000	4.820	0.783
9	45	5.000	5.000	0.000
9	46	5.000	5.000	0.000
9	47	5.000	4.810	0.831
9	48	5.000	4.800	0.948
9	49	5.000	5.000	0.000
9	50	5.000	4.830	0.842
Executing FF Gene Output
9	B	5.0

10	1	5.000	3.910	2.200
10	2	5.000	4.440	1.901
10	3	5.000	5.000	0.000
10	4	5.000	5.000	0.000
10	5	5.000	5.000	0.000
10	6	5.000	5.000	0.000
10	7	5.000	5.000	0.000
10	8	5.000	5.000	0.000
10	9	5.000	5.000	0.000
10	10	5.000	5.000	0.000
10	11	5.000	5.000	0.000
10	12	5.000	5.000	0.000
10	13	5.000	5.000	0.000
10	14	5.000	5.000	0.000
10	15	5.000	4.730	1.370
10	16	5.000	5.000	0.000
10	17	5.000	5.000	0.000
10	18	5.000	5.000	0.000
10	19	5.000	5.000	0.000
10	20	5.000	5.000	0.000
10	21	5.000	5.000	0.000
10	22	5.000	5.000	0.000
10	23	5.000	4.800	1.318
10	24	5.000	5.000	0.000
10	25	5.000	4.800	1.275
10	26	5.000	4.780	1.299
10	27	5.000	5.000	0.000
10	28	5.000	5.000	0.000
10	29	5.000	5.000	0.000
10	30	5.000	5.000	0.000
10	31	5.000	4.810	1.224
10	32	5.000	4.770	1.355
10	33	5.000	5.000	0.000
10	34	5.000	5.000	0.000

Parameter File Name is: hw3_t4t_self.params

Setting up Fitness Function.....Iterated Prisoner's Dilemma
1	1	4.948	3.860	2.023
1	2	5.000	4.130	2.184
1	3	5.000	4.320	1.699
1	4	5.000	5.000	0.000
1	5	5.000	5.000	0.000
1	6	5.000	4.600	1.119
1	7	5.000	5.000	0.000
1	8	5.000	5.000	0.000
1	9	5.000	5.000	0.000
1	10	5.000	4.700	1.064
1	11	5.000	4.720	1.031
1	12	5.000	4.720	0.980
1	13	5.000	5.000	0.000
1	14	5.000	5.000	0.000
1	15	5.000	5.000	0.000
1	16	5.000	4.680	1.048
1	17	5.000	5.000	0.000
1	18	5.000	5.000	0.000
1	19	5.000	5.000	0.000
1	20	5.000	4.680	1.167
1	21	5.000	5.000	0.000
1	22	5.000	5.000	0.000
1	23	5.000	5.000	0.000
1	24	5.000	5.000	0.000
1	25	5.000	5.000	0.000
1	26	5.000	5.000	0.000
1	27	5.000	5.000	0.000
1	28	5.000	5.000	0.000
1	29	5.392	4.950	0.750
1	30	5.000	5.000	0.000
1	31	5.485	5.000	0.651
1	32	5.564	4.710	2.027
1	33	5.564	4.890	1.306
1	34	5.394	4.760	1.426
1	35	5.454	4.740	1.478
1	36	5.076	4.740	1.408
1	37	5.000	5.000	0.000
1	38	5.392	4.960	0.626
1	39	5.000	5.000	0.000
1	40	5.000	5.000	0.000
1	41	5.000	5.000	0.000
1	42	5.000	5.000	0.000
1	43	5.000	5.000	0.000
1	44	5.000	5.000	0.000
1	45	5.000	5.000	0.000
1	46	5.000	5.000	0.000
1	47	5.000	5.000	0.000
1	48	5.000	5.000	0.000
1	49	5.000	5.000	0.000
1	50	5.000	5.000	0.000
Executing FF Gene Output
1	B	5.564

2	1	5.000	3.840	1.950
2	2	5.000	4.120	2.001
2	3	5.000	4.560	1.388
2	4	5.000	5.000	0.000
2	5	5.000	5.000	0.000
2	6	5.000	4.870	0.606
2	7	5.000	5.000	0.000
2	8	5.000	5.000	0.000
2	9	5.000	5.000	0.000
2	10	5.000	5.000	0.000
2	11	5.000	5.000	0.000
2	12	5.000	5.000	0.000
2	13	5.000	5.000	0.000
2	14	5.000	5.000	0.000
2	15	5.000	5.000	0.000
2	16	5.000	4.860	0.711
2	17	5.000	5.000	0.000
2	18	5.000	5.000	0.000
2	19	5.000	5.000	0.000
2	20	5.000	5.000	0.000
2	21	5.000	5.000	0.000
2	22	5.000	4.830	0.842
2	23	5.000	4.850	0.936
2	24	5.000	5.000	0.000
2	25	5.000	5.000	0.000
2	26	5.000	5.000	0.000
2	27	5.000	5.000	0.000
2	28	5.000	5.000	0.000
2	29	5.000	5.000	0.000
2	30	5.000	4.620	1.362
2	31	5.000	5.000	0.000
2	32	5.000	5.000	0.000
2	33	5.000	4.900	0.636
2	34	5.000	4.840	0.884
2	35	5.000	5.000	0.000
2	36	5.000	5.000	0.000
2	37	5.000	4.700	1.467
2	38	5.000	5.000	0.000
2	39	5.000	5.000	0.000
2	40	5.000	5.000	0.000
2	41	5.000	4.820	0.984
2	42	5.000	4.800	0.876
2	43	5.000	5.000	0.000
2	44	5.000	5.000	0.000
2	45	5.000	5.000	0.000
2	46	5.000	5.000	0.000
2	47	5.000	5.000	0.000
2	48	5.000	4.800	0.964
2	49	5.000	4.800	0.927
2	50	5.000	5.000	0.000
Executing FF Gene Output
2	B	5.0

3	1	4.882	3.810	1.983
3	2	5.078	4.180	2.441
3	3	5.039	4.820	1.222
3	4	5.000	5.000	0.000
3	5	5.000	5.000	0.000
3	6	5.000	5.000	0.000
3	7	5.000	5.000	0.000
3	8	5.000	4.620	1.774
3	9	5.000	4.640	1.726
3	10	5.000	5.000	0.000
3	11	5.000	5.000	0.000
3	12	5.000	5.000	0.000
3	13	5.000	5.000	0.000
3	14	5.000	5.000	0.000
3	15	5.000	5.000	0.000
3	16	5.000	5.000	0.000
3	17	5.000	5.000	0.000
3	18	5.000	5.000	0.000
3	19	5.000	5.000	0.000
3	20	5.000	5.000	0.000
3	21	5.000	5.000	0.000
3	22	5.000	5.000	0.000
3	23	5.000	5.000	0.000
3	24	5.000	4.870	1.041
3	25	5.000	5.000	0.000
3	26	5.000	5.000	0.000
3	27	5.000	5.000	0.000
3	28	5.000	5.000	0.000
3	29	5.000	5.000	0.000
3	30	5.000	5.000	0.000
3	31	5.000	5.000	0.000
3	32	5.000	4.820	1.250
3	33	5.000	4.480	2.079
3	34	5.000	5.000	0.000
3	35	5.000	5.000	0.000
3	36	5.000	5.000	0.000
3	37	5.000	4.880	1.018
3	38	5.000	5.000	0.000
3	39	5.000	5.000	0.000
3	40	5.000	5.000	0.000
3	41	5.000	4.810	1.281
3	42	5.000	5.000	0.000
3	43	5.000	5.000	0.000
3	44	5.000	5.000	0.000
3	45	5.000	5.000	0.000
3	46	5.000	5.000	0.000
3	47	5.000	5.000	0.000
3	48	5.000	5.000	0.000
3	49	5.000	5.000	0.000
3	50	5.000	5.000	0.000
Executing FF Gene Output
3	B	5.078

4	1	4.952	3.800	1.972
4	2	5.000	4.560	1.797
4	3	5.000	5.000	0.000
4	4	5.000	5.000	0.000
4	5	5.000	4.830	1.198
4	6	5.000	5.000	0.000
4	7	5.000	5.000	0.000
4	8	5.000	5.000	0.000
4	9	5.000	5.000	0.000
4	10	5.000	4.810	1.277
4	11	5.000	5.000	0.000
4	12	5.000	5.000	0.000
4	13	5.000	4.720	1.481
4	14	5.000	4.810	1.269
4	15	5.000	5.000	0.000
4	16	5.000	5.000	0.000
4	17	5.000	4.570	1.857
4	18	5.000	4.780	1.349
4	19	5.000	5.000	0.000
4	20	5.000	5.000	0.000
4	21	5.000	4.830	1.181
4	22	5.000	5.000	0.000
4	23	5.000	5.000	0.000
4	24	5.000	5.000	0.000
4	25	5.000	5.000	0.000
4	26	5.000	5.000	0.000
4	27	5.000	5.000	0.000
4	28	5.000	4.850	1.104
4	29	5.000	5.000	0.000
4	30	5.000	5.000	0.000
4	31	5.000	5.000	0.000
4	32	5.000	5.000	0.000
4	33	5.000	5.000	0.000
4	34	5.000	4.830	1.194
4	35	5.000	4.830	1.194
4	36	5.000	5.000	0.000
4	37	5.000	5.000	0.000
4	38	5.000	4.800	1.299
4	39	5.000	5.000	0.000
4	40	5.000	5.000	0.000
4	41	5.000	5.000	0.000
4	42	5.000	5.000	0.000
4	43	5.000	5.000	0.000
4	44	5.000	5.000	0.000
4	45	5.000	4.800	1.295
4	46	5.000	5.000	0.000
4	47	5.000	5.000	0.000
4	48	5.000	5.000	0.000
4	49	5.000	4.780	1.364
4	50	5.000	5.000	0.000
Executing FF Gene Output
4	B	5.0

5	1	4.887	3.820	1.869
5	2	5.000	4.540	1.820
5	3	5.000	4.740	1.372
5	4	5.000	4.730	1.507
5	5	5.000	4.830	1.115
5	6	5.000	5.000	0.000
5	7	5.000	4.710	1.569
5	8	5.000	4.830	1.194
5	9	5.000	5.000	0.000
5	10	5.000	4.830	1.185
5	11	5.000	5.000	0.000
5	12	5.000	4.590	1.818
5	13	5.000	5.000	0.000
5	14	5.000	5.000	0.000
5	15	5.000	5.000	0.000
5	16	5.000	5.000	0.000
5	17	5.000	5.000	0.000
5	18	5.000	4.600	1.787
5	19	5.000	4.800	1.271
5	20	5.000	5.000	0.000
5	21	5.000	4.800	1.295
5	22	5.000	5.000	0.000
5	23	5.000	5.000	0.000
5	24	5.000	5.000	0.000
5	25	5.000	5.000	0.000
5	26	5.000	5.000	0.000
5	27	5.000	5.000	0.000
5	28	5.000	4.850	1.091
5	29	5.000	5.000	0.000
5	30	5.000	4.840	1.139
5	31	5.000	5.000	0.000
5	32	5.000	5.000	0.000
5	33	5.000	4.750	1.435
5	34	5.000	5.000	0.000
5	35	5.000	5.000	0.000
5	36	5.000	5.000	0.000
5	37	5.000	5.000	0.000
5	38	5.000	4.890	0.947
5	39	5.000	4.640	1.703
5	40	5.000	4.810	1.265
5	41	5.000	5.000	0.000
5	42	5.000	5.000	0.000
5	43	5.000	4.860	1.069
5	44	5.000	4.810	1.269
5	45	5.000	5.000	0.000
5	46	5.000	5.000	0.000
5	47	5.000	5.000	0.000
5	48	5.000	4.760	1.426
5	49	5.000	5.000	0.000
5	50	5.000	5.000	0.000
Executing FF Gene Output
5	B	5.0

6	1	4.880	3.800	1.954
6	2	5.000	4.430	1.945
6	3	5.000	4.700	1.528
6	4	5.000	5.000	0.000
6	5	5.000	5.000	0.000
6	6	5.000	4.570	1.482
6	7	5.000	4.860	0.888
6	8	5.000	5.000	0.000
6	9	5.000	4.830	0.853
6	10	5.000	5.000	0.000
6	11	5.000	5.000	0.000
6	12	5.000	5.000	0.000
6	13	5.000	5.000	0.000
6	14	5.000	5.000	0.000
6	15	5.000	5.000	0.000
6	16	5.000	5.000	0.000
6	17	5.000	5.000	0.000
6	18	5.000	5.000	0.000
6	19	5.000	4.860	0.910
6	20	5.000	4.760	0.981
6	21	5.000	4.830	0.883
6	22	5.000	4.770	0.908
6	23	5.000	4.510	1.367
6	24	5.000	4.760	0.917
6	25	5.000	5.000	0.000
6	26	5.000	5.000	0.000
6	27	5.000	5.000	0.000
6	28	5.000	5.000	0.000
6	29	5.000	5.000	0.000
6	30	5.000	5.000	0.000
6	31	5.000	4.600	1.356
6	32	5.000	5.000	0.000
6	33	5.000	5.000	0.000
6	34	5.000	5.000	0.000
6	35	5.000	5.000	0.000
6	36	5.000	4.800	1.015
6	37	5.000	4.810	0.837
6	38	5.000	5.000	0.000
6	39	5.000	5.000	0.000
6	40	5.000	5.000	0.000
6	41	5.000	5.000	0.000
6	42	5.000	5.000	0.000
6	43	5.000	5.000	0.000
6	44	5.000	5.000	0.000
6	45	5.000	4.690	1.195
6	46	5.000	5.000	0.000
6	47	5.000	5.000	0.000
6	48	5.000	5.000	0.000
6	49	5.000	5.000	0.000
6	50	5.000	5.000	0.000
Executing FF Gene Output
6	B	5.0

7	1	4.972	3.850	1.893
7	2	5.000	4.170	2.272
7	3	5.000	4.690	1.539
7	4	5.000	5.000	0.000
7	5	5.000	5.000	0.000
7	6	5.000	5.000	0.000
7	7	5.000	5.000	0.000
7	8	5.000	5.000	0.000
7	9	5.000	5.000	0.000
7	10	5.000	5.000	0.000
7	11	5.000	5.000	0.000
7	12	5.020	4.830	1.231
7	13	4.616	3.190	1.873
7	14	4.952	3.990	2.406
7	15	5.000	4.180	2.414
7	16	5.000	4.850	1.104
7	17	5.000	5.000	0.000
7	18	5.000	5.000	0.000
7	19	5.000	5.000	0.000
7	20	5.000	4.830	1.155
7	21	5.000	5.000	0.000
7	22	5.000	5.000	0.000
7	23	5.000	4.860	1.101
7	24	5.000	5.000	0.000
7	25	5.000	5.000	0.000
7	26	5.000	5.000	0.000
7	27	5.000	5.000	0.000
7	28	5.000	5.000	0.000
7	29	5.000	4.790	1.351
7	30	5.000	4.800	1.322
7	31	5.000	5.000	0.000
7	32	5.000	4.800	1.314
7	33	5.000	5.000	0.000
7	34	5.000	5.000	0.000
7	35	5.000	5.000	0.000
7	36	5.000	5.000	0.000
7	37	5.000	5.000	0.000
7	38	5.000	4.780	1.382
7	39	5.000	5.000	0.000
7	40	5.000	5.000	0.000
7	41	5.000	5.000	0.000
7	42	5.000	4.780	1.382
7	43	5.000	5.000	0.000
7	44	5.000	5.000	0.000
7	45	5.000	5.000	0.000
7	46	5.000	5.000	0.000
7	47	5.000	5.000	0.000
7	48	5.000	5.000	0.000
7	49	5.000	5.000	0.000
7	50	5.000	5.000	0.000
Executing FF Gene Output
7	B	5.02

8	1	5.000	3.800	2.040
8	2	5.000	4.550	1.786
8	3	5.000	4.340	2.131
8	4	5.000	5.000	0.000
8	5	5.000	5.000	0.000
8	6	5.000	5.000	0.000
8	7	5.000	5.000	0.000
8	8	5.000	4.770	1.014
8	9	5.000	4.800	0.959
8	10	5.000	5.000	0.000
8	11	5.000	5.000	0.000
8	12	5.000	5.000	0.000
8	13	5.000	5.000	0.000
8	14	5.000	5.000	0.000
8	15	5.000	5.000	0.000
8	16	5.000	4.810	0.901
8	17	5.000	4.560	1.286
8	18	5.000	5.000	0.000
8	19	5.000	5.000	0.000
8	20	5.000	5.000	0.000
8	21	5.000	4.790	1.042
8	22	5.000	5.000	0.000
8	23	5.000	5.000	0.000
8	24	5.000	5.000	0.000
8	25	5.000	5.000	0.000
8	26	5.000	5.000	0.000
8	27	5.000	5.000	0.000
8	28	5.000	4.770	1.136
8	29	5.000	5.000	0.000
8	30	5.000	5.000	0.000
8	31	5.000	5.000	0.000
8	32	5.000	5.000	0.000
8	33	5.000	5.000	0.000
8	34	5.000	4.850	0.642
8	35	5.000	4.660	1.152
8	36	5.000	5.000	0.000
8	37	5.000	5.000	0.000
8	38	5.000	5.000	0.000
8	39	5.000	4.750	1.091
8	40	5.000	5.000	0.000
8	41	5.000	5.000	0.000
8	42	5.000	5.000	0.000
8	43	5.000	5.000	0.000
8	44	5.000	5.000	0.000
8	45	5.000	5.000	0.000
8	46	5.000	4.800	1.049
8	47	5.000	5.000	0.000
8	48	5.000	5.000	0.000
8	49	5.000	4.740	1.129
8	50	5.000	5.000	0.000
Executing FF Gene Output
8	B	5.0

9	1	4.954	3.800	2.065
9	2	5.000	4.170	2.292
9	3	5.000	4.590	1.571
9	4	5.000	5.000	0.000
9	5	5.000	5.000	0.000
9	6	5.000	4.680	1.620
9	7	5.000	5.000	0.000
9	8	5.000	5.000	0.000
9	9	5.000	5.000	0.000
9	10	5.000	5.000	0.000
9	11	5.000	5.000	0.000
9	12	5.000	5.000	0.000
9	13	5.000	5.000	0.000
9	14	5.000	5.000	0.000
9	15	5.000	5.000	0.000
9	16	5.000	4.850	1.123
9	17	5.000	4.850	1.123
9	18	5.000	4.800	1.303
9	19	5.000	5.000	0.000
9	20	5.000	5.000	0.000
9	21	5.000	5.000	0.000
9	22	5.000	4.870	1.041
9	23	5.000	4.730	1.486
9	24	5.000	4.810	1.269
9	25	5.000	5.000	0.000
9	26	5.000	5.000	0.000
9	27	5.000	5.000	0.000
9	28	5.000	5.000	0.000
9	29	5.000	4.810	1.261
9	30	5.000	5.000	0.000
9	31	5.000	4.820	1.246
9	32	5.000	5.000	0.000
9	33	5.000	5.000	0.000
9	34	5.000	5.000	0.000
9	35	5.000	5.000	0.000
9	36	5.000	5.000	0.000
9	37	5.000	4.740	1.036
9	38	5.000	5.000	0.000
9	39	5.000	4.860	0.899
9	40	5.000	4.830	0.905
9	41	5.000	5.000	0.000
9	42	5.000	4.800	0.916
9	43	5.000	5.000	0.000
9	44	5.000	4.820	0.783
9	45	5.000	5.000	0.000
9	46	5.000	5.000	0.000
9	47	5.000	4.810	0.831
9	48	5.000	4.800	0.948
9	49	5.000	5.000	0.000
9	50	5.000	4.830	0.842
Executing FF Gene Output
9	B	5.0

10	1	5.000	3.910	2.200
10	2	5.000	4.440	1.901
10	3	5.000	5.000	0.000
10	4	5.000	5.000	0.000
10	5	5.000	5.000	0.000
10	6	5.000	5.000	0.000
10	7	5.000	5.000	0.000
10	8	5.000	5.000	0.000
10	9	5.000	5.000	0.000
10	10	5.000	5.000	0.000
10	11	5.000	5.000	0.000
10	12	5.000	5.000	0.000
10	13	5.000	5.000	0.000
10	14	5.000	5.000	0.000
10	15	5.000	4.730	1.370
10	16	5.000	5.000	0.000
10	17	5.000	5.000	0.000
10	18	5.000	5.000	0.000
10	19	5.000	5.000	0.000
10	20	5.000	5.000	0.000
10	21	5.000	5.000	0.000
10	22	5.000	5.000	0.000
10	23	5.000	4.800	1.318
10	24	5.000	5.000	0.000
10	25	5.000	4.800	1.275
10	26	5.000	4.780	1.299
10	27	5.000	5.000	0.000
10	28	5.000	5.000	0.000
10	29	5.000	5.000	0.000
10	30	5.000	5.000	0.000
10	31	5.000	4.810	1.224
10	32	5.000	4.770	1.355
10	33	5.000	5.000	0.000
10	34	5.000	5.000	0.000
10	35	5.000	5.000	0.000
10	36	5.000	5.000	0.000
10	37	5.000	5.000	0.000
10	38	5.000	5.000	0.000
10	39	5.000	5.000	0.000
10	40	5.000	5.000	0.000
10	41	5.000	4.850	1.095
10	42	5.000	4.840	1.126
10	43	5.000	5.000	0.000
10	44	5.000	5.000	0.000
10	45	5.000	5.000	0.000
10	46	5.000	5.000	0.000
10	47	5.000	5.000	0.000
10	48	5.000	5.000	0.000
10	49	5.000	4.820	1.132
10	50	5.000	5.000	0.000
Executing FF Gene Output
10	B	5.0

11	1	4.960	3.750	2.066
11	2	5.000	4.120	2.324
11	3	5.000	5.000	0.000
11	4	5.000	5.000	0.000
11	5	5.000	5.000	0.000
11	6	5.000	5.000	0.000
11	7	5.000	5.000	0.000
11	8	5.000	5.000	0.000
11	9	5.000	5.000	0.000
11	10	5.000	5.000	0.000
11	11	5.000	5.000	0.000
11	12	5.000	5.000	0.000
11	13	5.000	5.000	0.000
11	14	5.000	4.840	1.161
11	15	5.000	5.000	0.000
11	16	5.000	5.000	0.000
11	17	5.000	5.000	0.000
11	18	5.000	5.000	0.000
11	19	5.000	5.000	0.000
11	20	5.000	5.000	0.000
11	21	5.000	5.000	0.000
11	22	5.000	4.990	0.142
11	23	5.000	4.980	0.333
11	24	5.000	5.000	0.000
11	25	5.000	5.000	0.000
11	26	5.000	5.000	0.000
11	27	5.000	5.000	0.000
11	28	5.000	5.000	0.000
11	29	5.000	5.000	0.000
11	30	5.000	4.990	0.142
11	31	5.000	5.000	0.000
11	32	5.000	5.000	0.000
11	33	5.000	5.000	0.000
11	34	5.000	5.000	0.000
11	35	5.000	4.990	0.142
11	36	5.000	4.990	0.142
11	37	5.000	4.970	0.361
11	38	5.000	4.990	0.142
11	39	5.000	5.000	0.000
11	40	5.000	5.000	0.000
11	41	5.000	5.000	0.000
11	42	5.000	5.000	0.000
11	43	5.000	5.000	0.000
11	44	5.000	5.000	0.000
11	45	5.000	5.000	0.000
11	46	5.000	5.000	0.000
11	47	5.000	5.000	0.000
11	48	5.000	5.000	0.000
11	49	5.000	5.000	0.000
11	50	5.000	5.000	0.000
Executing FF Gene Output
11	B	5.0

12	1	4.920	3.910	1.973
12	2	5.010	4.330	2.172
12	3	5.000	5.000	0.000
12	4	5.000	4.800	0.953
12	5	5.055	4.660	1.719
12	6	5.000	5.000	0.000
12	7	5.000	5.000	0.000
12	8	5.000	4.770	0.999
12	9	5.000	4.810	0.945
12	10	5.000	5.000	0.000
12	11	5.000	5.000	0.000
12	12	5.000	4.620	1.135
12	13	5.000	5.000	0.000
12	14	5.000	5.000	0.000
12	15	5.000	5.000	0.000
12	16	5.000	5.000	0.000
12	17	5.000	5.000	0.000
12	18	5.000	5.000	0.000
12	19	5.000	5.000	0.000
12	20	5.000	5.000	0.000
12	21	5.000	5.000	0.000
12	22	5.000	5.000	0.000
12	23	5.000	5.000	0.000
12	24	5.000	5.000	0.000
12	25	5.000	5.000	0.000
12	26	5.000	5.000	0.000
12	27	5.000	5.000	0.000
12	28	5.000	5.000	0.000
12	29	5.000	4.740	1.036
12	30	5.000	5.000	0.000
12	31	5.000	5.000	0.000
12	32	5.000	5.000	0.000
12	33	5.000	4.670	0.970
12	34	5.000	5.000	0.000
12	35	5.000	5.000	0.000
12	36	5.000	4.760	0.900
12	37	5.000	5.000	0.000
12	38	5.000	5.000	0.000
12	39	5.000	5.000	0.000
12	40	5.000	4.650	1.100
12	41	5.000	4.480	1.348
12	42	5.000	4.750	1.024
12	43	5.000	4.740	0.944
12	44	5.000	4.770	0.914
12	45	5.000	5.000	0.000
12	46	5.000	4.640	1.106
12	47	5.000	4.730	1.053
12	48	5.000	5.000	0.000
12	49	5.000	5.000	0.000
12	50	5.000	5.000	0.000
Executing FF Gene Output
12	B	5.055

13	1	4.896	3.760	1.960
13	2	5.000	4.320	2.115
13	3	5.000	4.870	0.825
13	4	5.000	5.000	0.000
13	5	5.000	4.780	1.006
13	6	5.000	5.000	0.000
13	7	5.000	5.000	0.000
13	8	5.000	5.000	0.000
13	9	5.000	5.000	0.000
13	10	5.000	5.000	0.000
13	11	5.000	5.000	0.000
13	12	5.000	5.000	0.000
13	13	5.000	4.790	0.941
13	14	5.000	5.000	0.000
13	15	5.000	5.000	0.000
13	16	5.000	5.000	0.000
13	17	5.000	5.000	0.000
13	18	5.000	5.000	0.000
13	19	5.000	5.000	0.000
13	20	5.000	5.000	0.000
13	21	5.000	4.760	1.079
13	22	5.000	4.790	1.038
13	23	5.000	5.000	0.000
13	24	5.000	5.000	0.000
13	25	5.000	4.660	1.161
13	26	5.000	4.790	1.258
13	27	5.000	5.000	0.000
13	28	5.000	5.000	0.000
13	29	5.000	4.840	0.728
13	30	5.000	5.000	0.000
13	31	5.000	4.800	1.263
13	32	5.000	5.000	0.000
13	33	5.000	5.000	0.000
13	34	5.000	4.860	1.083
13	35	5.000	5.000	0.000
13	36	5.000	5.000	0.000
13	37	5.000	4.850	1.077
13	38	5.000	5.000	0.000
13	39	5.000	5.000	0.000
13	40	5.000	4.800	0.932
13	41	5.000	5.000	0.000
13	42	5.000	5.000	0.000
13	43	5.000	5.000	0.000
13	44	5.000	5.000	0.000
13	45	5.000	5.000	0.000
13	46	5.000	5.000	0.000
13	47	5.000	4.800	0.959
13	48	5.000	5.000	0.000
13	49	5.000	5.000	0.000
13	50	5.000	5.000	0.000
Executing FF Gene Output
13	B	5.0

14	1	5.000	3.940	1.999
14	2	5.000	4.370	2.168
14	3	5.000	4.770	1.402
14	4	5.000	5.000	0.000
14	5	5.000	5.000	0.000
14	6	5.000	5.000	0.000
14	7	5.000	5.000	0.000
14	8	5.000	5.000	0.000
14	9	5.000	5.000	0.000
14	10	5.000	5.000	0.000
14	11	5.000	5.000	0.000
14	12	5.000	4.750	1.459
14	13	5.000	4.660	1.628
14	14	5.000	4.630	1.689
14	15	5.000	5.000	0.000
14	16	5.000	5.000	0.000
14	17	5.000	5.000	0.000
14	18	5.000	5.000	0.000
14	19	5.000	5.000	0.000
14	20	5.000	5.000	0.000
14	21	5.000	5.000	0.000
14	22	5.000	5.000	0.000
14	23	5.000	5.000	0.000
14	24	5.000	5.000	0.000
14	25	5.000	4.800	1.303
14	26	5.000	5.000	0.000
14	27	5.000	4.670	1.640
14	28	5.000	4.820	1.230
14	29	5.000	5.000	0.000
14	30	5.000	4.830	1.173
14	31	5.000	5.000	0.000
14	32	5.000	5.000	0.000
14	33	5.000	5.000	0.000
14	34	5.000	5.000	0.000
14	35	5.000	5.000	0.000
14	36	5.000	5.000	0.000
14	37	5.000	5.000	0.000
14	38	5.459	4.810	1.312
14	39	5.543	4.140	2.523
14	40	4.622	3.850	1.381
14	41	4.757	3.990	1.432
14	42	5.063	4.190	2.415
14	43	5.000	5.000	0.000
14	44	5.000	4.820	1.246
14	45	5.000	5.000	0.000
14	46	5.000	5.000	0.000
14	47	5.000	5.000	0.000
14	48	5.000	5.000	0.000
14	49	5.000	4.820	1.250
14	50	5.000	5.000	0.000
Executing FF Gene Output
14	B	5.542999999999999

15	1	4.867	3.700	1.864
15	2	5.000	4.340	2.097
15	3	5.045	4.660	1.680
15	4	5.000	4.020	2.445
15	5	5.000	4.670	1.627
15	6	5.000	5.000	0.000
15	7	5.000	5.000	0.000
15	8	5.369	4.790	1.377
15	9	5.400	3.950	2.528
15	10	5.000	3.720	2.334
15	11	5.369	4.570	1.929
15	12	5.000	3.700	2.216
15	13	5.000	4.320	2.287
15	14	5.055	4.620	1.780
15	15	5.000	3.850	2.544
15	16	5.000	5.000	0.000
15	17	5.000	5.000	0.000
15	18	5.000	5.000	0.000
15	19	5.400	4.840	1.212
15	20	5.000	3.900	2.640
15	21	5.284	4.570	1.898
15	22	5.000	3.930	2.581
15	23	5.000	4.810	1.191
15	24	5.000	4.710	1.597
15	25	5.000	5.000	0.000
15	26	5.000	5.000	0.000
15	27	5.000	5.000	0.000
15	28	5.000	5.000	0.000
15	29	5.000	5.000	0.000
15	30	5.000	5.000	0.000
15	31	5.000	5.000	0.000
15	32	5.400	4.710	1.613
15	33	4.960	3.780	2.321
15	34	5.400	4.330	2.272
15	35	4.880	3.640	2.193
15	36	5.400	4.350	2.328
15	37	4.850	3.570	1.963
15	38	5.000	3.860	2.084
15	39	5.160	3.900	2.406
15	40	4.500	3.150	0.941
15	41	5.000	3.880	2.095
15	42	5.400	4.020	2.586
15	43	5.250	3.690	2.048
15	44	5.000	3.910	2.118
15	45	4.972	3.700	2.010
15	46	5.143	3.980	2.183
15	47	5.270	4.010	2.385
15	48	5.064	4.010	2.074
15	49	4.640	4.000	1.371
15	50	5.144	4.040	2.410
Executing FF Gene Output
15	B	5.400000000000002

16	1	4.894	3.850	1.728
16	2	5.000	4.140	2.359
16	3	5.000	5.000	0.000
16	4	5.000	5.000	0.000
16	5	5.000	4.730	1.086
16	6	5.000	5.000	0.000
16	7	5.000	5.000	0.000
16	8	5.000	5.000	0.000
16	9	5.000	5.000	0.000
16	10	5.000	4.620	1.057
16	11	5.000	5.000	0.000
16	12	5.000	5.000	0.000
16	13	5.000	5.000	0.000
16	14	5.000	5.000	0.000
16	15	5.000	4.610	1.286
16	16	5.000	5.000	0.000
16	17	5.000	5.000	0.000
16	18	5.000	5.000	0.000
16	19	5.000	5.000	0.000
16	20	5.000	5.000	0.000
16	21	5.000	5.000	0.000
16	22	5.000	4.760	0.883
16	23	5.000	5.000	0.000
16	24	5.000	5.000	0.000
16	25	5.000	4.740	0.906
16	26	5.000	5.000	0.000
16	27	5.000	5.000	0.000
16	28	5.000	4.700	1.015
16	29	5.000	4.800	0.853
16	30	5.000	4.690	1.051
16	31	5.000	5.000	0.000
16	32	5.000	5.000	0.000
16	33	5.000	5.000	0.000
16	34	5.000	5.000	0.000
16	35	5.000	5.000	0.000
16	36	5.000	5.000	0.000
16	37	5.000	5.000	0.000
16	38	5.000	5.000	0.000
16	39	5.000	4.720	1.016
16	40	5.000	5.000	0.000
16	41	5.000	5.000	0.000
16	42	5.000	4.600	1.172
16	43	5.000	4.720	1.011
16	44	5.000	5.000	0.000
16	45	5.000	4.790	1.237
16	46	5.000	5.000	0.000
16	47	5.000	5.000	0.000
16	48	5.000	5.000	0.000
16	49	5.000	5.000	0.000
16	50	5.000	4.790	1.301
Executing FF Gene Output
16	B	5.0

17	1	4.965	3.740	1.876
17	2	5.000	3.980	2.311
17	3	5.000	4.540	1.614
17	4	5.000	4.940	0.583
17	5	5.000	5.000	0.000
17	6	5.018	4.980	0.333
17	7	5.018	4.990	0.100
17	8	5.000	5.000	0.000
17	9	5.000	5.000	0.000
17	10	5.000	5.000	0.000
17	11	5.000	5.000	0.000
17	12	5.000	5.000	0.000
17	13	5.000	5.000	0.000
17	14	5.000	5.000	0.000
17	15	5.000	5.000	0.000
17	16	5.000	5.000	0.000
17	17	5.000	5.000	0.000
17	18	5.000	5.000	0.000
17	19	5.000	5.000	0.000
17	20	5.000	5.000	0.000
17	21	5.000	4.750	1.004
17	22	5.000	5.000	0.000
17	23	5.000	5.000	0.000
17	24	5.000	5.000	0.000
17	25	5.000	5.000	0.000
17	26	5.000	5.000	0.000
17	27	5.000	5.000	0.000
17	28	5.000	4.770	1.062
17	29	5.000	5.000	0.000
17	30	5.000	5.000	0.000
17	31	5.000	4.840	0.801
17	32	5.000	5.000	0.000
17	33	5.000	5.000	0.000
17	34	5.000	5.000	0.000
17	35	5.000	4.880	0.998
17	36	5.000	5.000	0.000
17	37	5.000	4.840	1.161
17	38	5.000	4.780	1.368
17	39	5.000	5.000	0.000
17	40	5.000	5.000	0.000
17	41	5.000	5.000	0.000
17	42	5.000	5.000	0.000
17	43	5.000	5.000	0.000
17	44	5.000	4.760	1.429
17	45	5.000	4.760	1.429
17	46	5.000	4.640	1.709
17	47	5.000	5.000	0.000
17	48	5.000	5.000	0.000
17	49	5.000	5.000	0.000
17	50	5.000	5.000	0.000
Executing FF Gene Output
17	B	5.018

18	1	4.976	3.800	2.042
18	2	5.000	4.430	2.009
18	3	5.000	4.660	1.622
18	4	5.000	4.850	1.145
18	5	5.000	5.000	0.000
18	6	5.000	4.740	1.515
18	7	5.000	5.000	0.000
18	8	5.000	5.000	0.000
18	9	5.000	5.000	0.000
18	10	5.000	5.000	0.000
18	11	5.000	5.000	0.000
18	12	5.000	4.780	1.397
18	13	5.000	4.760	1.457
18	14	5.000	4.830	1.231
18	15	5.000	4.800	1.333
18	16	5.000	5.000	0.000
18	17	5.000	5.000	0.000
18	18	5.000	4.800	1.333
18	19	5.000	5.000	0.000
18	20	5.000	5.000	0.000
18	21	5.000	5.000	0.000
18	22	5.000	5.000	0.000
18	23	5.000	5.000	0.000
18	24	5.000	5.000	0.000
18	25	5.000	5.000	0.000
18	26	5.000	5.000	0.000
18	27	5.000	4.790	1.358
18	28	5.000	5.000	0.000
18	29	5.000	5.000	0.000
18	30	5.000	5.000	0.000
18	31	5.000	5.000	0.000
18	32	5.000	5.000	0.000
18	33	5.000	5.000	0.000
18	34	5.000	5.000	0.000
18	35	5.000	5.000	0.000
18	36	5.000	5.000	0.000
18	37	5.000	5.000	0.000
18	38	5.000	5.000	0.000
18	39	5.000	5.000	0.000
18	40	5.000	5.000	0.000
18	41	5.000	4.830	1.207
18	42	5.000	4.780	1.111
18	43	5.194	4.860	1.119
18	44	5.198	4.200	2.404
18	45	5.017	3.830	2.446
18	46	5.182	3.960	2.316
18	47	5.455	4.060	2.361
18	48	5.454	4.270	2.373
18	49	5.454	4.730	1.874
18	50	5.455	4.790	2.007
Executing FF Gene Output
18	B	5.455

19	1	4.900	3.690	1.947
19	2	5.000	4.310	2.078
19	3	5.000	4.310	2.182
19	4	5.000	4.650	1.666
19	5	5.000	4.820	1.230
19	6	5.000	5.000	0.000
19	7	5.000	5.000	0.000
19	8	5.000	5.000	0.000
19	9	5.000	5.000	0.000
19	10	5.000	4.750	1.459
19	11	5.000	4.720	1.518
19	12	5.000	5.000	0.000
19	13	5.000	5.000	0.000
19	14	5.000	5.000	0.000
19	15	5.000	5.000	0.000
19	16	5.000	5.000	0.000
19	17	5.000	5.000	0.000
19	18	5.000	5.000	0.000
19	19	5.006	4.810	1.293
19	20	5.000	4.060	2.570
19	21	5.000	4.650	1.717
19	22	5.000	5.000	0.000
19	23	5.000	5.000	0.000
19	24	5.000	5.000	0.000
19	25	5.000	5.000	0.000
19	26	5.000	5.000	0.000
19	27	5.000	5.000	0.000
19	28	5.000	5.000	0.000
19	29	5.015	4.840	1.178
19	30	5.000	4.030	2.488
19	31	5.000	4.210	2.291
19	32	5.000	4.610	1.752
19	33	5.000	5.000	0.000
19	34	5.000	5.000	0.000
19	35	5.000	5.000	0.000
19	36	5.000	5.000	0.000
19	37	5.000	4.840	0.950
19	38	5.000	5.000	0.000
19	39	5.000	5.000	0.000
19	40	5.000	5.000	0.000
19	41	5.000	4.800	1.124
19	42	5.000	4.810	1.089
19	43	5.000	5.000	0.000
19	44	5.000	5.000	0.000
19	45	5.000	4.630	1.147
19	46	5.000	4.780	0.938
19	47	5.000	4.710	1.166
19	48	5.000	5.000	0.000
19	49	5.000	5.000	0.000
19	50	5.000	5.000	0.000
Executing FF Gene Output
19	B	5.014999999999999

20	1	5.000	3.790	2.032
20	2	5.000	4.510	1.888
20	3	5.000	4.650	1.648
20	4	5.000	5.000	0.000
20	5	5.000	5.000	0.000
20	6	5.000	4.670	1.078
20	7	5.000	5.000	0.000
20	8	5.000	5.000	0.000
20	9	5.000	4.880	0.742
20	10	5.000	4.790	0.998
20	11	5.000	5.000	0.000
20	12	5.000	5.000	0.000
20	13	5.000	5.000	0.000
20	14	5.000	5.000	0.000
20	15	5.000	5.000	0.000
20	16	5.000	5.000	0.000
20	17	5.000	5.000	0.000
20	18	5.000	5.000	0.000
20	19	5.000	5.000	0.000
20	20	5.000	5.000	0.000
20	21	5.000	5.000	0.000
20	22	5.000	4.770	0.857
20	23	5.000	5.000	0.000
20	24	5.000	4.820	0.909
20	25	5.000	5.000	0.000
20	26	5.000	5.000	0.000
20	27	5.000	5.000	0.000
20	28	5.000	4.790	1.013
20	29	5.000	5.000	0.000
20	30	5.000	5.000	0.000
20	31	5.000	5.000	0.000
20	32	5.000	5.000	0.000
20	33	5.000	5.000	0.000
20	34	5.000	5.000	0.000
20	35	5.000	5.000	0.000
20	36	5.000	5.000	0.000
20	37	5.000	5.000	0.000
20	38	5.000	5.000	0.000
20	39	5.000	5.000	0.000
20	40	5.000	5.000	0.000
20	41	5.000	4.770	1.395
20	42	5.000	5.000	0.000
20	43	5.000	5.000	0.000
20	44	5.000	4.800	1.279
20	45	5.000	5.000	0.000
20	46	5.000	5.000	0.000
20	47	5.000	5.000	0.000
20	48	5.000	5.000	0.000
20	49	5.000	5.000	0.000
20	50	5.000	4.840	0.807
Executing FF Gene Output
20	B	5.0

21	1	5.000	3.800	2.010
21	2	5.000	4.520	1.801
21	3	5.000	5.000	0.000
21	4	5.000	4.850	1.114
21	5	5.000	5.000	0.000
21	6	5.000	5.000	0.000
21	7	5.000	5.000	0.000
21	8	5.000	5.000	0.000
21	9	5.000	5.000	0.000
21	10	5.000	5.000	0.000
21	11	5.000	5.000	0.000
21	12	5.000	5.000	0.000
21	13	5.000	4.790	1.365
21	14	5.000	4.900	0.943
21	15	5.000	5.000	0.000
21	16	5.000	5.000	0.000
21	17	5.000	5.000	0.000
21	18	5.000	5.000	0.000
21	19	5.000	5.000	0.000
21	20	5.000	5.000	0.000
21	21	5.000	5.000	0.000
21	22	5.001	4.840	1.195
21	23	5.010	4.020	2.605
21	24	5.000	4.020	2.435
21	25	5.034	4.020	2.511
21	26	4.976	4.000	2.490
21	27	5.000	4.640	1.761
21	28	5.000	4.850	1.140
21	29	5.000	4.740	1.461
21	30	5.000	5.000	0.000
21	31	5.000	5.000	0.000
21	32	5.000	5.000	0.000
21	33	5.000	5.000	0.000
21	34	5.000	5.000	0.000
21	35	5.000	5.000	0.000
21	36	5.000	5.000	0.000
21	37	5.000	5.000	0.000
21	38	5.000	5.000	0.000
21	39	5.000	5.000	0.000
21	40	5.000	4.840	1.174
21	41	5.000	5.000	0.000
21	42	5.000	5.000	0.000
21	43	5.000	5.000	0.000
21	44	5.000	5.000	0.000
21	45	5.000	5.000	0.000
21	46	5.000	5.000	0.000
21	47	5.000	5.000	0.000
21	48	5.000	5.000	0.000
21	49	5.000	5.000	0.000
21	50	5.000	5.000	0.000
Executing FF Gene Output
21	B	5.034000000000001

22	1	4.949	3.790	1.945
22	2	5.000	4.230	2.238
22	3	5.000	4.770	1.370
22	4	5.000	5.000	0.000
22	5	5.000	5.000	0.000
22	6	5.000	5.000	0.000
22	7	5.000	5.000	0.000
22	8	5.000	5.000	0.000
22	9	5.000	5.000	0.000
22	10	5.000	5.000	0.000
22	11	5.000	4.710	0.951
22	12	5.000	5.000	0.000
22	13	5.000	5.000	0.000
22	14	5.000	5.000	0.000
22	15	5.000	5.000	0.000
22	16	5.000	5.000	0.000
22	17	5.000	5.000	0.000
22	18	5.000	5.000	0.000
22	19	5.000	5.000	0.000
22	20	5.000	4.670	1.059
22	21	5.000	4.710	0.988
22	22	5.000	5.000	0.000
22	23	5.000	4.720	0.960
22	24	5.000	4.780	0.811
22	25	5.000	5.000	0.000
22	26	5.000	5.000	0.000
22	27	5.000	5.000	0.000
22	28	5.000	4.690	1.051
22	29	5.000	4.650	1.077
22	30	5.000	5.000	0.000
22	31	5.000	5.000	0.000
22	32	5.000	5.000	0.000
22	33	5.000	5.000	0.000
22	34	5.000	5.000	0.000
22	35	5.000	5.000	0.000
22	36	5.000	4.770	1.298
22	37	5.000	5.000	0.000
22	38	5.000	5.000	0.000
22	39	5.000	4.770	1.377
22	40	5.000	4.840	1.121
22	41	5.000	4.780	1.379
22	42	5.000	4.870	1.046
22	43	5.000	4.880	1.003
22	44	5.000	5.000	0.000
22	45	5.000	5.000	0.000
22	46	5.000	5.000	0.000
22	47	5.000	5.000	0.000
22	48	5.000	5.000	0.000
22	49	5.000	4.820	1.175
22	50	5.000	5.000	0.000
Executing FF Gene Output
22	B	5.0

23	1	4.938	3.710	1.986
23	2	5.000	4.480	1.962
23	3	5.000	4.830	1.101
23	4	5.000	4.770	1.019
23	5	5.000	4.530	1.566
23	6	5.000	5.000	0.000
23	7	5.000	5.000	0.000
23	8	5.000	5.000	0.000
23	9	5.000	5.000	0.000
23	10	5.000	4.760	1.426
23	11	5.000	4.640	1.723
23	12	5.000	5.000	0.000
23	13	5.000	5.000	0.000
23	14	5.000	5.000	0.000
23	15	5.000	5.000	0.000
23	16	5.000	5.000	0.000
23	17	5.000	4.760	1.429
23	18	5.000	4.840	1.161
23	19	5.000	5.000	0.000
23	20	5.000	5.000	0.000
23	21	5.000	5.000	0.000
23	22	5.000	5.000	0.000
23	23	5.000	5.000	0.000
23	24	5.000	5.000	0.000
23	25	5.000	5.000	0.000
23	26	5.000	5.000	0.000
23	27	5.000	5.000	0.000
23	28	5.000	5.000	0.000
23	29	5.000	5.000	0.000
23	30	5.000	4.840	1.161
23	31	5.000	4.790	1.336
23	32	5.000	5.000	0.000
23	33	5.000	4.770	1.104
23	34	5.000	5.000	0.000
23	35	5.000	5.000	0.000
23	36	5.000	4.780	1.045
23	37	5.000	5.000	0.000
23	38	5.000	4.750	1.081
23	39	5.000	4.790	0.967
23	40	5.000	4.840	0.825
23	41	5.000	5.000	0.000
23	42	5.000	4.840	0.794
23	43	5.000	5.000	0.000
23	44	5.000	5.000	0.000
23	45	5.000	4.670	1.160
23	46	5.000	5.000	0.000
23	47	5.000	5.000	0.000
23	48	5.000	5.000	0.000
23	49	5.000	5.000	0.000
23	50	5.000	5.000	0.000
Executing FF Gene Output
23	B	5.0

24	1	4.950	3.910	1.975
24	2	5.000	4.340	2.246
24	3	5.000	4.780	1.364
24	4	5.000	5.000	0.000
24	5	5.000	5.000	0.000
24	6	5.000	5.000	0.000
24	7	5.000	5.000	0.000
24	8	5.000	5.000	0.000
24	9	5.000	5.000	0.000
24	10	5.000	4.830	1.211
24	11	5.000	4.820	0.920
24	12	5.000	5.000	0.000
24	13	5.000	5.000	0.000
24	14	5.000	5.000	0.000
24	15	5.000	5.000	0.000
24	16	5.000	5.000	0.000
24	17	5.000	5.000	0.000
24	18	5.000	4.910	0.830
24	19	5.000	5.000	0.000
24	20	5.000	4.650	1.725
24	21	5.000	4.820	1.250
24	22	5.000	5.000	0.000
24	23	5.000	5.000	0.000
24	24	5.000	4.840	1.117
24	25	5.000	4.830	1.215
24	26	5.000	4.820	1.250
24	27	5.000	4.800	0.974
24	28	5.000	4.840	1.085
24	29	5.000	5.000	0.000
24	30	5.000	5.000	0.000
24	31	5.000	4.790	1.354
24	32	5.000	5.000	0.000
24	33	5.000	5.000	0.000
24	34	5.000	5.000	0.000
24	35	5.000	5.000	0.000
24	36	5.000	5.000	0.000
24	37	5.000	4.820	1.254
24	38	5.000	5.000	0.000
24	39	5.000	4.760	1.447
24	40	5.000	4.770	1.417
24	41	5.000	4.660	1.707
24	42	5.000	4.840	1.183
24	43	5.000	4.780	1.386
24	44	5.000	5.000	0.000
24	45	5.000	4.780	1.386
24	46	5.000	5.000	0.000
24	47	5.000	4.840	1.183
24	48	5.000	5.000	0.000
24	49	5.000	4.840	1.183
24	50	5.000	4.800	1.326
Executing FF Gene Output
24	B	5.0

25	1	4.952	3.780	2.109
25	2	5.000	4.680	1.510
25	3	5.000	4.780	1.151
25	4	5.000	5.000	0.000
25	5	5.000	5.000	0.000
25	6	5.000	5.000	0.000
25	7	5.000	5.000	0.000
25	8	5.000	5.000	0.000
25	9	5.000	4.790	1.332
25	10	5.000	5.000	0.000
25	11	5.000	5.000	0.000
25	12	5.000	4.660	1.662
25	13	5.000	5.000	0.000
25	14	5.000	5.000	0.000
25	15	5.000	5.000	0.000
25	16	5.000	5.000	0.000
25	17	5.000	4.830	1.198
25	18	5.000	5.000	0.000
25	19	5.000	5.000	0.000
25	20	5.000	5.000	0.000
25	21	5.000	5.000	0.000
25	22	5.000	5.000	0.000
25	23	5.000	5.000	0.000
25	24	5.000	4.810	1.269
25	25	5.000	5.000	0.000
25	26	5.000	5.000	0.000
25	27	5.000	5.000	0.000
25	28	5.000	5.000	0.000
25	29	5.000	5.000	0.000
25	30	5.000	5.000	0.000
25	31	5.000	5.000	0.000
25	32	5.000	5.000	0.000
25	33	5.000	5.000	0.000
25	34	5.000	5.000	0.000
25	35	5.000	4.860	1.083
25	36	5.000	5.000	0.000
25	37	5.000	5.000	0.000
25	38	5.000	5.000	0.000
25	39	5.000	5.000	0.000
25	40	5.000	5.000	0.000
25	41	5.000	5.000	0.000
25	42	5.000	5.000	0.000
25	43	5.000	4.840	0.831
25	44	5.000	5.000	0.000
25	45	5.000	5.000	0.000
25	46	5.000	5.000	0.000
25	47	5.000	5.000	0.000
25	48	5.000	5.000	0.000
25	49	5.000	5.000	0.000
25	50	5.000	4.790	1.317
Executing FF Gene Output
25	B	5.0

26	1	4.982	3.860	2.065
26	2	5.000	4.480	1.941
26	3	5.000	4.600	1.738
26	4	5.000	5.000	0.000
26	5	5.000	5.000	0.000
26	6	5.000	5.000	0.000
26	7	5.000	5.000	0.000
26	8	5.000	5.000	0.000
26	9	5.000	4.780	1.368
26	10	5.000	5.000	0.000
26	11	5.000	5.000	0.000
26	12	5.000	5.000	0.000
26	13	5.000	5.000	0.000
26	14	5.000	5.000	0.000
26	15	5.000	5.000	0.000
26	16	5.000	4.820	0.931
26	17	5.000	4.840	0.873
26	18	5.000	4.840	0.913
26	19	5.000	4.800	1.054
26	20	5.000	5.000	0.000
26	21	5.000	5.000	0.000
26	22	5.000	4.750	1.127
26	23	5.000	4.830	0.975
26	24	5.000	5.000	0.000
26	25	5.000	5.000	0.000
26	26	5.000	5.000	0.000
26	27	5.000	4.860	0.847
26	28	5.000	5.000	0.000
26	29	5.000	5.000	0.000
26	30	5.000	5.000	0.000
26	31	5.000	5.000	0.000
26	32	5.000	5.000	0.000
26	33	5.000	5.000	0.000
26	34	5.000	4.820	0.947
26	35	5.000	5.000	0.000
26	36	5.000	5.000	0.000
26	37	5.000	5.000	0.000
26	38	5.000	5.000	0.000
26	39	5.000	5.000	0.000
26	40	5.000	5.000	0.000
26	41	5.000	5.000	0.000
26	42	5.000	4.750	1.205
26	43	5.000	4.660	1.327
26	44	5.000	5.000	0.000
26	45	5.000	4.760	1.138
26	46	5.000	4.630	1.538
26	47	5.000	4.820	0.952
26	48	5.000	5.000	0.000
26	49	5.000	5.000	0.000
26	50	5.000	5.000	0.000
Executing FF Gene Output
26	B	5.0

27	1	4.952	3.750	2.024
27	2	5.000	4.820	1.048
27	3	5.000	5.000	0.000
27	4	5.000	5.000	0.000
27	5	5.000	5.000	0.000
27	6	5.000	5.000	0.000
27	7	5.000	5.000	0.000
27	8	5.000	5.000	0.000
27	9	5.000	5.000	0.000
27	10	5.000	5.000	0.000
27	11	5.000	5.000	0.000
27	12	5.000	4.750	1.452
27	13	5.000	5.000	0.000
27	14	5.000	5.000	0.000
27	15	5.000	5.000	0.000
27	16	5.000	5.000	0.000
27	17	5.000	4.810	1.273
27	18	5.000	4.780	1.364
27	19	5.000	5.000	0.000
27	20	5.000	5.000	0.000
27	21	5.000	5.000	0.000
27	22	5.000	5.000	0.000
27	23	5.000	4.750	1.445
27	24	5.000	4.690	1.552
27	25	5.000	5.000	0.000
27	26	5.000	4.810	1.285
27	27	5.000	5.000	0.000
27	28	5.000	4.860	1.097
27	29	5.000	5.000	0.000
27	30	5.000	4.800	1.310
27	31	5.000	5.000	0.000
27	32	5.000	5.000	0.000
27	33	5.000	5.000	0.000
27	34	5.000	4.620	1.765
27	35	5.000	4.700	1.560
27	36	5.000	4.830	1.190
27	37	5.000	4.750	1.462
27	38	5.000	5.000	0.000
27	39	5.000	5.000	0.000
27	40	5.000	5.000	0.000
27	41	5.000	5.000	0.000
27	42	5.000	5.000	0.000
27	43	5.000	5.000	0.000
27	44	5.000	5.000	0.000
27	45	5.000	5.000	0.000
27	46	5.000	5.000	0.000
27	47	5.000	5.000	0.000
27	48	5.000	4.710	1.200
27	49	5.000	5.000	0.000
27	50	5.000	4.790	1.237
Executing FF Gene Output
27	B	5.0

28	1	5.000	3.900	1.964
28	2	5.000	4.180	2.188
28	3	5.012	4.290	2.093
28	4	5.012	4.780	1.349
28	5	5.000	5.000	0.000
28	6	5.000	5.000	0.000
28	7	5.000	5.000	0.000
28	8	5.000	4.770	0.983
28	9	5.000	5.000	0.000
28	10	5.000	5.000	0.000
28	11	5.000	5.000	0.000
28	12	5.000	5.000	0.000
28	13	5.000	5.000	0.000
28	14	5.000	5.000	0.000
28	15	5.000	5.000	0.000
28	16	5.000	5.000	0.000
28	17	5.000	5.000	0.000
28	18	5.000	5.000	0.000
28	19	5.000	5.000	0.000
28	20	5.000	5.000	0.000
28	21	5.000	5.000	0.000
28	22	5.000	5.000	0.000
28	23	5.000	4.810	0.934
28	24	5.000	4.810	1.037
28	25	5.000	5.000	0.000
28	26	5.000	5.000	0.000
28	27	5.000	5.000	0.000
28	28	5.000	5.000	0.000
28	29	5.000	5.000	0.000
28	30	5.000	5.000	0.000
28	31	5.000	4.770	1.081
28	32	5.000	5.000	0.000
28	33	5.000	4.830	1.059
28	34	5.000	4.790	1.094
28	35	5.000	5.000	0.000
28	36	5.000	5.000	0.000
28	37	5.000	5.000	0.000
28	38	5.000	4.810	1.296
28	39	5.000	4.730	1.510
28	40	5.000	4.800	1.330
28	41	5.000	4.830	1.227
28	42	5.000	5.000	0.000
28	43	5.000	5.000	0.000
28	44	5.000	4.820	1.230
28	45	5.000	4.860	1.115
28	46	5.000	5.000	0.000
28	47	5.000	5.000	0.000
28	48	5.000	5.000	0.000
28	49	5.000	5.000	0.000
28	50	5.000	4.790	1.047
Executing FF Gene Output
28	B	5.0120000000000005

29	1	5.000	3.980	2.052
29	2	5.000	4.540	1.811
29	3	5.000	4.850	0.857
29	4	5.000	5.000	0.000
29	5	5.000	5.000	0.000
29	6	5.000	5.000	0.000
29	7	5.000	4.840	1.108
29	8	5.000	5.000	0.000
29	9	5.000	4.820	1.222
29	10	5.000	5.000	0.000
29	11	5.000	5.000	0.000
29	12	5.000	5.000	0.000
29	13	5.000	5.000	0.000
29	14	5.000	4.760	1.360
29	15	5.000	5.000	0.000
29	16	5.000	5.000	0.000
29	17	5.000	5.000	0.000
29	18	5.000	5.000	0.000
29	19	5.000	5.000	0.000
29	20	5.000	5.000	0.000
29	21	5.000	5.000	0.000
29	22	5.000	5.000	0.000
29	23	5.000	4.800	1.005
29	24	5.000	5.000	0.000
29	25	5.000	5.000	0.000
29	26	5.000	5.000	0.000
29	27	5.000	5.000	0.000
29	28	5.000	5.000	0.000
29	29	5.000	5.000	0.000
29	30	5.000	5.000	0.000
29	31	5.000	4.620	1.157
29	32	5.000	5.000	0.000
29	33	5.000	4.370	1.447
29	34	5.000	5.000	0.000
29	35	5.000	5.000	0.000
29	36	5.000	5.000	0.000
29	37	5.000	4.670	1.194
29	38	5.000	5.000	0.000
29	39	5.000	5.000	0.000
29	40	5.000	4.760	0.854
29	41	5.000	4.820	1.114
29	42	5.000	4.790	1.221
29	43	5.000	5.000	0.000
29	44	5.000	5.000	0.000
29	45	5.000	5.000	0.000
29	46	5.000	5.000	0.000
29	47	5.000	4.750	1.355
29	48	5.000	4.860	1.035
29	49	5.000	5.000	0.000
29	50	5.000	4.810	1.174
Executing FF Gene Output
29	B	5.0

30	1	4.950	3.830	1.801
30	2	5.000	4.200	2.387
30	3	5.000	4.490	2.042
30	4	5.000	5.000	0.000
30	5	5.000	4.700	1.544
30	6	5.000	4.630	1.709
30	7	5.000	4.820	1.158
30	8	5.000	5.000	0.000
30	9	5.000	5.000	0.000
30	10	5.000	4.840	1.157
30	11	5.000	4.790	1.354
30	12	5.000	5.000	0.000
30	13	5.000	4.800	1.247
30	14	5.000	5.000	0.000
30	15	5.000	5.000	0.000
30	16	5.000	5.000	0.000
30	17	5.000	5.000	0.000
30	18	5.000	5.000	0.000
30	19	5.000	5.000	0.000
30	20	5.000	4.700	1.040
30	21	5.000	5.000	0.000
30	22	5.000	5.000	0.000
30	23	5.000	4.760	0.933
30	24	5.000	4.700	1.059
30	25	5.000	5.000	0.000
30	26	5.000	5.000	0.000
30	27	5.000	5.000	0.000
30	28	5.000	5.000	0.000
30	29	5.000	5.000	0.000
30	30	5.000	4.830	1.202
30	31	5.000	5.000	0.000
30	32	5.000	4.780	1.345
30	33	5.000	4.740	1.478
30	34	5.000	5.000	0.000
30	35	5.000	5.000	0.000
30	36	5.000	5.000	0.000
30	37	5.000	5.000	0.000
30	38	5.000	5.000	0.000
30	39	5.000	5.000	0.000
30	40	5.000	4.780	1.368
30	41	5.000	4.470	2.062
30	42	5.000	5.000	0.000
30	43	5.000	5.000	0.000
30	44	5.000	5.000	0.000
30	45	5.000	5.000	0.000
30	46	5.000	5.000	0.000
30	47	5.000	5.000	0.000
30	48	5.000	5.000	0.000
30	49	5.000	5.000	0.000
30	50	5.000	4.800	1.326
Executing FF Gene Output
30	B	5.0

31	1	5.000	3.800	2.165
31	2	5.000	4.350	2.162
31	3	5.000	4.590	1.812
31	4	5.000	5.000	0.000
31	5	5.000	5.000	0.000
31	6	5.000	5.000	0.000
31	7	5.000	5.000	0.000
31	8	5.000	5.000	0.000
31	9	5.000	5.000	0.000
31	10	5.000	5.000	0.000
31	11	5.000	5.000	0.000
31	12	5.000	5.000	0.000
31	13	5.000	5.000	0.000
31	14	5.000	5.000	0.000
31	15	5.000	4.830	1.219
31	16	5.000	4.780	1.386
31	17	5.000	5.000	0.000
31	18	5.000	4.840	1.183
31	19	5.000	5.000	0.000
31	20	5.000	5.000	0.000
31	21	5.000	5.000	0.000
31	22	5.000	5.000	0.000
31	23	5.000	5.000	0.000
31	24	5.000	5.000	0.000
31	25	5.000	4.780	1.036
31	26	5.000	5.000	0.000
31	27	5.000	5.000	0.000
31	28	5.000	5.000	0.000
31	29	5.000	4.780	0.954
31	30	5.000	5.000	0.000
31	31	5.000	5.000	0.000
31	32	5.000	5.000	0.000
31	33	5.000	4.560	1.438
31	34	5.000	5.000	0.000
31	35	5.000	5.000	0.000
31	36	5.000	5.000	0.000
31	37	5.000	5.000	0.000
31	38	5.000	5.000	0.000
31	39	5.000	5.000	0.000
31	40	5.000	5.000	0.000
31	41	5.000	5.000	0.000
31	42	5.000	5.000	0.000
31	43	5.000	4.800	1.155
31	44	5.000	5.000	0.000
31	45	5.000	4.570	1.594
31	46	5.000	5.000	0.000
31	47	5.000	5.000	0.000
31	48	5.000	5.000	0.000
31	49	5.000	5.000	0.000
31	50	5.000	5.000	0.000
Executing FF Gene Output
31	B	5.0

32	1	4.946	3.810	2.078
32	2	5.000	4.530	1.781
32	3	5.000	4.790	1.328
32	4	5.000	4.820	1.234
32	5	5.000	5.000	0.000
32	6	5.000	5.000	0.000
32	7	5.000	5.000	0.000
32	8	5.000	5.000	0.000
32	9	5.000	5.000	0.000
32	10	5.000	5.000	0.000
32	11	5.000	5.000	0.000
32	12	5.000	5.000	0.000
32	13	5.000	5.000	0.000
32	14	5.000	5.000	0.000
32	15	5.000	5.000	0.000
32	16	5.000	5.000	0.000
32	17	5.000	4.820	1.234
32	18	5.000	5.000	0.000
32	19	5.000	5.000	0.000
32	20	5.000	5.000	0.000
32	21	5.000	5.000	0.000
32	22	5.000	4.800	1.303
32	23	5.000	4.880	0.998
32	24	5.000	5.000	0.000
32	25	5.000	5.000	0.000
32	26	5.000	5.000	0.000
32	27	5.000	5.000	0.000
32	28	5.000	5.000	0.000
32	29	5.000	4.720	1.511
32	30	5.000	4.780	1.368
32	31	5.000	4.820	1.234
32	32	5.000	5.000	0.000
32	33	5.000	5.000	0.000
32	34	5.000	5.000	0.000
32	35	5.000	5.000	0.000
32	36	5.000	5.000	0.000
32	37	5.000	5.000	0.000
32	38	5.000	5.000	0.000
32	39	5.000	5.000	0.000
32	40	5.000	5.000	0.000
32	41	5.000	4.760	1.429
32	42	5.000	5.000	0.000
32	43	5.000	4.890	0.952
32	44	5.000	5.000	0.000
32	45	5.000	5.000	0.000
32	46	5.000	5.000	0.000
32	47	5.000	5.000	0.000
32	48	5.000	5.000	0.000
32	49	5.000	5.000	0.000
32	50	5.000	4.880	0.998
Executing FF Gene Output
32	B	5.0

33	1	4.743	3.600	1.856
33	2	5.083	4.130	2.196
33	3	5.000	4.610	1.473
33	4	5.000	5.000	0.000
33	5	5.000	5.000	0.000
33	6	5.000	5.000	0.000
33	7	5.000	5.000	0.000
33	8	5.000	5.000	0.000
33	9	5.000	5.000	0.000
33	10	5.000	5.000	0.000
33	11	5.000	4.800	1.142
33	12	5.000	5.000	0.000
33	13	5.000	5.000	0.000
33	14	5.000	5.000	0.000
33	15	5.000	5.000	0.000
33	16	5.000	5.000	0.000
33	17	5.000	5.000	0.000
33	18	5.000	5.000	0.000
33	19	5.000	5.000	0.000
33	20	5.000	4.860	0.938
33	21	5.000	4.810	1.094
33	22	5.000	4.800	1.155
33	23	5.000	5.000	0.000
33	24	5.000	4.750	1.209
33	25	5.000	5.000	0.000
33	26	5.000	4.890	0.821
33	27	5.000	4.760	1.220
33	28	5.000	4.830	1.040
33	29	5.000	5.000	0.000
33	30	5.000	5.000	0.000
33	31	5.000	4.740	1.512
33	32	5.000	5.000	0.000
33	33	5.000	5.000	0.000
33	34	5.000	5.000	0.000
33	35	5.000	5.000	0.000
33	36	5.000	5.000	0.000
33	37	5.000	5.000	0.000
33	38	5.000	5.000	0.000
33	39	5.000	5.000	0.000
33	40	5.000	5.000	0.000
33	41	5.000	5.000	0.000
33	42	5.000	5.000	0.000
33	43	5.000	5.000	0.000
33	44	5.000	5.000	0.000
33	45	5.000	5.000	0.000
33	46	5.188	4.840	1.191
33	47	5.188	4.160	2.405
33	48	5.188	4.020	2.449
33	49	5.081	3.820	1.610
33	50	5.117	3.880	1.765
Executing FF Gene Output
33	B	5.188

34	1	5.000	3.820	2.034
34	2	5.000	4.150	2.260
34	3	5.000	4.860	1.005
34	4	5.191	4.800	1.299
34	5	5.384	4.030	2.588
34	6	5.232	3.900	2.236
34	7	5.000	3.990	2.111
34	8	5.000	4.190	2.336
34	9	5.000	5.000	0.000
34	10	5.000	5.000	0.000
34	11	5.000	5.000	0.000
34	12	5.000	5.000	0.000
34	13	5.000	4.820	1.234
34	14	5.000	5.000	0.000
34	15	5.000	5.000	0.000
34	16	5.000	5.000	0.000
34	17	5.000	4.820	1.205
34	18	5.000	4.800	1.303
34	19	5.000	4.670	1.652
34	20	5.000	4.800	1.303
34	21	5.000	5.000	0.000
34	22	5.000	5.000	0.000
34	23	5.000	4.540	1.928
34	24	5.000	4.860	1.078
34	25	5.000	4.670	1.643
34	26	5.000	5.000	0.000
34	27	5.000	5.000	0.000
34	28	5.000	4.690	1.625
34	29	5.000	4.780	1.368
34	30	5.000	5.000	0.000
34	31	5.000	5.000	0.000
34	32	5.000	5.000	0.000
34	33	5.000	5.000	0.000
34	34	5.000	5.000	0.000
34	35	5.000	5.000	0.000
34	36	5.000	4.780	1.368
34	37	5.000	5.000	0.000
34	38	5.000	5.000	0.000
34	39	5.000	5.000	0.000
34	40	5.000	5.000	0.000
34	41	5.000	5.000	0.000
34	42	5.000	4.770	1.201
34	43	5.000	5.000	0.000
34	44	5.000	5.000	0.000
34	45	5.000	5.000	0.000
34	46	5.000	4.810	1.125
34	47	5.000	5.000	0.000
34	48	5.000	4.700	1.385
34	49	5.000	5.000	0.000
34	50	5.000	4.640	1.223
Executing FF Gene Output
34	B	5.384000000000002

35	1	4.978	3.830	2.099
35	2	5.000	4.510	1.912
35	3	5.000	4.840	1.143
35	4	5.000	5.000	0.000
35	5	5.000	5.000	0.000
35	6	5.000	5.000	0.000
35	7	5.000	4.810	1.277
35	8	5.000	5.000	0.000
35	9	5.000	5.000	0.000
35	10	5.000	5.000	0.000
35	11	5.000	5.000	0.000
35	12	5.000	5.000	0.000
35	13	5.000	4.850	1.123
35	14	5.000	5.000	0.000
35	15	5.000	5.000	0.000
35	16	5.000	5.000	0.000
35	17	5.000	5.000	0.000
35	18	5.000	5.000	0.000
35	19	5.000	5.000	0.000
35	20	5.000	5.000	0.000
35	21	5.000	4.850	1.123
35	22	5.000	5.000	0.000
35	23	5.000	4.810	1.012
35	24	5.000	5.000	0.000
35	25	5.000	5.000	0.000
35	26	5.000	5.000	0.000
35	27	5.000	4.830	1.198
35	28	5.000	5.000	0.000
35	29	5.000	5.000	0.000
35	30	5.000	5.000	0.000
35	31	5.000	5.000	0.000
35	32	5.000	4.790	1.336
35	33	5.000	4.780	1.368
35	34	5.000	5.000	0.000
35	35	5.000	5.000	0.000
35	36	5.000	5.000	0.000
35	37	5.000	5.000	0.000
35	38	5.000	5.000	0.000
35	39	5.000	4.750	1.438
35	40	5.000	4.660	1.668
35	41	5.000	5.000	0.000
35	42	5.000	4.750	1.459
35	43	5.000	5.000	0.000
35	44	5.000	5.000	0.000
35	45	5.000	5.000	0.000
35	46	5.000	5.000	0.000
35	47	5.000	5.000	0.000
35	48	5.000	5.000	0.000
35	49	5.000	5.000	0.000
35	50	5.000	5.000	0.000
Executing FF Gene Output
35	B	5.0

36	1	4.948	3.780	2.048
36	2	5.000	4.530	1.582
36	3	5.000	5.000	0.000
36	4	5.000	5.000	0.000
36	5	5.000	5.000	0.000
36	6	5.000	5.000	0.000
36	7	5.000	5.000	0.000
36	8	5.000	5.000	0.000
36	9	5.000	5.000	0.000
36	10	5.000	4.650	1.274
36	11	5.000	4.810	0.855
36	12	5.000	4.760	0.991
36	13	5.000	5.000	0.000
36	14	5.000	5.000	0.000
36	15	5.000	5.000	0.000
36	16	5.000	4.770	0.936
36	17	5.000	4.870	0.774
36	18	5.000	5.000	0.000
36	19	5.000	5.000	0.000
36	20	5.000	4.600	1.435
36	21	5.000	5.000	0.000
36	22	5.000	5.000	0.000
36	23	5.000	4.850	0.821
36	24	5.000	4.820	0.863
36	25	5.000	4.530	1.344
36	26	5.000	4.710	1.042
36	27	5.000	4.770	1.024
36	28	5.000	4.870	0.727
36	29	5.000	4.800	1.010
36	30	5.000	5.000	0.000
36	31	5.000	4.810	0.907
36	32	5.000	5.000	0.000
36	33	5.000	5.000	0.000
36	34	5.000	5.000	0.000
36	35	5.000	5.000	0.000
36	36	5.000	5.000	0.000
36	37	5.000	4.810	1.002
36	38	5.000	5.000	0.000
36	39	5.000	5.000	0.000
36	40	5.000	5.000	0.000
36	41	5.000	5.000	0.000
36	42	5.000	5.000	0.000
36	43	5.000	5.000	0.000
36	44	5.000	5.000	0.000
36	45	5.000	4.770	0.957
36	46	5.000	4.760	1.065
36	47	5.000	4.720	1.164
36	48	5.000	5.000	0.000
36	49	5.000	4.800	0.876
36	50	5.000	5.000	0.000
Executing FF Gene Output
36	B	5.0

37	1	4.911	3.800	2.008
37	2	5.000	4.790	1.285
37	3	5.000	4.810	1.257
37	4	5.000	5.000	0.000
37	5	5.000	5.000	0.000
37	6	5.000	4.650	1.684
37	7	5.000	4.850	1.086
37	8	5.000	4.750	1.431
37	9	5.000	4.870	1.041
37	10	5.000	4.670	1.652
37	11	5.000	5.000	0.000
37	12	5.000	5.000	0.000
37	13	5.000	4.850	1.123
37	14	5.000	4.510	1.969
37	15	5.000	5.000	0.000
37	16	5.000	5.000	0.000
37	17	5.000	5.000	0.000
37	18	5.000	5.000	0.000
37	19	5.000	5.000	0.000
37	20	5.000	5.000	0.000
37	21	5.000	5.000	0.000
37	22	5.000	4.680	1.598
37	23	5.000	4.520	1.972
37	24	5.000	5.000	0.000
37	25	5.000	5.000	0.000
37	26	5.000	5.000	0.000
37	27	5.000	5.000	0.000
37	28	5.000	5.000	0.000
37	29	5.000	5.000	0.000
37	30	5.000	4.840	1.161
37	31	5.000	4.800	1.303
37	32	5.000	4.780	1.368
37	33	5.000	4.800	1.303
37	34	5.000	5.000	0.000
37	35	5.000	4.820	1.234
37	36	5.000	5.000	0.000
37	37	5.000	4.770	1.399
37	38	5.000	5.000	0.000
37	39	5.000	5.000	0.000
37	40	5.000	5.000	0.000
37	41	5.000	5.000	0.000
37	42	5.000	5.000	0.000
37	43	5.000	5.000	0.000
37	44	5.000	5.000	0.000
37	45	5.000	4.800	1.303
37	46	5.000	5.000	0.000
37	47	5.000	5.000	0.000
37	48	5.000	5.000	0.000
37	49	5.000	4.760	1.411
37	50	5.000	5.000	0.000
Executing FF Gene Output
37	B	5.0

38	1	4.941	3.830	2.015
38	2	5.000	4.150	2.127
38	3	5.024	4.850	1.062
38	4	5.000	4.800	1.307
38	5	5.000	4.810	1.261
38	6	5.000	4.790	1.066
38	7	5.000	5.000	0.000
38	8	5.000	5.000	0.000
38	9	5.000	5.000	0.000
38	10	5.000	4.810	1.273
38	11	5.000	5.000	0.000
38	12	5.000	5.000	0.000
38	13	5.000	4.880	1.033
38	14	5.000	4.710	1.588
38	15	5.000	4.820	1.246
38	16	5.000	5.000	0.000
38	17	5.000	5.000	0.000
38	18	5.000	5.000	0.000
38	19	5.000	5.000	0.000
38	20	5.000	4.800	1.318
38	21	5.000	5.000	0.000
38	22	5.000	5.000	0.000
38	23	5.000	4.760	1.443
38	24	5.000	4.830	1.223
38	25	5.000	5.000	0.000
38	26	5.000	4.790	1.343
38	27	5.000	5.000	0.000
38	28	5.000	5.000	0.000
38	29	5.000	4.860	1.097
38	30	5.000	5.000	0.000
38	31	5.000	5.000	0.000
38	32	5.000	5.000	0.000
38	33	5.000	4.610	1.789
38	34	5.000	5.000	0.000
38	35	5.000	4.850	1.118
38	36	5.000	4.880	0.998
38	37	5.000	5.000	0.000
38	38	5.000	5.000	0.000
38	39	5.000	4.770	1.399
38	40	5.000	5.000	0.000
38	41	5.000	5.000	0.000
38	42	5.000	4.850	1.123
38	43	5.000	5.000	0.000
38	44	5.000	5.000	0.000
38	45	5.000	5.000	0.000
38	46	5.000	5.000	0.000
38	47	5.000	5.000	0.000
38	48	5.000	5.000	0.000
38	49	5.000	5.000	0.000
38	50	5.000	5.000	0.000
Executing FF Gene Output
38	B	5.024

39	1	4.914	3.690	1.924
39	2	5.000	4.210	2.222
39	3	5.000	4.920	0.831
39	4	5.000	5.000	0.000
39	5	5.000	5.000	0.000
39	6	5.000	5.000	0.000
39	7	5.000	5.000	0.000
39	8	5.000	5.000	0.000
39	9	5.000	5.000	0.000
39	10	5.000	5.000	0.000
39	11	5.000	5.000	0.000
39	12	5.000	4.860	1.083
39	13	5.000	5.000	0.000
39	14	5.000	5.000	0.000
39	15	5.000	5.000	0.000
39	16	5.000	5.000	0.000
39	17	5.000	5.000	0.000
39	18	5.000	5.000	0.000
39	19	5.000	5.000	0.000
39	20	5.000	5.000	0.000
39	21	5.000	4.840	1.161
39	22	5.000	5.000	0.000
39	23	5.000	5.000	0.000
39	24	5.000	4.800	1.303
39	25	5.000	5.000	0.000
39	26	5.000	5.000	0.000
39	27	5.000	5.000	0.000
39	28	5.000	5.000	0.000
39	29	5.000	5.000	0.000
39	30	5.000	5.000	0.000
39	31	5.000	4.820	1.234
39	32	5.000	4.580	1.862
39	33	5.000	4.800	1.267
39	34	5.000	5.000	0.000
39	35	5.000	4.850	1.118
39	36	5.000	4.820	1.222
39	37	5.000	5.000	0.000
39	38	5.000	5.000	0.000
39	39	5.000	5.000	0.000
39	40	5.000	5.000	0.000
39	41	5.000	5.000	0.000
39	42	5.000	4.770	1.392
39	43	5.000	5.000	0.000
39	44	5.000	5.000	0.000
39	45	5.000	5.000	0.000
39	46	5.000	5.000	0.000
39	47	5.000	5.000	0.000
39	48	5.000	5.000	0.000
39	49	5.000	5.000	0.000
39	50	5.000	5.000	0.000
Executing FF Gene Output
39	B	5.0

40	1	4.960	3.790	2.071
40	2	5.000	4.260	2.248
40	3	5.000	4.600	1.778
40	4	5.000	4.790	1.336
40	5	5.000	5.000	0.000
40	6	5.000	5.000	0.000
40	7	5.000	5.000	0.000
40	8	5.000	4.750	1.459
40	9	5.000	4.780	1.360
40	10	5.000	5.000	0.000
40	11	5.000	5.000	0.000
40	12	5.000	5.000	0.000
40	13	5.000	4.790	1.336
40	14	5.000	5.000	0.000
40	15	5.000	5.000	0.000
40	16	5.000	5.000	0.000
40	17	5.000	5.000	0.000
40	18	5.000	4.690	1.597
40	19	5.000	4.810	1.273
40	20	5.000	5.000	0.000
40	21	5.000	4.840	1.165
40	22	5.000	4.710	1.569
40	23	5.000	4.850	1.123
40	24	5.000	5.000	0.000
40	25	5.000	5.000	0.000
40	26	5.000	4.840	1.085
40	27	5.000	5.000	0.000
40	28	5.000	5.000	0.000
40	29	5.000	5.000	0.000
40	30	5.000	4.660	1.578
40	31	5.000	4.830	1.124
40	32	5.000	5.000	0.000
40	33	5.000	5.000	0.000
40	34	5.000	4.780	1.284
40	35	5.000	5.000	0.000
40	36	5.000	5.000	0.000
40	37	5.000	5.000	0.000
40	38	5.000	4.850	1.043
40	39	5.000	5.000	0.000
40	40	5.000	5.000	0.000
40	41	5.000	5.000	0.000
40	42	5.000	5.000	0.000
40	43	5.000	5.000	0.000
40	44	5.000	5.000	0.000
40	45	5.000	4.600	1.694
40	46	5.000	4.790	1.270
40	47	5.000	4.760	1.360
40	48	5.000	5.000	0.000
40	49	5.000	4.700	1.537
40	50	5.000	5.000	0.000
Executing FF Gene Output
40	B	5.0

41	1	4.930	3.740	1.960
41	2	5.000	4.410	1.988
41	3	5.000	5.000	0.000
41	4	5.000	5.000	0.000
41	5	5.000	5.000	0.000
41	6	5.000	5.000	0.000
41	7	5.000	4.750	1.258
41	8	5.000	5.000	0.000
41	9	5.000	5.000	0.000
41	10	5.000	5.000	0.000
41	11	5.000	5.000	0.000
41	12	5.000	5.000	0.000
41	13	5.000	4.780	1.031
41	14	5.000	5.000	0.000
41	15	5.000	5.000	0.000
41	16	5.000	5.000	0.000
41	17	5.000	5.000	0.000
41	18	5.000	5.000	0.000
41	19	5.000	5.000	0.000
41	20	5.000	5.000	0.000
41	21	5.000	5.000	0.000
41	22	5.000	5.000	0.000
41	23	5.341	4.770	1.438
41	24	5.400	4.110	2.574
41	25	5.211	4.010	1.997
41	26	5.370	4.110	1.803
41	27	5.373	4.760	1.753
41	28	5.499	4.570	1.884
41	29	5.373	4.590	1.826
41	30	5.436	4.360	1.954
41	31	5.234	3.920	1.365
41	32	5.337	3.510	2.202
41	33	5.379	4.420	2.003
41	34	5.337	3.970	1.789
41	35	5.433	3.990	2.079
41	36	5.493	4.290	2.009
41	37	5.379	3.870	1.881
41	38	5.114	3.990	1.941
41	39	5.495	4.380	2.112
41	40	5.426	4.430	2.061
41	41	5.352	4.170	2.077
41	42	5.279	4.260	1.910
41	43	5.367	4.260	1.818
41	44	5.288	4.180	1.714
41	45	5.329	4.540	1.663
41	46	5.392	4.610	1.734
41	47	5.426	4.750	1.651
41	48	5.488	4.750	1.890
41	49	5.488	4.540	2.030
41	50	5.492	4.510	1.837
Executing FF Gene Output
41	B	5.4990000000000006

42	1	4.933	3.740	1.926
42	2	5.000	4.240	2.284
42	3	5.000	5.000	0.000
42	4	5.000	5.000	0.000
42	5	5.000	5.000	0.000
42	6	5.000	5.000	0.000
42	7	5.000	5.000	0.000
42	8	5.000	5.000	0.000
42	9	5.000	5.000	0.000
42	10	5.000	5.000	0.000
42	11	5.000	4.750	1.459
42	12	5.000	5.000	0.000
42	13	5.000	5.000	0.000
42	14	5.000	5.000	0.000
42	15	5.000	5.000	0.000
42	16	5.000	4.800	1.303
42	17	5.000	5.000	0.000
42	18	5.000	5.000	0.000
42	19	5.000	5.000	0.000
42	20	5.000	5.000	0.000
42	21	5.000	5.000	0.000
42	22	5.000	4.800	1.303
42	23	5.000	4.650	1.675
42	24	5.000	4.710	1.523
42	25	5.000	5.000	0.000
42	26	5.000	5.000	0.000
42	27	5.000	4.770	1.399
42	28	5.000	4.830	1.198
42	29	5.000	5.000	0.000
42	30	5.000	5.000	0.000
42	31	5.000	5.000	0.000
42	32	5.000	5.000	0.000
42	33	5.000	4.770	1.399
42	34	5.000	5.000	0.000
42	35	5.000	5.000	0.000
42	36	5.000	5.000	0.000
42	37	5.000	4.540	1.893
42	38	5.000	4.640	1.706
42	39	5.000	5.000	0.000
42	40	5.000	5.000	0.000
42	41	5.000	5.000	0.000
42	42	5.000	5.000	0.000
42	43	5.000	4.850	1.123
42	44	5.000	4.740	1.488
42	45	5.000	5.000	0.000
42	46	5.000	5.000	0.000
42	47	5.000	4.750	1.459
42	48	5.000	4.830	1.198
42	49	5.000	5.000	0.000
42	50	5.000	5.000	0.000
Executing FF Gene Output
42	B	5.0

43	1	4.876	3.740	1.998
43	2	5.000	4.100	2.318
43	3	5.000	4.660	1.492
43	4	5.000	5.000	0.000
43	5	5.000	5.000	0.000
43	6	5.000	5.000	0.000
43	7	5.000	5.000	0.000
43	8	5.000	5.000	0.000
43	9	5.360	4.770	1.438
43	10	5.400	4.110	2.630
43	11	5.000	3.970	2.256
43	12	4.764	3.930	2.078
43	13	4.887	3.960	2.069
43	14	5.080	3.970	2.151
43	15	5.249	3.980	2.193
43	16	5.337	3.900	2.113
43	17	4.600	3.830	2.062
43	18	5.083	3.960	2.174
43	19	5.171	3.900	2.091
43	20	5.476	4.270	1.909
43	21	5.491	4.540	1.814
43	22	5.452	4.170	2.123
43	23	5.119	3.950	1.872
43	24	5.084	3.730	1.841
43	25	4.879	3.810	1.911
43	26	4.656	3.900	1.872
43	27	4.684	4.000	2.040
43	28	4.650	3.970	2.037
43	29	4.624	3.990	1.951
43	30	4.724	3.990	2.042
43	31	5.000	4.340	2.039
43	32	5.000	5.000	0.000
43	33	5.000	5.000	0.000
43	34	5.000	5.000	0.000
43	35	5.000	5.000	0.000
43	36	5.000	4.880	0.924
43	37	5.000	5.000	0.000
43	38	5.000	5.000	0.000
43	39	5.000	5.000	0.000
43	40	5.000	4.840	1.022
43	41	5.145	4.820	1.238
43	42	5.044	4.640	1.738
43	43	5.000	5.000	0.000
43	44	5.000	5.000	0.000
43	45	5.000	5.000	0.000
43	46	5.000	4.820	1.218
43	47	5.000	5.000	0.000
43	48	5.000	5.000	0.000
43	49	5.000	5.000	0.000
43	50	5.000	5.000	0.000
Executing FF Gene Output
43	B	5.491

44	1	4.972	3.700	1.997
44	2	5.000	4.220	2.325
44	3	5.000	4.580	1.612
44	4	5.000	4.180	2.262
44	5	5.000	4.340	1.958
44	6	5.000	4.630	1.677
44	7	5.000	4.790	1.289
44	8	5.000	5.000	0.000
44	9	5.000	5.000	0.000
44	10	5.000	5.000	0.000
44	11	5.000	5.000	0.000
44	12	5.000	5.000	0.000
44	13	5.000	5.000	0.000
44	14	5.000	4.750	1.009
44	15	5.000	4.670	1.151
44	16	5.000	5.000	0.000
44	17	5.000	4.670	1.133
44	18	5.000	5.000	0.000
44	19	5.000	5.000	0.000
44	20	5.000	5.000	0.000
44	21	5.000	4.770	0.908
44	22	5.000	5.000	0.000
44	23	5.000	5.000	0.000
44	24	5.000	5.000	0.000
44	25	5.000	4.610	1.175
44	26	5.000	5.000	0.000
44	27	5.000	5.000	0.000
44	28	5.000	5.000	0.000
44	29	5.000	5.000	0.000
44	30	5.000	5.000	0.000
44	31	5.000	4.720	0.900
44	32	5.000	4.780	0.944
44	33	5.000	4.690	1.075
44	34	5.000	5.000	0.000
44	35	5.000	5.000	0.000
44	36	5.000	5.000	0.000
44	37	5.000	5.000	0.000
44	38	5.000	4.730	0.903
44	39	5.000	5.000	0.000
44	40	5.000	5.000	0.000
44	41	5.000	5.000	0.000
44	42	5.000	5.000	0.000
44	43	5.000	5.000	0.000
44	44	5.000	4.570	1.409
44	45	5.000	4.660	1.195
44	46	5.000	5.000	0.000
44	47	5.000	5.000	0.000
44	48	5.000	5.000	0.000
44	49	5.000	5.000	0.000
44	50	5.000	5.000	0.000
Executing FF Gene Output
44	B	5.0

45	1	4.986	3.820	2.004
45	2	5.000	4.270	2.238
45	3	5.000	5.000	0.000
45	4	5.000	4.480	1.467
45	5	5.000	5.000	0.000
45	6	5.000	4.680	0.999
45	7	5.000	5.000	0.000
45	8	5.000	5.000	0.000
45	9	5.000	4.690	1.051
45	10	5.000	5.000	0.000
45	11	5.000	5.000	0.000
45	12	5.000	5.000	0.000
45	13	5.000	5.000	0.000
45	14	5.000	4.820	0.730
45	15	5.000	5.000	0.000
45	16	5.000	5.000	0.000
45	17	5.000	5.000	0.000
45	18	5.000	5.000	0.000
45	19	5.000	5.000	0.000
45	20	5.000	5.000	0.000
45	21	5.000	5.000	0.000
45	22	5.000	4.790	1.339
45	23	5.000	4.570	1.297
45	24	5.000	4.570	1.559
45	25	5.000	4.340	1.441
45	26	5.000	5.000	0.000
45	27	5.000	4.720	0.960
45	28	5.000	4.790	0.908
45	29	5.000	5.000	0.000
45	30	5.000	4.680	1.072
45	31	5.000	4.710	1.066
45	32	5.000	5.000	0.000
45	33	5.000	4.780	0.911
45	34	5.000	5.000	0.000
45	35	5.000	5.000	0.000
45	36	5.000	5.000	0.000
45	37	5.000	5.000	0.000
45	38	5.000	5.000	0.000
45	39	5.000	5.000	0.000
45	40	5.000	5.000	0.000
45	41	5.000	4.760	0.900
45	42	5.000	4.730	0.925
45	43	5.000	5.000	0.000
45	44	5.000	4.600	1.185
45	45	5.000	4.740	0.939
45	46	5.000	5.000	0.000
45	47	5.000	5.000	0.000
45	48	5.000	5.000	0.000
45	49	5.000	5.000	0.000
45	50	5.000	5.000	0.000
Executing FF Gene Output
45	B	5.0

46	1	4.958	3.730	2.095
46	2	5.000	4.340	2.109
46	3	5.000	4.660	1.594
46	4	5.000	5.000	0.000
46	5	5.000	5.000	0.000
46	6	5.000	5.000	0.000
46	7	5.000	5.000	0.000
46	8	5.000	5.000	0.000
46	9	5.000	5.000	0.000
46	10	5.000	5.000	0.000
46	11	5.000	5.000	0.000
46	12	5.000	5.000	0.000
46	13	5.000	4.780	1.371
46	14	5.000	4.850	1.132
46	15	5.000	5.000	0.000
46	16	5.000	5.000	0.000
46	17	5.000	4.780	1.341
46	18	5.000	5.000	0.000
46	19	5.000	5.000	0.000
46	20	5.000	4.770	1.373
46	21	5.000	5.000	0.000
46	22	5.000	5.000	0.000
46	23	5.000	5.000	0.000
46	24	5.000	5.000	0.000
46	25	5.000	4.620	1.728
46	26	5.000	5.000	0.000
46	27	5.000	5.000	0.000
46	28	5.000	4.800	1.214
46	29	5.000	5.000	0.000
46	30	5.000	5.000	0.000
46	31	5.000	5.000	0.000
46	32	5.000	5.000	0.000
46	33	5.000	5.000	0.000
46	34	5.000	5.000	0.000
46	35	5.000	5.000	0.000
46	36	5.000	5.000	0.000
46	37	5.000	4.810	1.296
46	38	5.000	5.000	0.000
46	39	5.000	5.000	0.000
46	40	5.000	5.000	0.000
46	41	5.000	5.000	0.000
46	42	5.000	5.000	0.000
46	43	5.000	5.000	0.000
46	44	5.000	5.000	0.000
46	45	5.000	5.000	0.000
46	46	5.000	5.000	0.000
46	47	5.000	5.000	0.000
46	48	5.000	5.000	0.000
46	49	5.000	5.000	0.000
46	50	5.000	5.000	0.000
Executing FF Gene Output
46	B	5.0

47	1	5.000	3.690	1.945
47	2	5.000	4.160	2.302
47	3	5.000	4.610	1.660
47	4	5.000	4.660	1.698
47	5	5.000	4.780	1.368
47	6	5.000	5.000	0.000
47	7	5.000	5.000	0.000
47	8	5.000	4.810	1.269
47	9	5.000	5.000	0.000
47	10	5.000	4.840	1.121
47	11	5.000	4.800	1.291
47	12	5.000	4.640	1.726
47	13	5.000	5.000	0.000
47	14	5.000	5.000	0.000
47	15	5.000	4.770	1.399
47	16	5.000	4.790	1.336
47	17	5.000	5.000	0.000
47	18	5.000	5.000	0.000
47	19	5.000	4.810	1.269
47	20	5.000	4.820	1.234
47	21	5.000	5.000	0.000
47	22	5.000	5.000	0.000
47	23	5.000	5.000	0.000
47	24	5.000	4.810	1.241
47	25	5.000	5.000	0.000
47	26	5.000	5.000	0.000
47	27	5.000	5.000	0.000
47	28	5.000	5.000	0.000
47	29	5.000	5.000	0.000
47	30	5.000	5.000	0.000
47	31	5.000	5.000	0.000
47	32	5.000	5.000	0.000
47	33	5.000	5.000	0.000
47	34	5.000	5.000	0.000
47	35	5.000	5.000	0.000
47	36	5.000	5.000	0.000
47	37	5.000	5.000	0.000
47	38	5.000	5.000	0.000
47	39	5.000	5.000	0.000
47	40	5.000	4.840	1.161
47	41	5.000	4.790	1.336
47	42	5.000	4.810	1.269
47	43	5.000	4.770	1.399
47	44	5.000	4.850	1.123
47	45	5.000	4.860	1.045
47	46	5.000	4.820	1.234
47	47	5.000	5.000	0.000
47	48	5.000	5.000	0.000
47	49	5.000	5.000	0.000
47	50	5.000	5.000	0.000
Executing FF Gene Output
47	B	5.0

48	1	5.000	3.890	2.164
48	2	5.000	4.390	2.098
48	3	5.000	4.770	1.351
48	4	5.000	5.000	0.000
48	5	5.000	4.630	1.482
48	6	5.000	5.000	0.000
48	7	5.000	4.810	1.022
48	8	5.000	4.800	0.990
48	9	5.000	4.870	0.734
48	10	5.000	5.000	0.000
48	11	5.000	5.000	0.000
48	12	5.000	5.000	0.000
48	13	5.000	5.000	0.000
48	14	5.000	5.000	0.000
48	15	5.000	5.000	0.000
48	16	5.000	4.640	1.414
48	17	5.000	4.800	0.804
48	18	5.000	4.770	1.258
48	19	5.000	4.640	1.463
48	20	5.000	5.000	0.000
48	21	5.000	5.000	0.000
48	22	5.000	5.000	0.000
48	23	5.000	4.810	1.037
48	24	5.000	5.000	0.000
48	25	5.000	5.000	0.000
48	26	5.000	5.000	0.000
48	27	5.000	4.860	0.954
48	28	5.000	5.000	0.000
48	29	5.000	4.810	1.182
48	30	5.000	5.000	0.000
48	31	5.000	5.000	0.000
48	32	5.000	5.000	0.000
48	33	5.000	5.000	0.000
48	34	5.000	4.860	0.990
48	35	5.000	4.820	1.123
48	36	5.000	5.000	0.000
48	37	5.000	5.000	0.000
48	38	5.000	5.000	0.000
48	39	5.000	5.000	0.000
48	40	5.000	5.000	0.000
48	41	5.000	4.780	1.303
48	42	5.000	4.750	1.336
48	43	5.000	4.610	1.632
48	44	5.000	4.780	1.296
48	45	5.000	5.000	0.000
48	46	5.000	5.000	0.000
48	47	5.000	5.000	0.000
48	48	5.000	5.000	0.000
48	49	5.000	4.820	1.238
48	50	5.000	5.000	0.000
Executing FF Gene Output
48	B	5.0

49	1	4.754	3.680	1.861
49	2	5.000	4.180	2.278
49	3	5.000	4.790	1.313
49	4	5.000	5.000	0.000
49	5	5.000	5.000	0.000
49	6	5.000	5.000	0.000
49	7	5.000	5.000	0.000
49	8	5.000	4.750	1.452
49	9	5.000	5.000	0.000
49	10	5.000	5.000	0.000
49	11	5.000	5.000	0.000
49	12	5.000	5.000	0.000
49	13	5.000	5.000	0.000
49	14	5.000	5.000	0.000
49	15	5.000	5.000	0.000
49	16	5.000	5.000	0.000
49	17	5.000	5.000	0.000
49	18	5.000	5.000	0.000
49	19	5.000	5.000	0.000
49	20	5.000	5.000	0.000
49	21	5.000	4.630	1.718
49	22	5.000	4.750	1.410
49	23	5.000	5.000	0.000
49	24	5.000	4.850	1.123
49	25	5.000	4.850	1.123
49	26	5.000	5.000	0.000
49	27	5.000	5.000	0.000
49	28	5.000	5.000	0.000
49	29	5.000	5.000	0.000
49	30	5.000	5.000	0.000
49	31	5.000	5.000	0.000
49	32	5.000	5.000	0.000
49	33	5.000	5.000	0.000
49	34	5.000	5.000	0.000
49	35	5.000	5.000	0.000
49	36	5.000	5.000	0.000
49	37	5.000	4.810	1.265
49	38	5.000	5.000	0.000
49	39	5.000	4.760	1.411
49	40	5.000	4.840	1.126
49	41	5.000	5.000	0.000
49	42	5.000	5.000	0.000
49	43	5.000	4.770	0.973
49	44	5.000	5.000	0.000
49	45	5.000	5.000	0.000
49	46	5.000	5.000	0.000
49	47	5.000	5.000	0.000
49	48	5.000	5.000	0.000
49	49	5.000	5.000	0.000
49	50	5.000	5.000	0.000
Executing FF Gene Output
49	B	5.0

50	1	5.000	3.880	2.016
50	2	5.000	4.400	2.040
50	3	5.000	4.690	1.224
50	4	5.000	4.650	1.201
50	5	5.000	4.540	1.442
50	6	5.000	4.670	1.248
50	7	5.000	5.000	0.000
50	8	5.000	5.000	0.000
50	9	5.000	5.000	0.000
50	10	5.000	5.000	0.000
50	11	5.000	5.000	0.000
50	12	5.000	5.000	0.000
50	13	5.000	5.000	0.000
50	14	5.000	5.000	0.000
50	15	5.000	5.000	0.000
50	16	5.000	5.000	0.000
50	17	5.000	5.000	0.000
50	18	5.000	5.000	0.000
50	19	5.000	5.000	0.000
50	20	5.000	4.790	1.332
50	21	5.000	4.810	1.261
50	22	5.000	5.000	0.000
50	23	5.000	5.000	0.000
50	24	5.000	5.000	0.000
50	25	5.000	5.000	0.000
50	26	5.000	5.000	0.000
50	27	5.000	5.000	0.000
50	28	5.000	5.000	0.000
50	29	5.000	5.000	0.000
50	30	5.000	5.000	0.000
50	31	5.000	5.000	0.000
50	32	5.000	4.840	1.174
50	33	5.000	5.000	0.000
50	34	5.000	4.750	1.462
50	35	5.000	4.800	1.318
50	36	5.000	5.000	0.000
50	37	5.000	5.000	0.000
50	38	5.000	5.000	0.000
50	39	5.000	5.000	0.000
50	40	5.000	5.000	0.000
50	41	5.000	5.000	0.000
50	42	5.000	5.000	0.000
50	43	5.000	5.000	0.000
50	44	5.000	5.000	0.000
50	45	5.000	5.000	0.000
50	46	5.000	5.000	0.000
50	47	5.000	4.830	1.194
50	48	5.000	5.000	0.000
50	49	5.000	5.000	0.000
50	50	5.000	5.000	0.000
Executing FF Gene Output
50	B	5.0

Over All:
	Average Run Average Fitness: 3
	Average Run Best Fitness: 5
	Best Fitness: 5.564
	Best Chromo: Run 1: Generation 32: -1 -1 0 -1 1 1 0 -2 1 1 -1 1 1 -2 1 0 -1 -2 0 -2 0 -1 -1 0 0 0 0 1 -1 -2 -1 -2 -1 1 -2 0 -1 0 1 1 -2 1 1 -1 0 -1 0 1 -2 1 -1 -2 -2 -2 1 1 -1 -1 1 -2 -1 -2 1 -2 1 0 1 -2 -2 -2 -1 -2 -2 -2 0 1 0 -1 -1 0 0 -2 -1 0 0 -2 -1 -1 -1 -1 1 -2 -2 0 0 1 1 -1 0 -2 1 -2 1 0 -2 0 -2 -2 -1 -2 -1 -1 0 0 -2 1 0 -1 -1 -1 1 1 -2 -2 -1 -2 1 -2 1 1 -1 -1 0 -1 1 -2 0 -2 0 1 -2 1 1 -2 0 0 -2 -2 0 1 -1 0 0 0 0 -2 -2 1 1 0 -1 1 -2 0 1 1 1 1 -2 -2 1 -2 -2 1 0 -2 0 1 -1 -2 -1 1 -1 1 1 0 -2 -2 -1 0 1 -2 0 -2 -2 -1 -1 1 0 1 -2 1 1 -1 1 1 1 1 1 1 1 -1 -2 1 1 -2 -1 0 1 -2 0 0 -2 0 -1 1 0 -1 1 -2 -2 0 -1 0 1 -2 0 0 -1 -2 0 0 -1 0 -1 -1 -2 -1 1 1 1 -2 1 0 0 -2 
Start:  Sun Mar 20 21:46:33 EDT 2016
End  :  Sun Mar 20 22:11:37 EDT 2016
