
Parameter File Name is: hw3_prob_t4t.params

Setting up Fitness Function.....Iterated Prisoner's Dilemma
1	1	5.000	3.770	1.520
1	2	5.000	4.100	1.481
1	3	5.000	4.740	1.065
1	4	5.000	4.780	1.050
1	5	5.000	4.800	1.137
1	6	5.000	4.850	1.009
1	7	5.000	4.800	1.087
1	8	5.000	4.830	1.040
1	9	5.020	4.850	0.957
1	10	5.000	4.800	1.124
1	11	5.000	4.840	0.961
1	12	5.020	4.840	1.061
1	13	5.000	4.830	1.016
1	14	5.000	4.890	0.809
1	15	5.000	4.800	1.137
1	16	5.000	4.910	0.786
1	17	5.000	4.820	1.062
1	18	5.000	4.800	0.964
1	19	5.000	4.820	1.145
1	20	5.000	4.850	0.914
1	21	5.000	4.880	0.930
1	22	5.000	4.890	0.790
1	23	5.000	4.810	1.139
1	24	5.000	4.860	0.894
1	25	5.000	4.810	1.156
1	26	5.000	4.780	1.160
1	27	5.000	4.790	1.126
1	28	5.000	4.820	1.038
1	29	5.020	4.840	1.017
1	30	5.020	4.830	1.064
1	31	5.000	4.810	1.161
1	32	5.020	4.820	1.004
1	33	5.000	4.840	1.007
1	34	5.000	4.750	1.246
1	35	5.000	4.830	1.074
1	36	5.000	4.830	1.040
1	37	5.000	4.810	1.143
1	38	5.020	4.860	1.020
1	39	5.000	4.880	0.924
1	40	5.000	4.800	1.185
1	41	5.020	4.900	0.798
1	42	5.000	4.820	1.114
1	43	5.000	4.850	1.038
1	44	5.000	4.840	1.012
1	45	5.020	4.850	0.989
1	46	5.000	4.800	1.159
1	47	5.000	4.840	0.977
1	48	5.000	4.810	1.182
1	49	5.000	4.830	1.133
1	50	5.000	4.840	1.037
Executing FF Gene Output
1	B	5.02

2	1	4.760	3.750	1.469
2	2	5.000	3.980	1.400
2	3	5.000	4.140	1.633
2	4	5.020	4.410	1.577
2	5	5.000	4.430	1.562
2	6	5.020	4.350	1.737
2	7	5.000	4.430	1.492
2	8	5.000	4.400	1.583
2	9	5.020	4.410	1.577
2	10	5.000	4.290	1.635
2	11	5.000	4.180	1.760
2	12	5.000	4.270	1.690
2	13	5.020	4.340	1.542
2	14	5.020	4.410	1.673
2	15	5.000	4.350	1.672
2	16	5.000	4.360	1.596
2	17	5.020	4.420	1.665
2	18	5.000	4.260	1.829
2	19	5.000	4.270	1.740
2	20	5.000	4.320	1.752
2	21	5.020	4.330	1.627
2	22	5.020	4.320	1.803
2	23	5.000	4.390	1.723
2	24	5.000	4.330	1.883
2	25	5.020	4.340	1.716
2	26	5.020	4.400	1.560
2	27	5.000	4.320	1.696
2	28	5.020	4.370	1.689
2	29	5.000	4.340	1.647
2	30	5.000	4.290	1.841
2	31	5.000	4.360	1.729
2	32	5.000	4.300	1.823
2	33	5.000	4.300	1.896
2	34	5.000	4.300	1.815
2	35	5.000	4.210	1.937
2	36	5.000	4.380	1.728
2	37	5.020	4.380	1.838
2	38	5.000	4.260	1.826
2	39	5.000	4.390	1.783
2	40	5.000	4.360	1.775
2	41	5.000	4.300	1.803
2	42	5.000	4.390	1.825
2	43	5.000	4.360	1.775
2	44	5.020	4.310	1.868
2	45	5.000	4.320	1.836
2	46	5.000	4.400	1.714
2	47	5.020	4.290	1.924
2	48	5.000	4.350	1.789
2	49	5.020	4.320	1.828
2	50	5.000	4.330	1.706
Executing FF Gene Output
2	B	5.02

3	1	5.000	3.700	1.611
3	2	5.000	4.060	1.737
3	3	5.000	4.350	1.752
3	4	5.000	4.400	1.859
3	5	5.000	4.510	1.706
3	6	5.000	4.470	1.845
3	7	5.000	4.410	1.744
3	8	5.000	4.490	1.557
3	9	5.000	4.530	1.586
3	10	5.000	4.510	1.531
3	11	5.020	4.470	1.524
3	12	5.020	4.440	1.623
3	13	5.020	4.320	1.734
3	14	5.000	4.420	1.590
3	15	5.000	4.270	1.841
3	16	5.000	4.490	1.547
3	17	5.020	4.490	1.592
3	18	5.020	4.550	1.527
3	19	5.000	4.440	1.696
3	20	5.020	4.370	1.753
3	21	5.000	4.430	1.600
3	22	5.000	4.490	1.633
3	23	5.000	4.470	1.657
3	24	5.000	4.370	1.827
3	25	5.000	4.430	1.734
3	26	5.000	4.460	1.626
3	27	5.000	4.330	1.747
3	28	5.000	4.470	1.630
3	29	5.020	4.450	1.604
3	30	5.000	4.570	1.475
3	31	5.020	4.410	1.718
3	32	5.000	4.450	1.595
3	33	5.000	4.430	1.701
3	34	5.000	4.280	1.712
3	35	5.000	4.450	1.614
3	36	5.000	4.520	1.586
3	37	5.020	4.450	1.614
3	38	5.000	4.370	1.665
3	39	5.020	4.420	1.713
3	40	5.000	4.400	1.576
3	41	5.000	4.410	1.697
3	42	5.000	4.410	1.667
3	43	5.020	4.440	1.597
3	44	5.000	4.390	1.604
3	45	5.000	4.390	1.675
3	46	5.000	4.410	1.767
3	47	5.020	4.430	1.665
3	48	5.000	4.270	1.743
3	49	5.000	4.450	1.651
3	50	5.000	4.440	1.635
Executing FF Gene Output
3	B	5.02

4	1	5.000	3.650	1.734
4	2	5.000	4.160	1.597
4	3	5.000	4.620	1.324
4	4	5.000	4.460	1.466
4	5	5.020	4.580	1.265
4	6	5.000	4.640	1.291
4	7	5.000	4.560	1.420
4	8	5.000	4.530	1.449
4	9	5.000	4.560	1.431
4	10	5.000	4.530	1.329
4	11	5.000	4.540	1.421
4	12	5.000	4.410	1.643
4	13	5.020	4.570	1.331
4	14	5.000	4.560	1.420
4	15	5.020	4.590	1.292
4	16	5.000	4.500	1.487
4	17	5.000	4.460	1.321
4	18	5.020	4.630	1.376
4	19	5.020	4.520	1.425
4	20	5.000	4.530	1.356
4	21	5.000	4.560	1.270
4	22	5.000	4.520	1.337
4	23	5.000	4.530	1.310
4	24	5.020	4.580	1.319
4	25	5.000	4.460	1.507
4	26	5.020	4.450	1.507
4	27	5.000	4.500	1.453
4	28	5.020	4.550	1.366
4	29	5.020	4.570	1.312
4	30	5.000	4.530	1.389
4	31	5.000	4.530	1.463
4	32	5.020	4.480	1.511
4	33	5.000	4.570	1.506
4	34	5.000	4.580	1.285
4	35	5.000	4.500	1.573
4	36	5.020	4.550	1.286
4	37	5.000	4.530	1.314
4	38	5.000	4.560	1.395
4	39	5.000	4.570	1.328
4	40	5.000	4.530	1.337
4	41	5.000	4.500	1.428
4	42	5.000	4.550	1.388
4	43	5.000	4.560	1.274
4	44	5.000	4.570	1.350
4	45	5.000	4.610	1.321
4	46	5.000	4.560	1.455
4	47	5.000	4.560	1.347
4	48	5.000	4.540	1.435
4	49	5.000	4.610	1.456
4	50	5.000	4.390	1.579
Executing FF Gene Output
4	B	5.02

5	1	4.640	3.750	1.462
5	2	5.000	3.950	1.641
5	3	5.000	4.070	1.945
5	4	5.020	4.090	1.807
5	5	5.020	4.160	1.873
5	6	5.000	4.140	1.872
5	7	5.000	4.160	1.968
5	8	5.000	4.100	1.985
5	9	5.020	4.120	1.922
5	10	5.000	4.200	1.820
5	11	5.000	4.180	1.866
5	12	5.000	4.180	1.817
5	13	5.000	4.200	1.878
5	14	5.000	4.090	1.870
5	15	5.000	4.190	1.827
5	16	5.000	4.130	1.816
5	17	5.000	4.150	1.927
5	18	5.000	4.070	1.849
5	19	5.000	4.040	1.866
5	20	5.000	4.060	1.871
5	21	5.000	4.060	1.893
5	22	5.020	4.130	1.683
5	23	5.020	4.090	1.810
5	24	5.020	4.140	1.834
5	25	5.000	3.930	1.929
5	26	5.000	4.080	1.843
5	27	5.000	4.080	1.799
5	28	5.020	4.090	1.793
5	29	5.000	4.020	1.801
5	30	5.000	3.970	1.936
5	31	5.000	3.950	1.890
5	32	5.000	3.950	1.861
5	33	5.000	4.010	1.904
5	34	5.000	3.870	1.983
5	35	5.000	4.000	1.853
5	36	5.000	3.880	1.911
5	37	5.000	4.060	1.763
5	38	5.000	4.030	1.877
5	39	5.000	4.040	1.869
5	40	5.000	4.010	1.904
5	41	5.020	4.050	1.836
5	42	5.000	4.010	1.801
5	43	5.000	4.040	1.839
5	44	5.000	4.050	1.723
5	45	5.000	4.080	1.765
5	46	5.000	4.130	1.770
5	47	5.000	4.060	1.863
5	48	5.000	4.120	1.780
5	49	5.000	4.070	1.799
5	50	5.000	4.080	1.799
Executing FF Gene Output
5	B	5.02

6	1	4.840	3.720	1.599
6	2	5.000	3.970	1.746
6	3	5.000	4.060	2.012
6	4	5.000	4.260	1.744
6	5	5.000	4.180	1.885
6	6	5.000	4.190	1.919
6	7	5.000	4.230	1.819
6	8	5.000	4.200	1.941
6	9	5.000	4.260	1.750
6	10	5.000	4.140	1.985
6	11	5.020	4.280	1.807
6	12	5.000	4.100	1.848
6	13	5.020	4.170	1.801
6	14	5.000	4.230	1.772
6	15	5.020	4.290	1.802
6	16	5.020	4.220	1.891
6	17	5.000	4.190	1.796
6	18	5.000	4.130	1.963
6	19	5.000	4.230	1.714
6	20	5.000	4.150	1.890
6	21	5.000	4.220	1.867
6	22	5.000	4.140	1.883
6	23	5.000	4.150	1.842
6	24	5.000	4.080	1.824
6	25	5.000	4.100	1.834
6	26	5.000	4.130	1.810
6	27	5.020	4.130	1.796
6	28	5.020	4.060	1.847
6	29	5.000	4.200	1.732
6	30	5.020	4.150	1.766
6	31	5.000	4.160	1.730
6	32	5.000	4.210	1.690
6	33	5.020	4.140	1.741
6	34	5.000	4.140	1.767
6	35	5.020	4.200	1.633
6	36	5.000	4.150	1.743
6	37	5.000	4.160	1.846
6	38	5.000	4.210	1.681
6	39	5.000	4.230	1.714
6	40	5.020	4.350	1.632
6	41	5.000	4.120	1.874
6	42	5.000	4.150	1.863
6	43	5.000	4.120	1.794
6	44	5.020	4.220	1.756
6	45	5.000	4.170	1.829
6	46	5.000	4.160	1.656
6	47	5.020	4.110	1.853
6	48	5.000	4.120	1.825
6	49	5.020	4.160	1.843
6	50	5.000	4.140	1.923
Executing FF Gene Output
6	B	5.02

7	1	5.000	3.680	1.681
7	2	5.000	3.940	1.760
7	3	5.000	4.520	1.501
7	4	5.000	4.790	1.090
7	5	5.000	4.830	1.001
7	6	5.020	4.800	1.163
7	7	5.000	4.830	1.040
7	8	5.000	4.850	0.931
7	9	5.000	4.840	1.007
7	10	5.000	4.790	1.183
7	11	5.000	4.870	0.901
7	12	5.000	4.850	0.931
7	13	5.000	4.830	1.030
7	14	5.000	4.810	1.094
7	15	5.000	4.890	0.777
7	16	5.000	4.770	1.179
7	17	5.000	4.820	1.081
7	18	5.000	4.790	1.153
7	19	5.000	4.800	1.128
7	20	5.000	4.870	1.041
7	21	5.000	4.740	1.272
7	22	5.000	4.800	1.073
7	23	5.000	4.800	1.087
7	24	5.000	4.830	1.030
7	25	5.000	4.830	0.848
7	26	5.000	4.820	1.145
7	27	5.000	4.780	1.164
7	28	5.000	4.830	1.040
7	29	5.000	4.850	0.978
7	30	5.000	4.800	1.133
7	31	5.000	4.790	1.122
7	32	5.000	4.820	1.004
7	33	5.020	4.810	1.134
7	34	5.000	4.740	1.252
7	35	5.000	4.790	1.099
7	36	5.000	4.840	0.896
7	37	5.000	4.850	0.973
7	38	5.000	4.780	1.211
7	39	5.000	4.760	1.256
7	40	5.000	4.810	1.130
7	41	5.000	4.870	0.917
7	42	5.000	4.850	0.941
7	43	5.000	4.820	1.043
7	44	5.000	4.790	1.066
7	45	5.000	4.840	0.972
7	46	5.000	4.700	1.303
7	47	5.000	4.830	1.040
7	48	5.000	4.870	0.861
7	49	5.000	4.750	1.149
7	50	5.020	4.830	0.995
Executing FF Gene Output
7	B	5.02

8	1	5.000	3.690	1.552
8	2	5.000	4.030	1.598
8	3	5.000	4.740	0.970
8	4	5.000	4.890	0.790
8	5	5.000	4.910	0.705
8	6	5.000	4.940	0.679
8	7	5.020	4.900	0.785
8	8	5.000	4.850	1.014
8	9	5.000	4.870	0.971
8	10	5.000	4.850	0.920
8	11	5.000	4.840	1.056
8	12	5.020	4.920	0.654
8	13	5.000	4.890	0.852
8	14	5.000	4.920	0.727
8	15	5.000	4.880	0.951
8	16	5.000	4.870	0.950
8	17	5.000	4.890	0.827
8	18	5.000	4.900	0.745
8	19	5.000	4.960	0.540
8	20	5.000	4.880	0.908
8	21	5.000	4.840	0.997
8	22	5.000	4.930	0.707
8	23	5.000	4.900	0.711
8	24	5.000	4.880	0.896
8	25	5.000	4.910	0.747
8	26	5.000	4.860	0.829
8	27	5.000	4.870	0.861
8	28	5.000	4.850	0.978
8	29	5.000	4.930	0.590
8	30	5.000	4.890	0.764
8	31	5.000	4.870	0.843
8	32	5.000	4.870	0.861
8	33	5.000	4.890	0.673
8	34	5.000	4.950	0.539
8	35	5.000	4.890	0.857
8	36	5.000	4.940	0.592
8	37	5.000	4.940	0.633
8	38	5.000	4.860	0.916
8	39	5.000	4.870	0.966
8	40	5.000	4.860	0.905
8	41	5.000	4.870	0.861
8	42	5.000	4.920	0.699
8	43	5.000	4.930	0.616
8	44	5.000	4.920	0.669
8	45	5.000	4.810	1.070
8	46	5.000	4.940	0.565
8	47	5.020	4.890	0.809
8	48	5.000	4.960	0.412
8	49	5.020	4.900	0.785
8	50	5.000	4.870	0.861
Executing FF Gene Output
8	B	5.02

9	1	4.540	3.620	1.716
9	2	5.000	3.830	1.577
9	3	5.000	3.900	1.752
9	4	5.000	3.850	1.866
9	5	5.000	3.880	1.916
9	6	5.000	3.960	1.823
9	7	5.020	3.970	1.901
9	8	5.020	3.950	1.893
9	9	5.000	3.860	1.975
9	10	5.000	4.000	1.758
9	11	5.000	3.980	1.869
9	12	5.000	3.970	1.925
9	13	5.000	4.060	1.556
9	14	5.000	3.960	1.828
9	15	5.020	3.930	1.948
9	16	5.000	3.970	1.917
9	17	5.000	3.870	1.931
9	18	5.000	3.990	1.801
9	19	5.000	3.850	1.822
9	20	5.000	4.060	1.777
9	21	5.000	3.860	1.815
9	22	5.020	3.780	1.902
9	23	5.000	3.900	1.872
9	24	5.020	4.060	1.754
9	25	5.020	4.740	1.065
9	26	5.000	4.810	0.849
9	27	5.000	4.810	0.849
9	28	5.000	4.880	0.722
9	29	5.000	4.860	0.943
9	30	5.000	4.810	0.971
9	31	5.000	4.810	0.945
9	32	5.000	4.800	0.804
9	33	5.000	4.770	1.076
9	34	5.000	4.830	0.894
9	35	5.000	4.890	0.634
9	36	5.000	4.840	0.956
9	37	5.000	4.890	0.716
9	38	5.000	4.880	0.722
9	39	5.000	4.840	0.879
9	40	5.000	4.760	1.031
9	41	5.000	4.770	0.957
9	42	5.000	4.820	0.947
9	43	5.000	4.770	1.004
9	44	5.000	4.850	0.809
9	45	5.000	4.830	0.792
9	46	5.000	4.770	1.100
9	47	5.000	4.810	0.966
9	48	5.000	4.810	0.855
9	49	5.000	4.850	0.952
9	50	5.000	4.820	0.920
Executing FF Gene Output
9	B	5.02

10	1	5.000	3.690	1.545
10	2	5.020	3.990	1.570
10	3	5.000	3.740	1.776
10	4	5.000	4.000	1.749
10	5	5.000	4.230	1.828
10	6	5.000	4.410	1.606
10	7	5.000	4.340	1.771
10	8	5.000	4.280	1.793
10	9	5.000	4.410	1.721
10	10	5.000	4.360	1.700
10	11	5.000	4.370	1.818
10	12	5.000	4.390	1.611
10	13	5.020	4.410	1.630
10	14	5.000	4.340	1.603
10	15	5.020	4.280	1.580
10	16	5.000	4.370	1.640
10	17	5.020	4.400	1.636
10	18	5.000	4.440	1.690
10	19	5.000	4.310	1.841
10	20	5.020	4.430	1.591
10	21	5.000	4.360	1.755
10	22	5.000	4.410	1.700
10	23	5.000	4.390	1.743
10	24	5.000	4.390	1.717
10	25	5.000	4.390	1.607
10	26	5.020	4.450	1.566
10	27	5.000	4.510	1.501
10	28	5.020	4.380	1.665
10	29	5.000	4.420	1.619
10	30	5.000	4.470	1.586
10	31	5.020	4.410	1.667
10	32	5.000	4.410	1.637
10	33	5.000	4.360	1.848
10	34	5.020	4.340	1.868
10	35	5.000	4.440	1.666
10	36	5.000	4.380	1.734
10	37	5.000	4.380	1.757
10	38	5.020	4.420	1.824
10	39	5.000	4.420	1.881
10	40	5.020	4.440	1.841
10	41	5.020	4.370	1.886
10	42	5.000	4.360	1.902
10	43	5.000	4.440	1.819
10	44	5.000	4.450	1.766
10	45	5.020	4.430	1.751
10	46	5.000	4.410	1.905
10	47	5.000	4.350	1.898
10	48	5.020	4.370	1.902
10	49	5.000	4.370	1.924
10	50	5.000	4.370	1.908
Executing FF Gene Output
10	B	5.02

11	1	5.000	3.710	1.552
11	2	5.000	3.870	1.674
11	3	5.000	4.080	1.816
11	4	5.020	4.220	1.759
11	5	5.000	4.250	1.772
11	6	5.020	4.230	1.722
11	7	5.000	4.220	1.829
11	8	5.000	4.230	1.850
11	9	5.000	4.320	1.731
11	10	5.020	4.260	1.664
11	11	5.020	4.240	1.697
11	12	5.000	4.190	1.846
11	13	5.000	4.240	1.706
11	14	5.020	4.170	1.907
11	15	5.020	4.230	1.830
11	16	5.000	4.280	1.781
11	17	5.000	4.310	1.701
11	18	5.020	4.210	1.841
11	19	5.020	4.270	1.693
11	20	5.000	4.230	1.763
11	21	5.020	4.260	1.801
11	22	5.000	4.280	1.810
11	23	5.000	4.170	1.864
11	24	5.020	4.210	1.849
11	25	5.020	4.310	1.739
11	26	5.020	4.280	1.741
11	27	5.000	4.260	1.790
11	28	5.000	4.280	1.709
11	29	5.000	4.200	1.747
11	30	5.000	4.310	1.631
11	31	5.000	4.270	1.737
11	32	5.020	4.330	1.624
11	33	5.020	4.250	1.763
11	34	5.020	4.330	1.664
11	35	5.000	4.330	1.673
11	36	5.000	4.330	1.712
11	37	5.020	4.280	1.790
11	38	5.000	4.240	1.676
11	39	5.000	4.220	1.801
11	40	5.000	4.230	1.794
11	41	5.000	4.390	1.503
11	42	5.020	4.350	1.632
11	43	5.000	4.250	1.772
11	44	5.000	4.370	1.683
11	45	5.020	4.350	1.510
11	46	5.000	4.270	1.737
11	47	5.000	4.260	1.688
11	48	5.000	4.260	1.694
11	49	5.000	4.440	1.536
11	50	5.020	4.300	1.744
Executing FF Gene Output
11	B	5.02

12	1	4.680	3.750	1.595
12	2	5.000	3.940	1.597
12	3	5.000	4.160	1.647
12	4	5.000	4.160	1.754
12	5	5.020	4.330	1.709
12	6	5.020	4.170	1.729
12	7	5.000	4.250	1.800
12	8	5.020	4.360	1.781
12	9	5.000	4.280	1.870
12	10	5.000	4.390	1.789
12	11	5.000	4.340	1.777
12	12	5.020	4.370	1.773
12	13	5.000	4.270	1.893
12	14	5.000	4.380	1.768
12	15	5.000	4.410	1.733
12	16	5.000	4.440	1.825
12	17	5.000	4.270	1.808
12	18	5.000	4.350	1.723
12	19	5.020	4.410	1.738
12	20	5.000	4.320	1.684
12	21	5.000	4.290	1.722
12	22	5.000	4.300	1.726
12	23	5.000	4.260	1.892
12	24	5.000	4.350	1.769
12	25	5.000	4.350	1.743
12	26	5.020	4.390	1.601
12	27	5.000	4.440	1.696
12	28	5.000	4.390	1.752
12	29	5.000	4.410	1.790
12	30	5.000	4.460	1.645
12	31	5.000	4.380	1.871
12	32	5.000	4.350	1.783
12	33	5.000	4.340	1.813
12	34	5.000	4.410	1.658
12	35	5.000	4.340	1.668
12	36	5.000	4.410	1.703
12	37	5.000	4.420	1.609
12	38	5.000	4.390	1.772
12	39	5.000	4.380	1.830
12	40	5.000	4.360	1.758
12	41	5.000	4.400	1.703
12	42	5.000	4.340	1.701
12	43	5.020	4.370	1.765
12	44	5.020	4.260	1.762
12	45	5.000	4.430	1.788
12	46	5.000	4.300	1.744
12	47	5.020	4.380	1.748
12	48	5.020	4.310	1.830
12	49	5.000	4.320	1.839
12	50	5.000	4.410	1.867
Executing FF Gene Output
12	B	5.02

13	1	4.800	3.730	1.503
13	2	5.000	3.890	1.657
13	3	5.000	4.130	1.918
13	4	5.020	4.200	1.859
13	5	5.000	4.200	1.823
13	6	5.000	4.220	1.730
13	7	5.000	4.160	1.647
13	8	5.000	4.050	1.863
13	9	5.020	4.210	1.684
13	10	5.020	4.160	1.846
13	11	5.000	4.280	1.664
13	12	5.000	4.180	1.757
13	13	5.000	4.100	1.738
13	14	5.020	4.190	1.745
13	15	5.000	4.150	1.740
13	16	5.000	4.100	1.829
13	17	5.000	4.260	1.658
13	18	5.000	4.190	1.852
13	19	5.000	4.220	1.718
13	20	5.020	4.190	1.835
13	21	5.000	4.230	1.702
13	22	5.000	4.160	1.653
13	23	5.000	4.120	1.716
13	24	5.000	4.150	1.775
13	25	5.000	4.170	1.790
13	26	5.000	4.210	1.632
13	27	5.020	4.200	1.682
13	28	5.000	4.110	1.825
13	29	5.000	4.180	1.755
13	30	5.000	4.200	1.817
13	31	5.020	4.180	1.702
13	32	5.000	4.190	1.686
13	33	5.000	4.240	1.688
13	34	5.000	4.210	1.585
13	35	5.000	4.160	1.668
13	36	5.020	4.250	1.728
13	37	5.000	4.250	1.651
13	38	5.000	4.220	1.856
13	39	5.000	4.210	1.610
13	40	5.000	4.140	1.700
13	41	5.020	4.210	1.632
13	42	5.000	4.190	1.805
13	43	5.000	4.230	1.740
13	44	5.000	4.190	1.727
13	45	5.000	4.210	1.728
13	46	5.020	4.190	1.799
13	47	5.000	4.240	1.773
13	48	5.000	4.230	1.734
13	49	5.020	4.220	1.832
13	50	5.000	4.200	1.764
Executing FF Gene Output
13	B	5.02

14	1	4.860	3.720	1.531
14	2	5.000	3.980	1.749
14	3	5.000	4.090	1.826
14	4	5.000	4.260	1.782
14	5	5.020	4.220	1.854
14	6	5.020	4.300	1.726
14	7	5.000	4.190	1.807
14	8	5.000	4.140	1.880
14	9	5.000	4.170	2.000
14	10	5.000	4.170	1.928
14	11	5.020	4.260	1.846
14	12	5.020	4.120	1.953
14	13	5.020	4.250	1.872
14	14	5.020	4.230	1.855
14	15	5.000	4.170	1.998
14	16	5.000	4.140	2.035
14	17	5.000	4.270	1.830
14	18	5.000	4.090	1.851
14	19	5.000	4.230	1.714
14	20	5.020	4.100	1.886
14	21	5.020	4.160	1.860
14	22	5.000	4.140	1.826
14	23	5.000	4.250	1.725
14	24	5.000	4.170	1.750
14	25	5.000	4.270	1.613
14	26	5.020	4.060	1.869
14	27	5.000	4.130	1.854
14	28	5.000	4.170	1.682
14	29	5.020	4.130	1.793
14	30	5.000	4.230	1.705
14	31	5.020	4.120	1.641
14	32	5.020	4.220	1.700
14	33	5.020	4.210	1.763
14	34	5.000	4.100	1.792
14	35	5.000	4.110	1.858
14	36	5.000	4.210	1.722
14	37	5.000	4.100	1.764
14	38	5.020	4.150	1.702
14	39	5.000	4.160	1.832
14	40	5.000	4.180	1.917
14	41	5.000	4.170	1.851
14	42	5.000	4.270	1.749
14	43	5.000	4.120	1.958
14	44	5.020	4.190	1.776
14	45	5.000	4.150	2.002
14	46	5.000	4.260	1.730
14	47	5.000	4.230	1.746
14	48	5.000	4.130	1.996
14	49	5.000	4.200	1.886
14	50	5.000	4.230	1.850
Executing FF Gene Output
14	B	5.02

15	1	4.440	3.670	1.624
15	2	5.000	3.880	1.462
15	3	5.000	4.000	1.667
15	4	5.000	4.170	1.593
15	5	5.000	4.190	1.779
15	6	5.000	4.170	1.703
15	7	5.000	4.160	1.751
15	8	5.000	4.210	1.791
15	9	5.020	4.140	1.752
15	10	5.000	4.060	2.022
15	11	5.000	4.160	1.785
15	12	5.000	4.190	1.782
15	13	5.000	4.200	1.883
15	14	5.020	4.210	1.822
15	15	5.000	4.210	1.906
15	16	5.000	4.190	1.791
15	17	5.000	4.130	1.878
15	18	5.020	4.170	1.829
15	19	5.000	4.210	1.819
15	20	5.020	4.440	1.610
15	21	5.000	4.660	1.350
15	22	5.000	4.940	0.538
15	23	5.000	4.990	0.266
15	24	5.000	4.980	0.284
15	25	5.000	4.970	0.347
15	26	5.000	4.990	0.100
15	27	5.000	4.940	0.547
15	28	5.000	5.000	0.000
15	29	5.000	5.000	0.000
15	30	5.000	4.960	0.425
15	31	5.000	5.000	0.000
15	32	5.000	5.000	0.000
15	33	5.000	4.990	0.100
15	34	5.000	5.000	0.000
15	35	5.000	4.990	0.100
15	36	5.000	4.990	0.100
15	37	5.000	5.000	0.000
15	38	5.000	5.000	0.000
15	39	5.000	4.980	0.317
15	40	5.000	4.980	0.317
15	41	5.000	4.980	0.317
15	42	5.000	5.000	0.000
15	43	5.000	4.990	0.142
15	44	5.000	5.000	0.000
15	45	5.000	4.990	0.100
15	46	5.000	4.980	0.317
15	47	5.000	5.000	0.000
15	48	5.000	4.980	0.317
15	49	5.000	4.990	0.100
15	50	5.000	5.000	0.000
Executing FF Gene Output
15	B	5.02

16	1	5.000	3.720	1.615
16	2	5.000	4.120	1.668
16	3	5.000	4.620	1.387
16	4	5.000	4.680	1.410
16	5	5.000	4.700	1.348
16	6	5.000	4.700	1.348
16	7	5.000	4.740	1.151
16	8	5.000	4.680	1.313
16	9	5.000	4.700	1.432
16	10	5.000	4.790	1.166
16	11	5.000	4.780	1.124
16	12	5.000	4.780	1.129
16	13	5.000	4.790	1.113
16	14	5.000	4.690	1.228
16	15	5.000	4.700	1.367
16	16	5.020	4.790	1.209
16	17	5.000	4.700	1.382
16	18	5.000	4.830	0.990
16	19	5.000	4.700	1.314
16	20	5.000	4.770	1.221
16	21	5.000	4.650	1.513
16	22	5.000	4.790	1.135
16	23	5.000	4.760	1.220
16	24	5.000	4.750	1.302
16	25	5.000	4.720	1.264
16	26	5.020	4.730	1.381
16	27	5.000	4.770	1.274
16	28	5.000	4.720	1.371
16	29	5.020	4.810	1.121
16	30	5.000	4.800	1.185
16	31	5.000	4.760	1.177
16	32	5.020	4.730	1.302
16	33	5.000	4.810	1.037
16	34	5.000	4.640	1.470
16	35	5.000	4.760	1.220
16	36	5.000	4.760	1.164
16	37	5.000	4.770	1.127
16	38	5.000	4.770	1.246
16	39	5.000	4.730	1.332
16	40	5.000	4.810	1.089
16	41	5.000	4.740	1.300
16	42	5.000	4.780	1.240
16	43	5.000	4.780	1.236
16	44	5.000	4.880	0.891
16	45	5.000	4.800	1.263
16	46	5.020	4.740	1.375
16	47	5.000	4.740	1.346
16	48	5.000	4.710	1.413
16	49	5.000	4.780	1.248
16	50	5.000	4.800	1.176
Executing FF Gene Output
16	B	5.02

17	1	5.000	3.760	1.468
17	2	5.000	4.080	1.552
17	3	5.000	4.770	1.004
17	4	5.000	4.850	0.880
17	5	5.000	4.850	0.936
17	6	5.000	4.910	0.645
17	7	5.000	4.950	0.584
17	8	5.000	4.920	0.669
17	9	5.020	4.910	0.719
17	10	5.000	4.900	0.752
17	11	5.000	4.980	0.389
17	12	5.000	4.970	0.448
17	13	5.000	4.960	0.436
17	14	5.000	4.900	0.667
17	15	5.000	4.910	0.726
17	16	5.000	4.900	0.711
17	17	5.000	4.920	0.748
17	18	5.000	4.900	0.804
17	19	5.000	4.910	0.773
17	20	5.000	4.940	0.649
17	21	5.000	4.910	0.726
17	22	5.000	4.930	0.555
17	23	5.000	4.960	0.448
17	24	5.000	4.970	0.481
17	25	5.000	4.960	0.501
17	26	5.000	4.970	0.481
17	27	5.000	4.940	0.679
17	28	5.000	4.900	0.772
17	29	5.000	4.950	0.609
17	30	5.000	4.950	0.479
17	31	5.000	4.930	0.728
17	32	5.000	4.910	0.786
17	33	5.000	4.920	0.713
17	34	5.000	4.980	0.301
17	35	5.000	4.900	0.739
17	36	5.000	4.860	0.811
17	37	5.000	4.920	0.761
17	38	5.000	4.910	0.799
17	39	5.020	4.900	0.732
17	40	5.000	4.930	0.655
17	41	5.000	4.920	0.589
17	42	5.000	4.940	0.701
17	43	5.000	4.910	0.767
17	44	5.000	4.980	0.317
17	45	5.000	4.930	0.663
17	46	5.000	4.920	0.761
17	47	5.000	4.890	0.777
17	48	5.000	4.980	0.402
17	49	5.000	4.960	0.400
17	50	5.000	4.940	0.528
Executing FF Gene Output
17	B	5.02

18	1	4.920	3.660	1.671
18	2	5.000	3.940	1.607
18	3	5.000	3.940	1.836
18	4	5.020	3.970	1.899
18	5	5.000	4.040	1.891
18	6	5.000	4.060	1.991
18	7	5.000	4.240	1.993
18	8	5.000	4.210	2.117
18	9	5.020	4.240	1.894
18	10	5.020	4.230	1.994
18	11	5.020	4.220	2.033
18	12	5.000	4.230	1.964
18	13	5.000	4.160	1.996
18	14	5.000	4.290	1.953
18	15	5.020	4.190	2.024
18	16	5.020	4.170	2.033
18	17	5.000	4.170	2.025
18	18	5.000	4.260	1.897
18	19	5.000	4.160	2.100
18	20	5.000	4.200	1.964
18	21	5.020	4.220	2.055
18	22	5.000	4.170	2.128
18	23	5.020	4.210	2.009
18	24	5.020	4.210	2.049
18	25	5.000	4.240	1.978
18	26	5.000	4.180	2.034
18	27	5.000	4.130	2.097
18	28	5.000	4.200	2.074
18	29	5.000	4.230	2.032
18	30	5.000	4.190	2.021
18	31	5.020	4.200	2.025
18	32	5.020	4.290	1.966
18	33	5.020	4.240	1.923
18	34	5.000	4.210	2.049
18	35	5.020	4.160	2.014
18	36	5.000	4.200	2.091
18	37	5.000	4.190	2.073
18	38	5.020	4.120	2.117
18	39	5.000	4.240	2.055
18	40	5.000	4.160	2.078
18	41	5.000	4.200	2.118
18	42	5.000	4.160	2.011
18	43	5.000	4.190	2.031
18	44	5.000	4.220	1.970
18	45	5.000	4.320	1.974
18	46	5.000	4.220	2.025
18	47	5.020	4.230	2.079
18	48	5.000	4.210	2.073
18	49	5.000	4.190	2.070
18	50	5.000	4.190	2.138
Executing FF Gene Output
18	B	5.02

19	1	5.000	3.730	1.585
19	2	5.000	3.990	1.828
19	3	5.000	4.530	1.287
19	4	5.000	4.660	1.320
19	5	5.000	4.700	1.227
19	6	5.000	4.700	1.263
19	7	5.020	4.700	1.193
19	8	5.000	4.750	1.167
19	9	5.000	4.740	1.177
19	10	5.020	4.690	1.365
19	11	5.000	4.620	1.451
19	12	5.000	4.630	1.397
19	13	5.000	4.570	1.361
19	14	5.020	4.700	1.202
19	15	5.000	4.700	1.239
19	16	5.000	4.720	1.074
19	17	5.000	4.720	1.215
19	18	5.000	4.670	1.268
19	19	5.000	4.760	1.084
19	20	5.000	4.660	1.335
19	21	5.000	4.710	1.166
19	22	5.000	4.700	1.193
19	23	5.000	4.740	1.129
19	24	5.000	4.640	1.291
19	25	5.020	4.720	1.232
19	26	5.020	4.620	1.362
19	27	5.000	4.640	1.360
19	28	5.000	4.590	1.474
19	29	5.020	4.710	1.221
19	30	5.000	4.630	1.269
19	31	5.000	4.680	1.188
19	32	5.000	4.680	1.100
19	33	5.000	4.670	1.256
19	34	5.000	4.710	1.225
19	35	5.020	4.720	1.186
19	36	5.020	4.620	1.376
19	37	5.020	4.660	1.372
19	38	5.000	4.600	1.356
19	39	5.000	4.610	1.329
19	40	5.000	4.720	1.194
19	41	5.000	4.660	1.224
19	42	5.000	4.730	1.072
19	43	5.000	4.660	1.324
19	44	5.000	4.540	1.428
19	45	5.000	4.620	1.358
19	46	5.000	4.660	1.273
19	47	5.000	4.640	1.314
19	48	5.000	4.630	1.415
19	49	5.000	4.690	1.161
19	50	5.000	4.740	1.055
Executing FF Gene Output
19	B	5.02

20	1	5.000	3.630	1.707
20	2	5.000	4.070	1.584
20	3	5.000	4.590	1.457
20	4	5.000	4.490	1.817
20	5	5.000	4.850	1.043
20	6	5.000	4.950	0.373
20	7	5.000	4.930	0.573
20	8	5.000	4.950	0.548
20	9	5.000	4.920	0.768
20	10	5.000	4.910	0.637
20	11	5.000	4.930	0.632
20	12	5.000	4.930	0.616
20	13	5.000	4.920	0.662
20	14	5.000	4.960	0.470
20	15	5.000	4.860	0.894
20	16	5.020	4.890	0.702
20	17	5.000	4.890	0.777
20	18	5.000	4.950	0.557
20	19	5.000	4.940	0.371
20	20	5.000	4.910	0.637
20	21	5.000	4.920	0.713
20	22	5.000	4.940	0.608
20	23	5.000	4.990	0.201
20	24	5.000	4.920	0.589
20	25	5.000	4.970	0.481
20	26	5.000	4.890	0.821
20	27	5.000	4.900	0.674
20	28	5.000	4.910	0.786
20	29	5.000	4.880	0.795
20	30	5.000	4.950	0.399
20	31	5.000	4.910	0.712
20	32	5.000	4.950	0.411
20	33	5.000	4.900	0.778
20	34	5.000	4.930	0.607
20	35	5.000	4.940	0.600
20	36	5.000	4.880	0.814
20	37	5.000	4.860	0.865
20	38	5.000	4.850	0.903
20	39	5.000	4.950	0.539
20	40	5.000	4.930	0.546
20	41	5.000	4.900	0.725
20	42	5.000	4.930	0.573
20	43	5.000	4.910	0.676
20	44	5.000	4.940	0.600
20	45	5.000	4.910	0.690
20	46	5.000	4.900	0.611
20	47	5.000	4.920	0.526
20	48	5.000	4.950	0.490
20	49	5.000	4.880	0.795
20	50	5.000	4.930	0.564
Executing FF Gene Output
20	B	5.02

21	1	4.820	3.660	1.644
21	2	5.000	3.860	1.700
21	3	5.000	4.070	1.865
21	4	5.000	4.210	1.841
21	5	5.000	4.220	1.750
21	6	5.000	4.140	1.910
21	7	5.000	4.220	1.781
21	8	5.000	4.280	1.658
21	9	5.000	4.250	1.740
21	10	5.000	4.240	1.753
21	11	5.000	4.180	1.794
21	12	5.020	4.190	1.892
21	13	5.000	4.090	1.923
21	14	5.000	4.160	1.889
21	15	5.000	4.200	1.781
21	16	5.000	4.270	1.777
21	17	5.000	4.160	1.958
21	18	5.000	4.320	1.693
21	19	5.000	4.300	1.784
21	20	5.000	4.190	1.921
21	21	5.020	4.220	1.875
21	22	5.000	4.240	1.709
21	23	5.000	4.140	1.923
21	24	5.000	4.260	1.679
21	25	5.020	4.190	1.835
21	26	5.000	4.180	1.749
21	27	5.000	4.190	1.846
21	28	5.000	4.150	1.806
21	29	5.000	4.200	1.815
21	30	5.020	4.330	1.812
21	31	5.000	4.200	1.747
21	32	5.000	4.210	1.827
21	33	5.000	4.200	1.886
21	34	5.020	4.280	1.633
21	35	5.000	4.240	1.996
21	36	5.020	4.390	1.717
21	37	5.020	4.240	2.050
21	38	5.000	4.250	2.004
21	39	5.000	4.210	2.007
21	40	5.000	4.210	2.039
21	41	5.020	4.230	2.024
21	42	5.000	4.200	2.040
21	43	5.000	4.320	1.946
21	44	5.000	4.160	2.085
21	45	5.020	4.210	2.064
21	46	5.020	4.310	2.031
21	47	5.000	4.290	2.073
21	48	5.000	4.240	2.080
21	49	5.000	4.220	2.179
21	50	5.000	4.280	2.033
Executing FF Gene Output
21	B	5.02

22	1	4.940	3.690	1.609
22	2	5.000	3.980	1.682
22	3	5.000	4.050	2.037
22	4	5.000	4.150	2.103
22	5	5.020	4.140	2.000
22	6	5.000	4.140	2.035
22	7	5.000	4.130	2.051
22	8	5.020	4.140	2.052
22	9	5.000	4.100	2.018
22	10	5.000	4.120	2.100
22	11	5.000	4.120	2.105
22	12	5.000	4.140	2.074
22	13	5.000	4.180	2.066
22	14	5.000	4.170	2.104
22	15	5.020	4.130	2.107
22	16	5.000	4.160	2.097
22	17	5.020	4.190	2.046
22	18	5.000	4.150	2.074
22	19	5.000	4.210	2.110
22	20	5.000	4.210	2.046
22	21	5.020	4.190	2.177
22	22	5.020	4.250	2.019
22	23	5.000	4.210	2.100
22	24	5.020	4.270	2.115
22	25	5.000	4.150	2.162
22	26	5.020	4.230	2.110
22	27	5.000	4.200	2.179
22	28	5.020	4.220	2.094
22	29	5.000	4.180	2.260
22	30	5.000	4.200	2.094
22	31	5.000	4.190	2.114
22	32	5.000	4.280	2.070
22	33	5.000	4.170	2.220
22	34	5.000	4.230	2.100
22	35	5.000	4.160	2.271
22	36	5.000	4.230	2.124
22	37	5.020	4.170	2.158
22	38	5.020	4.220	2.028
22	39	5.000	4.220	1.995
22	40	5.000	4.150	2.129
22	41	5.000	4.170	2.158
22	42	5.000	4.170	2.075
22	43	5.020	4.160	2.090
22	44	5.020	4.280	2.025
22	45	5.000	4.220	2.170
22	46	5.000	4.220	2.158
22	47	5.000	4.190	2.253
22	48	5.000	4.220	2.239
22	49	5.000	4.240	2.147
22	50	5.000	4.260	2.118
Executing FF Gene Output
22	B	5.02

23	1	4.880	3.750	1.500
23	2	5.000	3.920	1.879
23	3	5.020	4.000	1.856
23	4	5.000	4.090	1.815
23	5	5.000	4.080	1.881
23	6	5.020	4.160	1.739
23	7	5.000	4.200	1.803
23	8	5.000	4.250	1.645
23	9	5.020	4.300	1.697
23	10	5.000	4.240	1.667
23	11	5.000	4.320	1.734
23	12	5.020	4.230	1.684
23	13	5.000	4.240	1.676
23	14	5.000	4.290	1.814
23	15	5.000	4.310	1.857
23	16	5.000	4.340	1.725
23	17	5.020	4.260	1.793
23	18	5.020	4.280	1.867
23	19	5.000	4.390	1.639
23	20	5.000	4.350	1.728
23	21	5.020	4.320	1.723
23	22	5.000	4.230	1.861
23	23	5.000	4.360	1.712
23	24	5.020	4.250	1.705
23	25	5.000	4.290	1.719
23	26	5.000	4.200	1.840
23	27	5.000	4.230	1.882
23	28	5.020	4.240	1.762
23	29	5.000	4.300	1.738
23	30	5.020	4.270	1.803
23	31	5.020	4.220	1.826
23	32	5.020	4.330	1.715
23	33	5.020	4.320	1.711
23	34	5.000	4.260	1.859
23	35	5.000	4.330	1.643
23	36	5.000	4.280	1.840
23	37	5.020	4.300	1.842
23	38	5.000	4.250	1.844
23	39	5.000	4.290	1.774
23	40	5.020	4.270	1.888
23	41	5.000	4.320	1.780
23	42	5.020	4.370	1.733
23	43	5.020	4.280	1.770
23	44	5.000	4.190	1.819
23	45	5.020	4.360	1.658
23	46	5.000	4.330	1.837
23	47	5.000	4.360	1.726
23	48	5.000	4.280	1.875
23	49	5.000	4.320	1.714
23	50	5.000	4.400	1.726
Executing FF Gene Output
23	B	5.02

24	1	5.000	3.770	1.384
24	2	5.000	3.990	1.407
24	3	5.020	4.530	1.322
24	4	5.000	4.720	1.211
24	5	5.000	4.820	0.909
24	6	5.000	4.850	0.925
24	7	5.000	4.880	0.844
24	8	5.000	4.920	0.706
24	9	5.000	4.830	1.069
24	10	5.000	4.910	0.793
24	11	5.000	4.880	0.919
24	12	5.000	4.870	0.917
24	13	5.000	4.870	0.901
24	14	5.000	4.930	0.678
24	15	5.000	4.870	0.944
24	16	5.020	4.920	0.781
24	17	5.000	4.900	0.785
24	18	5.000	4.890	0.881
24	19	5.000	4.930	0.714
24	20	5.000	4.900	0.778
24	21	5.000	4.900	0.785
24	22	5.000	4.790	1.042
24	23	5.000	4.890	0.892
24	24	5.000	4.890	0.857
24	25	5.000	4.860	1.035
24	26	5.000	4.900	0.765
24	27	5.000	4.880	0.913
24	28	5.000	4.860	1.010
24	29	5.000	4.920	0.713
24	30	5.000	4.870	0.939
24	31	5.000	4.930	0.700
24	32	5.000	4.880	0.896
24	33	5.000	4.870	0.986
24	34	5.000	4.900	0.829
24	35	5.000	4.900	0.870
24	36	5.000	4.880	0.896
24	37	5.000	4.890	0.892
24	38	5.000	4.900	0.835
24	39	5.000	4.890	0.920
24	40	5.000	4.890	0.914
24	41	5.000	4.850	0.999
24	42	5.000	4.900	0.870
24	43	5.000	4.890	0.857
24	44	5.000	4.850	0.983
24	45	5.020	4.900	0.859
24	46	5.000	4.870	0.950
24	47	5.000	4.840	1.112
24	48	5.000	4.920	0.800
24	49	5.020	4.860	0.899
24	50	5.000	4.860	0.927
Executing FF Gene Output
24	B	5.02

25	1	4.940	3.710	1.616
25	2	5.000	4.020	1.691
25	3	5.000	4.310	1.889
25	4	5.000	4.360	2.038
25	5	5.000	4.380	2.093
25	6	5.020	4.410	2.045
25	7	5.020	4.380	2.049
25	8	5.020	4.370	2.170
25	9	5.000	4.460	2.040
25	10	5.020	4.390	2.084
25	11	5.020	4.420	2.070
25	12	5.020	4.400	2.096
25	13	5.000	4.280	2.308
25	14	5.000	4.460	1.979
25	15	5.000	4.400	1.995
25	16	5.000	4.470	1.901
25	17	5.000	4.340	2.157
25	18	5.000	4.410	2.080
25	19	5.020	4.430	1.971
25	20	5.020	4.490	1.861
25	21	5.020	4.470	1.923
25	22	5.000	4.420	2.033
25	23	5.000	4.380	2.066
25	24	5.000	4.350	2.096
25	25	5.000	4.460	1.992
25	26	5.020	4.440	1.943
25	27	5.000	4.400	2.018
25	28	5.020	4.410	2.065
25	29	5.020	4.430	1.935
25	30	5.000	4.390	2.067
25	31	5.000	4.440	1.956
25	32	5.020	4.450	1.959
25	33	5.000	4.450	1.971
25	34	5.000	4.350	2.086
25	35	5.000	4.450	1.930
25	36	5.000	4.450	1.935
25	37	5.000	4.370	2.018
25	38	5.000	4.350	2.029
25	39	5.000	4.470	1.930
25	40	5.000	4.370	2.107
25	41	5.020	4.450	1.964
25	42	5.000	4.400	2.055
25	43	5.000	4.330	2.142
25	44	5.020	4.440	2.022
25	45	5.000	4.470	1.956
25	46	5.000	4.440	2.022
25	47	5.000	4.400	1.997
25	48	5.020	4.360	2.057
25	49	5.000	4.390	2.039
25	50	5.000	4.310	1.993
Executing FF Gene Output
25	B	5.02

26	1	5.000	3.730	1.543
26	2	5.000	4.230	1.663
26	3	5.000	4.650	1.246
26	4	5.000	4.940	0.547
26	5	5.000	4.990	0.201
26	6	5.000	4.980	0.141
26	7	5.000	4.980	0.362
26	8	5.000	4.960	0.567
26	9	5.000	4.980	0.284
26	10	5.000	4.970	0.264
26	11	5.000	4.950	0.520
26	12	5.000	4.970	0.437
26	13	5.000	4.990	0.284
26	14	5.000	4.980	0.284
26	15	5.000	4.980	0.200
26	16	5.000	4.950	0.479
26	17	5.000	4.970	0.332
26	18	5.000	4.980	0.301
26	19	5.000	5.000	0.000
26	20	5.000	5.000	0.000
26	21	5.000	4.970	0.425
26	22	5.000	4.970	0.375
26	23	5.000	4.980	0.333
26	24	5.000	4.980	0.348
26	25	5.000	4.980	0.265
26	26	5.000	4.990	0.301
26	27	5.000	4.990	0.201
26	28	5.000	4.950	0.435
26	29	5.000	4.960	0.387
26	30	5.000	4.960	0.346
26	31	5.000	4.970	0.401
26	32	5.000	4.960	0.387
26	33	5.000	5.000	0.000
26	34	5.000	4.980	0.414
26	35	5.000	4.980	0.333
26	36	5.000	4.980	0.348
26	37	5.000	4.970	0.283
26	38	5.000	4.990	0.100
26	39	5.000	5.000	0.000
26	40	5.000	4.980	0.376
26	41	5.000	4.980	0.265
26	42	5.000	4.950	0.520
26	43	5.000	4.980	0.245
26	44	5.000	4.990	0.225
26	45	5.000	4.970	0.413
26	46	5.000	4.990	0.201
26	47	5.000	4.980	0.414
26	48	5.000	4.960	0.567
26	49	5.000	4.970	0.437
26	50	5.000	4.960	0.480
Executing FF Gene Output
26	B	5.0

27	1	5.000	3.680	1.638
27	2	5.000	3.910	1.913
27	3	5.000	4.110	1.974
27	4	5.020	4.320	1.896
27	5	5.020	4.250	1.992
27	6	5.020	4.200	2.035
27	7	5.000	4.340	1.835
27	8	5.000	4.250	1.925
27	9	5.000	4.300	1.936
27	10	5.000	4.180	2.066
27	11	5.000	4.370	1.832
27	12	5.000	4.240	1.957
27	13	5.020	4.140	2.038
27	14	5.000	4.210	1.890
27	15	5.000	4.220	1.923
27	16	5.020	4.250	1.930
27	17	5.000	4.210	1.841
27	18	5.000	4.160	1.919
27	19	5.000	4.280	1.859
27	20	5.000	4.160	2.004
27	21	5.020	4.240	1.897
27	22	5.020	4.340	1.765
27	23	5.000	4.210	1.898
27	24	5.000	4.290	1.855
27	25	5.020	4.230	1.914
27	26	5.000	4.160	1.994
27	27	5.000	4.230	1.948
27	28	5.000	4.260	1.931
27	29	5.020	4.220	2.050
27	30	5.000	4.240	1.934
27	31	5.020	4.220	1.988
27	32	5.000	4.210	2.068
27	33	5.000	4.270	1.945
27	34	5.020	4.270	1.956
27	35	5.000	4.220	2.028
27	36	5.020	4.240	1.897
27	37	5.000	4.210	1.948
27	38	5.000	4.270	1.836
27	39	5.000	4.240	1.944
27	40	5.020	4.230	2.047
27	41	5.000	4.250	1.898
27	42	5.020	4.260	1.942
27	43	5.020	4.300	1.964
27	44	5.000	4.290	1.989
27	45	5.000	4.260	1.902
27	46	5.020	4.270	1.780
27	47	5.020	4.250	1.901
27	48	5.000	4.200	1.959
27	49	5.000	4.310	1.785
27	50	5.000	4.240	1.921
Executing FF Gene Output
27	B	5.02

28	1	5.000	3.720	1.599
28	2	5.000	4.040	1.669
28	3	5.000	4.540	1.344
28	4	5.000	4.760	0.991
28	5	5.000	4.820	0.984
28	6	5.000	4.870	0.781
28	7	5.000	4.840	0.873
28	8	5.020	4.920	0.638
28	9	5.000	4.890	0.790
28	10	5.000	4.830	1.006
28	11	5.000	4.910	0.740
28	12	5.000	4.890	0.771
28	13	5.000	4.930	0.655
28	14	5.000	4.840	1.002
28	15	5.000	4.930	0.537
28	16	5.000	4.870	0.774
28	17	5.000	4.890	0.827
28	18	5.000	4.900	0.689
28	19	5.000	4.970	0.491
28	20	5.000	4.900	0.732
28	21	5.000	4.900	0.739
28	22	5.000	4.880	0.826
28	23	5.020	4.900	0.759
28	24	5.020	4.840	0.879
28	25	5.000	4.860	0.882
28	26	5.000	4.890	0.771
28	27	5.000	4.850	0.968
28	28	5.020	4.920	0.720
28	29	5.000	4.840	1.022
28	30	5.000	4.920	0.692
28	31	5.000	4.880	0.885
28	32	5.000	4.860	0.932
28	33	5.000	4.890	0.764
28	34	5.000	4.900	0.778
28	35	5.000	4.870	0.855
28	36	5.000	4.880	0.801
28	37	5.000	4.860	0.943
28	38	5.000	4.930	0.728
28	39	5.000	4.860	0.871
28	40	5.000	4.860	0.847
28	41	5.000	4.880	0.908
28	42	5.000	4.920	0.734
28	43	5.000	4.910	0.733
28	44	5.000	4.850	1.029
28	45	5.000	4.880	0.808
28	46	5.000	4.830	1.006
28	47	5.000	4.910	0.740
28	48	5.000	4.900	0.704
28	49	5.020	4.870	0.912
28	50	5.020	4.800	1.176
Executing FF Gene Output
28	B	5.02

29	1	4.680	3.670	1.643
29	2	5.000	3.920	1.756
29	3	5.000	4.020	2.065
29	4	5.000	3.970	1.982
29	5	5.000	4.080	2.070
29	6	5.000	4.130	1.796
29	7	5.020	4.090	1.873
29	8	5.000	4.020	1.972
29	9	5.000	3.980	2.045
29	10	5.020	4.000	1.990
29	11	5.000	4.050	1.882
29	12	5.000	3.970	1.954
29	13	5.020	4.080	1.881
29	14	5.000	4.020	1.946
29	15	5.000	4.070	1.958
29	16	5.000	4.040	1.961
29	17	5.000	4.010	1.959
29	18	5.000	4.030	1.938
29	19	5.000	4.020	2.037
29	20	5.020	3.990	2.047
29	21	5.000	4.030	2.002
29	22	5.000	4.060	1.938
29	23	5.020	3.950	2.012
29	24	5.000	3.940	2.024
29	25	5.020	4.010	2.018
29	26	5.020	3.990	1.834
29	27	5.000	4.040	1.969
29	28	5.000	4.050	2.012
29	29	5.000	3.950	1.987
29	30	5.020	3.990	1.985
29	31	5.000	4.010	2.033
29	32	5.000	4.000	1.928
29	33	5.000	3.980	1.995
29	34	5.000	4.030	2.047
29	35	5.000	4.030	2.005
29	36	5.020	4.030	2.042
29	37	5.000	4.030	2.020
29	38	5.000	4.050	1.820
29	39	5.000	4.050	1.917
29	40	5.000	3.950	1.938
29	41	5.000	4.060	1.734
29	42	5.000	4.090	1.779
29	43	5.000	3.950	1.917
29	44	5.000	3.950	1.930
29	45	5.000	3.890	1.943
29	46	5.020	4.010	1.982
29	47	5.000	3.870	2.053
29	48	5.000	4.030	1.825
29	49	5.000	3.930	1.903
29	50	5.000	3.900	1.912
Executing FF Gene Output
29	B	5.02

30	1	4.960	3.630	1.686
30	2	5.000	4.100	1.642
30	3	5.020	4.490	1.497
30	4	5.000	4.590	1.505
30	5	5.020	4.620	1.387
30	6	5.000	4.600	1.550
30	7	5.000	4.600	1.524
30	8	5.000	4.680	1.270
30	9	5.000	4.580	1.515
30	10	5.000	4.550	1.591
30	11	5.000	4.580	1.609
30	12	5.020	4.610	1.463
30	13	5.000	4.510	1.685
30	14	5.020	4.640	1.477
30	15	5.020	4.490	1.648
30	16	5.000	4.650	1.388
30	17	5.000	4.610	1.579
30	18	5.020	4.640	1.414
30	19	5.020	4.520	1.620
30	20	5.000	4.650	1.449
30	21	5.000	4.530	1.690
30	22	5.020	4.420	1.759
30	23	5.000	4.540	1.645
30	24	5.000	4.540	1.553
30	25	5.000	4.700	1.295
30	26	5.000	4.650	1.473
30	27	5.020	4.590	1.491
30	28	5.000	4.610	1.507
30	29	5.000	4.620	1.391
30	30	5.000	4.560	1.601
30	31	5.000	4.650	1.344
30	32	5.020	4.480	1.676
30	33	5.020	4.590	1.478
30	34	5.020	4.580	1.433
30	35	5.000	4.530	1.669
30	36	5.000	4.540	1.669
30	37	5.000	4.430	1.799
30	38	5.000	4.610	1.507
30	39	5.000	4.580	1.606
30	40	5.000	4.580	1.548
30	41	5.000	4.600	1.547
30	42	5.020	4.500	1.664
30	43	5.020	4.530	1.560
30	44	5.000	4.500	1.714
30	45	5.000	4.580	1.433
30	46	5.000	4.560	1.585
30	47	5.000	4.600	1.477
30	48	5.000	4.650	1.500
30	49	5.020	4.580	1.529
30	50	5.000	4.640	1.453
Executing FF Gene Output
30	B	5.02

31	1	5.000	3.700	1.524
31	2	5.000	3.870	1.652
31	3	5.000	4.250	1.591
31	4	5.020	4.390	1.629
31	5	5.000	4.320	1.822
31	6	5.020	4.510	1.570
31	7	5.000	4.370	1.829
31	8	5.020	4.400	1.775
31	9	5.000	4.400	1.859
31	10	5.000	4.430	1.774
31	11	5.020	4.400	1.883
31	12	5.020	4.470	1.769
31	13	5.000	4.310	1.998
31	14	5.000	4.440	1.734
31	15	5.020	4.490	1.697
31	16	5.020	4.360	1.859
31	17	5.000	4.350	1.961
31	18	5.000	4.420	1.753
31	19	5.000	4.320	1.914
31	20	5.000	4.440	1.841
31	21	5.000	4.400	1.837
31	22	5.020	4.450	1.797
31	23	5.000	4.370	1.821
31	24	5.000	4.440	1.740
31	25	5.000	4.390	1.920
31	26	5.020	4.500	1.720
31	27	5.000	4.410	1.931
31	28	5.020	4.390	1.922
31	29	5.020	4.470	1.792
31	30	5.020	4.370	1.947
31	31	5.000	4.460	1.834
31	32	5.000	4.380	1.866
31	33	5.000	4.430	1.788
31	34	5.020	4.460	1.766
31	35	5.020	4.380	1.689
31	36	5.000	4.360	1.679
31	37	5.020	4.520	1.705
31	38	5.000	4.450	1.783
31	39	5.000	4.460	1.497
31	40	5.000	4.380	1.647
31	41	5.000	4.360	1.630
31	42	5.000	4.420	1.471
31	43	5.020	4.370	1.707
31	44	5.000	4.460	1.449
31	45	5.000	4.420	1.461
31	46	5.000	4.350	1.684
31	47	5.000	4.400	1.633
31	48	5.020	4.300	1.679
31	49	5.000	4.430	1.552
31	50	5.020	4.350	1.623
Executing FF Gene Output
31	B	5.02

32	1	5.000	3.660	1.698
32	2	5.000	4.020	1.636
32	3	5.000	4.500	1.484
32	4	5.000	4.810	0.971
32	5	5.000	4.840	1.007
32	6	5.000	4.930	0.735
32	7	5.000	4.900	0.876
32	8	5.000	4.910	0.773
32	9	5.020	4.920	0.761
32	10	5.000	4.890	0.931
32	11	5.000	4.930	0.756
32	12	5.000	4.950	0.539
32	13	5.000	4.910	0.824
32	14	5.000	4.940	0.556
32	15	5.000	4.890	0.869
32	16	5.000	4.940	0.641
32	17	5.000	4.900	0.859
32	18	5.020	4.940	0.625
32	19	5.000	4.930	0.671
32	20	5.000	4.910	0.793
32	21	5.000	4.930	0.721
32	22	5.000	4.920	0.713
32	23	5.000	4.970	0.512
32	24	5.000	4.920	0.768
32	25	5.000	4.900	0.778
32	26	5.000	4.900	0.696
32	27	5.000	4.930	0.700
32	28	5.000	4.880	0.930
32	29	5.000	4.950	0.609
32	30	5.000	4.950	0.634
32	31	5.000	4.950	0.548
32	32	5.000	4.920	0.761
32	33	5.000	4.910	0.793
32	34	5.000	4.890	0.840
32	35	5.000	4.910	0.811
32	36	5.000	4.950	0.566
32	37	5.000	4.970	0.437
32	38	5.020	4.970	0.491
32	39	5.000	4.970	0.470
32	40	5.000	4.900	0.810
32	41	5.000	4.880	0.946
32	42	5.000	4.900	0.739
32	43	5.000	4.900	0.798
32	44	5.000	4.890	0.875
32	45	5.000	4.970	0.425
32	46	5.000	4.930	0.714
32	47	5.000	4.870	0.960
32	48	5.000	4.910	0.811
32	49	5.000	4.960	0.521
32	50	5.000	4.910	0.786
Executing FF Gene Output
32	B	5.02

33	1	5.000	3.770	1.582
33	2	5.000	4.080	1.695
33	3	5.000	4.510	1.521
33	4	5.000	4.580	1.405
33	5	5.020	4.680	1.294
33	6	5.000	4.640	1.407
33	7	5.000	4.450	1.817
33	8	5.020	4.620	1.585
33	9	5.020	4.570	1.647
33	10	5.000	4.570	1.650
33	11	5.000	4.680	1.388
33	12	5.000	4.650	1.347
33	13	5.000	4.710	1.293
33	14	5.000	4.650	1.462
33	15	5.000	4.630	1.426
33	16	5.020	4.620	1.462
33	17	5.000	4.590	1.474
33	18	5.020	4.650	1.445
33	19	5.000	4.560	1.578
33	20	5.020	4.600	1.521
33	21	5.000	4.620	1.559
33	22	5.000	4.550	1.684
33	23	5.000	4.560	1.559
33	24	5.000	4.590	1.718
33	25	5.020	4.690	1.526
33	26	5.000	4.670	1.439
33	27	5.020	4.660	1.468
33	28	5.020	4.590	1.508
33	29	5.020	4.530	1.595
33	30	5.000	4.670	1.436
33	31	5.000	4.680	1.469
33	32	5.020	4.570	1.628
33	33	5.000	4.610	1.588
33	34	5.000	4.610	1.629
33	35	5.020	4.610	1.604
33	36	5.000	4.690	1.383
33	37	5.000	4.660	1.454
33	38	5.020	4.540	1.678
33	39	5.000	4.630	1.545
33	40	5.000	4.570	1.665
33	41	5.000	4.690	1.423
33	42	5.020	4.580	1.637
33	43	5.000	4.510	1.761
33	44	5.000	4.680	1.452
33	45	5.020	4.630	1.545
33	46	5.000	4.540	1.620
33	47	5.000	4.590	1.508
33	48	5.020	4.600	1.595
33	49	5.000	4.580	1.637
33	50	5.000	4.650	1.473
Executing FF Gene Output
33	B	5.02

34	1	4.880	3.730	1.588
34	2	5.000	4.010	1.837
34	3	5.000	4.390	1.853
34	4	5.000	4.510	1.907
34	5	5.000	4.570	1.794
34	6	5.000	4.530	1.875
34	7	5.020	4.620	1.650
34	8	5.000	4.470	1.901
34	9	5.000	4.530	1.839
34	10	5.020	4.370	2.082
34	11	5.000	4.410	2.075
34	12	5.020	4.570	1.849
34	13	5.020	4.540	1.885
34	14	5.000	4.420	2.111
34	15	5.000	4.520	1.912
34	16	5.000	4.530	1.901
34	17	5.000	4.500	2.000
34	18	5.000	4.620	1.742
34	19	5.020	4.540	1.880
34	20	5.000	4.470	2.007
34	21	5.000	4.510	1.920
34	22	5.000	4.410	2.085
34	23	5.000	4.530	1.880
34	24	5.000	4.540	1.899
34	25	5.000	4.530	1.861
34	26	5.020	4.530	1.941
34	27	5.020	4.500	1.949
34	28	5.020	4.480	1.969
34	29	5.020	4.560	1.828
34	30	5.000	4.460	2.020
34	31	5.020	4.500	1.992
34	32	5.020	4.530	1.888
34	33	5.000	4.490	1.967
34	34	5.000	4.550	1.836
34	35	5.000	4.490	1.936
34	36	5.000	4.530	1.896
34	37	5.000	4.560	1.860
34	38	5.020	4.530	1.907
34	39	5.000	4.550	1.842
34	40	5.000	4.470	1.969
34	41	5.000	4.540	1.803
34	42	5.000	4.420	2.048
34	43	5.020	4.600	1.735
34	44	5.020	4.510	1.723
34	45	5.000	4.520	1.627
34	46	5.000	4.540	1.595
34	47	5.000	4.490	1.697
34	48	5.020	4.460	1.672
34	49	5.000	4.520	1.741
34	50	5.020	4.470	1.660
Executing FF Gene Output
34	B	5.02

35	1	4.880	3.760	1.443
35	2	5.000	3.900	1.732
35	3	5.000	4.070	1.879
35	4	5.000	4.050	2.215
35	5	5.000	4.140	2.127
35	6	5.000	4.160	1.999
35	7	5.000	4.140	2.060
35	8	5.000	4.180	2.032
35	9	5.000	4.090	1.990
35	10	5.000	4.070	2.121
35	11	5.000	4.140	2.030
35	12	5.020	4.100	2.087
35	13	5.000	4.160	2.104
35	14	5.000	4.130	2.046
35	15	5.000	4.190	2.163
35	16	5.000	4.150	2.146
35	17	5.000	4.190	2.056
35	18	5.020	4.210	2.090
35	19	5.000	4.100	2.028
35	20	5.020	4.120	1.989
35	21	5.000	4.140	2.072
35	22	5.000	4.140	2.033
35	23	5.000	4.190	1.983
35	24	5.020	4.180	1.917
35	25	5.000	4.130	2.075
35	26	5.020	4.190	2.036
35	27	5.000	4.140	2.015
35	28	5.000	4.080	2.087
35	29	5.020	4.150	2.047
35	30	5.000	4.160	1.986
35	31	5.020	4.100	2.108
35	32	5.020	4.220	1.983
35	33	5.000	4.190	1.919
35	34	5.000	4.140	1.995
35	35	5.020	4.160	2.049
35	36	5.000	4.170	2.106
35	37	5.000	4.140	1.954
35	38	5.000	4.130	2.013
35	39	5.000	4.250	1.909
35	40	5.000	4.190	1.868
35	41	5.000	4.200	1.992
35	42	5.000	4.210	1.976
35	43	5.020	4.160	1.832
35	44	5.020	4.180	1.839
35	45	5.000	4.110	2.042
35	46	5.000	4.070	2.078
35	47	5.020	4.090	2.036
35	48	5.000	4.100	1.992
35	49	5.020	4.170	2.008
35	50	5.000	4.100	2.158
Executing FF Gene Output
35	B	5.02

36	1	5.000	3.710	1.572
36	2	5.020	3.960	1.620
36	3	5.000	4.460	1.642
36	4	5.020	4.750	1.136
36	5	5.000	4.690	1.372
36	6	5.000	4.810	1.070
36	7	5.000	4.840	0.934
36	8	5.000	4.810	1.002
36	9	5.000	4.740	1.169
36	10	5.000	4.750	1.072
36	11	5.000	4.790	0.962
36	12	5.000	4.860	0.847
36	13	5.000	4.760	1.011
36	14	5.000	4.820	0.942
36	15	5.000	4.760	1.093
36	16	5.000	4.820	0.999
36	17	5.000	4.730	1.100
36	18	5.000	4.730	1.171
36	19	5.000	4.770	1.028
36	20	5.000	4.860	0.766
36	21	5.000	4.840	0.849
36	22	5.000	4.900	0.752
36	23	5.020	4.800	1.049
36	24	5.000	4.860	0.746
36	25	5.000	4.860	0.823
36	26	5.000	4.880	0.776
36	27	5.020	4.820	0.984
36	28	5.000	4.760	1.060
36	29	5.000	4.750	1.077
36	30	5.000	4.810	0.907
36	31	5.000	4.880	0.908
36	32	5.000	4.840	0.929
36	33	5.000	4.910	0.753
36	34	5.000	4.760	1.111
36	35	5.000	4.880	0.776
36	36	5.000	4.760	1.203
36	37	5.000	4.810	1.051
36	38	5.000	4.860	0.798
36	39	5.000	4.810	1.089
36	40	5.000	4.860	0.779
36	41	5.000	4.800	0.932
36	42	5.020	4.840	0.896
36	43	5.020	4.820	1.014
36	44	5.000	4.790	1.094
36	45	5.000	4.790	0.977
36	46	5.000	4.730	1.076
36	47	5.000	4.820	0.989
36	48	5.020	4.810	1.089
36	49	5.000	4.750	1.062
36	50	5.000	4.820	1.118
Executing FF Gene Output
36	B	5.02

37	1	5.000	3.760	1.621
37	2	5.000	3.890	1.775
37	3	5.000	3.930	2.071
37	4	5.020	3.970	2.057
37	5	5.000	4.000	1.848
37	6	5.020	3.950	1.882
37	7	5.000	4.030	1.723
37	8	5.000	4.000	1.738
37	9	5.000	4.050	1.675
37	10	5.000	4.080	1.625
37	11	5.000	4.300	1.534
37	12	5.000	4.090	1.727
37	13	5.000	4.010	1.775
37	14	5.000	4.190	1.634
37	15	5.000	4.490	1.421
37	16	5.000	4.690	1.224
37	17	5.000	4.780	0.938
37	18	5.000	4.740	1.046
37	19	5.020	4.710	1.293
37	20	5.000	4.740	1.292
37	21	5.020	4.690	1.335
37	22	5.020	4.820	1.009
37	23	5.000	4.650	1.384
37	24	5.020	4.740	1.228
37	25	5.000	4.710	1.175
37	26	5.000	4.790	1.042
37	27	5.000	4.700	1.263
37	28	5.000	4.810	0.929
37	29	5.000	4.770	1.081
37	30	5.000	4.730	1.166
37	31	5.000	4.750	1.140
37	32	5.000	4.720	1.244
37	33	5.000	4.660	1.394
37	34	5.000	4.710	1.157
37	35	5.020	4.740	1.177
37	36	5.000	4.740	1.220
37	37	5.000	4.840	0.982
37	38	5.000	4.720	1.276
37	39	5.000	4.720	1.248
37	40	5.000	4.730	1.201
37	41	5.000	4.710	1.278
37	42	5.000	4.720	1.272
37	43	5.020	4.690	1.285
37	44	5.000	4.740	1.220
37	45	5.000	4.750	1.192
37	46	5.000	4.690	1.187
37	47	5.000	4.750	1.127
37	48	5.000	4.730	1.266
37	49	5.000	4.740	1.111
37	50	5.000	4.480	1.497
Executing FF Gene Output
37	B	5.02

38	1	5.000	3.690	1.600
38	2	5.000	4.140	1.477
38	3	5.000	4.810	0.907
38	4	5.000	4.860	0.829
38	5	5.000	4.860	0.725
38	6	5.000	4.830	1.011
38	7	5.000	4.950	0.479
38	8	5.000	4.860	0.804
38	9	5.000	4.920	0.662
38	10	5.000	4.880	0.769
38	11	5.000	4.900	0.628
38	12	5.000	4.860	0.659
38	13	5.000	4.950	0.548
38	14	5.000	4.970	0.481
38	15	5.000	4.880	0.756
38	16	5.000	4.920	0.654
38	17	5.000	4.960	0.425
38	18	5.020	4.890	0.771
38	19	5.000	4.870	0.849
38	20	5.000	4.820	0.931
38	21	5.000	4.850	0.892
38	22	5.000	4.810	0.992
38	23	5.000	4.840	0.901
38	24	5.000	4.870	0.884
38	25	5.000	4.870	0.906
38	26	5.000	4.900	0.628
38	27	5.000	4.910	0.613
38	28	5.000	4.930	0.564
38	29	5.000	4.880	0.700
38	30	5.020	4.840	0.879
38	31	5.000	4.830	0.911
38	32	5.000	4.870	0.691
38	33	5.000	4.850	0.845
38	34	5.000	4.880	0.749
38	35	5.000	4.890	0.673
38	36	5.000	4.880	0.729
38	37	5.000	4.880	0.808
38	38	5.020	4.870	0.699
38	39	5.000	4.910	0.629
38	40	5.000	4.860	0.817
38	41	5.000	4.820	0.989
38	42	5.000	4.920	0.669
38	43	5.020	4.900	0.711
38	44	5.000	4.920	0.631
38	45	5.000	4.880	0.862
38	46	5.000	4.860	0.798
38	47	5.000	4.840	0.945
38	48	5.000	4.890	0.751
38	49	5.000	4.850	0.898
38	50	5.000	4.800	0.995
Executing FF Gene Output
38	B	5.02

39	1	4.980	3.690	1.587
39	2	5.000	3.860	1.870
39	3	5.000	4.120	1.963
39	4	5.020	4.220	1.983
39	5	5.000	4.220	2.072
39	6	5.000	4.350	1.901
39	7	5.000	4.390	1.922
39	8	5.000	4.380	1.914
39	9	5.020	4.280	2.125
39	10	5.000	4.290	2.228
39	11	5.020	4.300	2.069
39	12	5.020	4.280	2.142
39	13	5.020	4.200	2.195
39	14	5.000	4.350	1.997
39	15	5.020	4.380	1.916
39	16	5.000	4.330	2.055
39	17	5.020	4.380	1.879
39	18	5.000	4.220	2.111
39	19	5.000	4.340	1.968
39	20	5.000	4.280	2.087
39	21	5.020	4.320	1.974
39	22	5.000	4.360	1.972
39	23	5.000	4.320	2.074
39	24	5.000	4.250	2.042
39	25	5.000	4.360	1.925
39	26	5.000	4.220	2.186
39	27	5.020	4.300	2.020
39	28	5.000	4.330	1.918
39	29	5.020	4.300	2.091
39	30	5.000	4.290	2.046
39	31	5.000	4.250	2.032
39	32	5.000	4.350	1.974
39	33	5.000	4.270	1.961
39	34	5.000	4.330	2.018
39	35	5.000	4.300	1.980
39	36	5.020	4.300	2.013
39	37	5.000	4.280	2.050
39	38	5.000	4.300	2.018
39	39	5.000	4.270	1.969
39	40	5.000	4.340	1.892
39	41	5.000	4.290	1.898
39	42	5.020	4.340	1.722
39	43	5.020	4.300	1.912
39	44	5.020	4.330	1.985
39	45	5.000	4.310	1.973
39	46	5.000	4.400	1.875
39	47	5.000	4.380	1.966
39	48	5.020	4.390	1.901
39	49	5.000	4.340	1.927
39	50	5.020	4.350	1.874
Executing FF Gene Output
39	B	5.02

40	1	5.000	3.660	1.736
40	2	5.000	3.940	1.610
40	3	5.020	4.080	1.659
40	4	5.000	4.070	1.816
40	5	5.000	4.080	1.765
40	6	5.020	4.150	1.789
40	7	5.000	4.160	1.659
40	8	5.020	4.080	1.913
40	9	5.020	4.110	1.737
40	10	5.000	4.150	1.839
40	11	5.020	4.210	1.924
40	12	5.000	4.220	1.773
40	13	5.000	4.120	1.914
40	14	5.000	4.160	1.799
40	15	5.020	4.220	1.807
40	16	5.000	4.230	1.841
40	17	5.000	4.230	1.822
40	18	5.020	4.220	1.865
40	19	5.000	4.140	1.902
40	20	5.000	4.160	1.932
40	21	5.000	4.160	1.865
40	22	5.020	4.170	1.897
40	23	5.020	4.150	1.728
40	24	5.000	4.120	1.836
40	25	5.000	4.160	1.937
40	26	5.000	4.150	1.948
40	27	5.020	4.150	2.024
40	28	5.000	4.200	2.003
40	29	5.020	4.220	1.899
40	30	5.000	4.180	1.822
40	31	5.000	4.260	2.041
40	32	5.000	4.170	1.988
40	33	5.000	4.200	1.995
40	34	5.020	4.190	2.031
40	35	5.000	4.180	2.042
40	36	5.000	4.250	1.831
40	37	5.020	4.120	1.860
40	38	5.020	4.160	1.686
40	39	5.000	4.130	1.824
40	40	5.000	4.130	1.770
40	41	5.000	4.130	1.709
40	42	5.000	4.090	1.889
40	43	5.020	4.260	1.765
40	44	5.000	4.180	1.663
40	45	5.000	4.140	1.848
40	46	5.020	4.080	1.862
40	47	5.020	4.170	1.905
40	48	5.000	4.200	1.703
40	49	5.020	4.240	1.730
40	50	5.000	4.090	1.934
Executing FF Gene Output
40	B	5.02

41	1	4.820	3.720	1.574
41	2	5.000	3.980	1.527
41	3	5.000	4.060	1.927
41	4	5.000	4.120	1.900
41	5	5.000	4.200	1.787
41	6	5.000	4.120	1.996
41	7	5.000	4.100	1.964
41	8	5.020	4.260	1.750
41	9	5.000	4.190	1.832
41	10	5.020	4.150	1.898
41	11	5.000	4.260	1.818
41	12	5.020	4.190	1.846
41	13	5.000	4.190	1.748
41	14	5.020	4.110	1.877
41	15	5.000	4.200	1.798
41	16	5.000	4.180	1.828
41	17	5.000	4.150	1.912
41	18	5.000	4.200	1.798
41	19	5.000	4.140	1.933
41	20	5.000	4.140	1.967
41	21	5.000	4.090	1.907
41	22	5.000	4.190	1.779
41	23	5.020	4.200	1.809
41	24	5.000	4.200	1.925
41	25	5.000	4.180	1.789
41	26	5.000	4.170	1.862
41	27	5.000	4.220	1.902
41	28	5.020	4.280	1.747
41	29	5.020	4.150	1.890
41	30	5.000	4.110	1.882
41	31	5.000	4.220	1.889
41	32	5.020	4.230	1.825
41	33	5.020	4.160	1.900
41	34	5.000	4.190	1.868
41	35	5.000	4.110	2.005
41	36	5.000	4.110	1.999
41	37	5.000	4.210	1.797
41	38	5.020	4.290	1.830
41	39	5.020	4.170	1.910
41	40	5.000	4.170	1.899
41	41	5.020	4.140	2.018
41	42	5.020	4.150	1.948
41	43	5.000	4.160	1.971
41	44	5.000	4.200	1.761
41	45	5.000	4.180	1.866
41	46	5.000	4.190	1.983
41	47	5.000	4.180	1.831
41	48	5.020	4.250	1.855
41	49	5.000	4.180	1.961
41	50	5.000	4.180	1.906
Executing FF Gene Output
41	B	5.02

42	1	4.660	3.690	1.558
42	2	5.000	3.990	1.614
42	3	5.000	4.230	1.777
42	4	5.000	4.370	1.683
42	5	5.000	4.450	1.591
42	6	5.020	4.560	1.496
42	7	5.000	4.540	1.569
42	8	5.020	4.640	1.295
42	9	5.000	4.630	1.415
42	10	5.000	4.480	1.470
42	11	5.000	4.510	1.570
42	12	5.000	4.530	1.524
42	13	5.000	4.500	1.435
42	14	5.000	4.560	1.409
42	15	5.000	4.550	1.445
42	16	5.000	4.440	1.632
42	17	5.000	4.610	1.388
42	18	5.000	4.540	1.563
42	19	5.000	4.470	1.456
42	20	5.020	4.560	1.373
42	21	5.000	4.580	1.353
42	22	5.000	4.550	1.510
42	23	5.000	4.540	1.540
42	24	5.000	4.610	1.392
42	25	5.000	4.520	1.579
42	26	5.000	4.470	1.605
42	27	5.000	4.500	1.541
42	28	5.000	4.580	1.515
42	29	5.020	4.540	1.490
42	30	5.000	4.550	1.486
42	31	5.020	4.500	1.633
42	32	5.000	4.550	1.462
42	33	5.020	4.520	1.480
42	34	5.000	4.520	1.504
42	35	5.020	4.600	1.460
42	36	5.000	4.530	1.490
42	37	5.000	4.520	1.467
42	38	5.000	4.590	1.418
42	39	5.000	4.420	1.665
42	40	5.000	4.600	1.348
42	41	5.000	4.550	1.469
42	42	5.000	4.470	1.672
42	43	5.000	4.600	1.414
42	44	5.020	4.570	1.496
42	45	5.020	4.500	1.557
42	46	5.000	4.480	1.554
42	47	5.020	4.490	1.664
42	48	5.000	4.530	1.521
42	49	5.000	4.550	1.473
42	50	5.000	4.440	1.613
Executing FF Gene Output
42	B	5.02

43	1	5.000	3.780	1.498
43	2	5.020	3.970	1.845
43	3	5.020	4.090	2.140
43	4	5.020	4.030	2.158
43	5	5.000	4.140	2.261
43	6	5.000	4.150	2.103
43	7	5.000	4.190	2.070
43	8	5.020	4.200	2.077
43	9	5.020	4.140	2.025
43	10	5.000	4.180	2.054
43	11	5.000	4.160	1.976
43	12	5.020	4.190	1.986
43	13	5.000	4.150	1.940
43	14	5.000	4.260	1.818
43	15	5.000	4.250	1.984
43	16	5.000	4.150	1.974
43	17	5.020	4.200	1.933
43	18	5.000	4.290	1.945
43	19	5.000	4.250	2.004
43	20	5.000	4.220	1.915
43	21	5.000	4.280	1.980
43	22	5.020	4.300	1.951
43	23	5.000	4.220	2.015
43	24	5.000	4.290	2.024
43	25	5.000	4.200	1.967
43	26	5.000	4.230	1.966
43	27	5.000	4.260	1.936
43	28	5.020	4.310	1.950
43	29	5.020	4.250	2.004
43	30	5.020	4.250	2.074
43	31	5.000	4.250	2.148
43	32	5.000	4.280	2.092
43	33	5.000	4.170	2.218
43	34	5.020	4.290	2.102
43	35	5.020	4.250	2.064
43	36	5.000	4.310	2.095
43	37	5.000	4.310	2.090
43	38	5.020	4.290	2.073
43	39	5.000	4.270	2.064
43	40	5.020	4.290	2.046
43	41	5.020	4.310	2.024
43	42	5.020	4.350	2.017
43	43	5.020	4.250	2.136
43	44	5.020	4.260	2.060
43	45	5.020	4.270	2.054
43	46	5.000	4.250	2.105
43	47	5.000	4.240	2.125
43	48	5.000	4.320	1.959
43	49	5.000	4.230	2.047
43	50	5.020	4.320	2.014
Executing FF Gene Output
43	B	5.02

44	1	5.000	3.740	1.502
44	2	5.000	4.010	1.494
44	3	5.000	4.360	1.703
44	4	5.020	4.580	1.387
44	5	5.000	4.510	1.630
44	6	5.000	4.640	1.349
44	7	5.000	4.650	1.399
44	8	5.020	4.550	1.666
44	9	5.020	4.570	1.575
44	10	5.020	4.620	1.430
44	11	5.000	4.620	1.444
44	12	5.000	4.630	1.468
44	13	5.000	4.560	1.520
44	14	5.000	4.510	1.642
44	15	5.000	4.590	1.488
44	16	5.020	4.670	1.386
44	17	5.000	4.520	1.605
44	18	5.020	4.530	1.521
44	19	5.000	4.660	1.376
44	20	5.000	4.560	1.448
44	21	5.000	4.510	1.570
44	22	5.000	4.650	1.347
44	23	5.020	4.540	1.507
44	24	5.000	4.560	1.420
44	25	5.020	4.600	1.371
44	26	5.000	4.590	1.411
44	27	5.020	4.510	1.602
44	28	5.000	4.550	1.503
44	29	5.000	4.510	1.531
44	30	5.020	4.480	1.645
44	31	5.000	4.620	1.427
44	32	5.000	4.530	1.527
44	33	5.000	4.510	1.605
44	34	5.000	4.570	1.492
44	35	5.000	4.580	1.505
44	36	5.000	4.600	1.385
44	37	5.020	4.610	1.410
44	38	5.000	4.540	1.543
44	39	5.000	4.540	1.417
44	40	5.000	4.510	1.627
44	41	5.000	4.500	1.567
44	42	5.020	4.610	1.438
44	43	5.020	4.580	1.405
44	44	5.000	4.490	1.570
44	45	5.000	4.490	1.547
44	46	5.000	4.530	1.477
44	47	5.000	4.540	1.470
44	48	5.000	4.510	1.491
44	49	5.020	4.590	1.323
44	50	5.000	4.510	1.557
Executing FF Gene Output
44	B	5.02

45	1	4.920	3.560	1.746
45	2	5.020	3.840	1.754
45	3	5.000	3.830	1.818
45	4	5.000	4.000	1.694
45	5	5.000	3.990	1.815
45	6	5.020	3.980	1.688
45	7	5.000	3.980	1.480
45	8	5.000	3.990	1.664
45	9	5.000	3.990	1.654
45	10	5.000	4.030	1.720
45	11	5.000	4.020	1.705
45	12	5.000	4.000	1.688
45	13	5.000	3.970	1.633
45	14	5.020	4.010	1.711
45	15	5.000	4.070	1.644
45	16	5.020	4.090	1.781
45	17	5.000	4.170	1.718
45	18	5.000	4.210	1.684
45	19	5.020	4.240	1.718
45	20	5.000	4.200	1.732
45	21	5.020	4.290	1.783
45	22	5.000	4.170	1.732
45	23	5.020	4.280	1.700
45	24	5.000	4.160	1.819
45	25	5.000	4.250	1.803
45	26	5.000	4.250	1.766
45	27	5.000	4.190	1.952
45	28	5.000	4.160	1.978
45	29	5.000	4.190	1.816
45	30	5.020	4.140	1.907
45	31	5.000	4.210	1.794
45	32	5.000	4.260	1.921
45	33	5.000	4.200	1.820
45	34	5.000	4.240	1.862
45	35	5.020	4.170	2.096
45	36	5.000	4.150	1.974
45	37	5.020	4.260	1.988
45	38	5.000	4.190	1.924
45	39	5.020	4.230	1.909
45	40	5.020	4.200	1.920
45	41	5.000	4.250	1.836
45	42	5.000	4.190	1.942
45	43	5.000	4.200	1.920
45	44	5.020	4.160	1.958
45	45	5.000	4.180	2.004
45	46	5.000	4.300	1.840
45	47	5.000	4.160	1.978
45	48	5.000	4.120	2.049
45	49	5.020	4.250	1.919
45	50	5.000	4.170	2.025
Executing FF Gene Output
45	B	5.02

46	1	5.000	3.720	1.518
46	2	5.000	4.070	1.492
46	3	5.000	4.300	1.528
46	4	5.000	4.570	1.339
46	5	5.000	4.600	1.326
46	6	5.000	4.380	1.683
46	7	5.000	4.660	1.216
46	8	5.000	4.620	1.270
46	9	5.000	4.640	1.172
46	10	5.020	4.730	1.209
46	11	5.000	4.660	1.249
46	12	5.000	4.640	1.318
46	13	5.000	4.620	1.229
46	14	5.000	4.580	1.361
46	15	5.020	4.660	1.199
46	16	5.000	4.670	1.133
46	17	5.000	4.650	1.290
46	18	5.020	4.720	1.142
46	19	5.000	4.720	1.074
46	20	5.020	4.730	1.028
46	21	5.000	4.730	1.145
46	22	5.000	4.690	1.233
46	23	5.000	4.720	1.124
46	24	5.000	4.710	1.033
46	25	5.000	4.720	1.083
46	26	5.000	4.660	1.204
46	27	5.000	4.650	1.238
46	28	5.020	4.660	1.143
46	29	5.000	4.700	1.128
46	30	5.000	4.670	1.168
46	31	5.000	4.660	1.170
46	32	5.000	4.690	1.195
46	33	5.000	4.650	1.254
46	34	5.000	4.600	1.291
46	35	5.000	4.690	0.997
46	36	5.000	4.650	1.213
46	37	5.000	4.700	1.054
46	38	5.000	4.590	1.323
46	39	5.000	4.630	1.253
46	40	5.000	4.640	1.291
46	41	5.000	4.680	1.230
46	42	5.000	4.590	1.371
46	43	5.000	4.620	1.225
46	44	5.000	4.680	1.209
46	45	5.020	4.650	1.242
46	46	5.000	4.580	1.300
46	47	5.000	4.620	1.277
46	48	5.020	4.610	1.355
46	49	5.000	4.530	1.435
46	50	5.000	4.630	1.228
Executing FF Gene Output
46	B	5.02

47	1	4.960	3.760	1.574
47	2	5.000	4.310	1.581
47	3	5.000	4.390	1.696
47	4	5.020	4.430	1.533
47	5	5.020	4.540	1.424
47	6	5.000	4.480	1.534
47	7	5.020	4.420	1.643
47	8	5.000	4.380	1.704
47	9	5.000	4.340	1.722
47	10	5.020	4.460	1.550
47	11	5.000	4.480	1.456
47	12	5.000	4.570	1.391
47	13	5.000	4.390	1.769
47	14	5.000	4.530	1.442
47	15	5.000	4.500	1.541
47	16	5.020	4.600	1.456
47	17	5.000	4.460	1.617
47	18	5.000	4.320	1.757
47	19	5.020	4.380	1.695
47	20	5.000	4.420	1.730
47	21	5.020	4.490	1.589
47	22	5.000	4.400	1.767
47	23	5.000	4.500	1.700
47	24	5.000	4.470	1.675
47	25	5.000	4.480	1.579
47	26	5.000	4.530	1.608
47	27	5.000	4.370	1.683
47	28	5.000	4.580	1.387
47	29	5.000	4.490	1.547
47	30	5.000	4.520	1.487
47	31	5.000	4.630	1.383
47	32	5.000	4.420	1.612
47	33	5.020	4.460	1.675
47	34	5.020	4.430	1.731
47	35	5.020	4.490	1.621
47	36	5.000	4.520	1.636
47	37	5.000	4.510	1.470
47	38	5.000	4.510	1.580
47	39	5.000	4.490	1.709
47	40	5.000	4.560	1.503
47	41	5.020	4.550	1.510
47	42	5.000	4.400	1.703
47	43	5.000	4.510	1.537
47	44	5.020	4.500	1.537
47	45	5.000	4.480	1.685
47	46	5.000	4.540	1.456
47	47	5.020	4.410	1.790
47	48	5.000	4.460	1.598
47	49	5.000	4.430	1.600
47	50	5.000	4.460	1.663
Executing FF Gene Output
47	B	5.02

48	1	4.820	3.790	1.493
48	2	5.000	4.030	1.648
48	3	5.000	4.040	1.726
48	4	5.000	4.070	1.731
48	5	5.020	4.130	1.698
48	6	5.000	4.150	1.648
48	7	5.000	4.050	1.693
48	8	5.000	4.090	1.703
48	9	5.000	4.040	1.814
48	10	5.000	4.080	1.773
48	11	5.020	4.060	1.731
48	12	5.000	4.150	1.737
48	13	5.000	4.040	1.758
48	14	5.000	4.040	1.666
48	15	5.000	4.120	1.777
48	16	5.020	4.080	1.733
48	17	5.000	4.180	1.696
48	18	5.000	4.070	1.742
48	19	5.000	4.140	1.894
48	20	5.000	4.180	1.885
48	21	5.000	4.110	2.044
48	22	5.020	4.130	1.937
48	23	5.000	4.120	2.024
48	24	5.020	4.140	1.957
48	25	5.020	4.100	2.013
48	26	5.000	4.090	2.128
48	27	5.020	4.140	1.993
48	28	5.000	4.170	2.028
48	29	5.000	4.070	2.097
48	30	5.000	4.120	1.973
48	31	5.000	4.140	1.861
48	32	5.000	4.150	1.912
48	33	5.020	4.120	1.701
48	34	5.000	4.000	1.845
48	35	5.000	4.140	1.614
48	36	5.020	4.030	1.856
48	37	5.000	4.130	1.759
48	38	5.000	4.120	1.777
48	39	5.000	4.170	1.807
48	40	5.000	4.130	1.776
48	41	5.000	4.140	1.706
48	42	5.020	4.130	1.618
48	43	5.000	4.160	1.756
48	44	5.000	4.150	1.696
48	45	5.000	4.130	1.750
48	46	5.020	4.040	1.740
48	47	5.000	4.040	1.699
48	48	5.000	4.090	1.821
48	49	5.020	4.100	1.806
48	50	5.000	4.040	1.820
Executing FF Gene Output
48	B	5.02

49	1	4.860	3.660	1.704
49	2	5.000	3.970	1.678
49	3	5.020	4.190	1.881
49	4	5.000	4.280	1.886
49	5	5.020	4.130	1.993
49	6	5.000	4.200	1.944
49	7	5.020	4.250	1.917
49	8	5.000	4.080	2.104
49	9	5.020	4.300	1.861
49	10	5.000	4.220	2.048
49	11	5.000	4.230	1.893
49	12	5.000	4.260	1.848
49	13	5.000	4.240	1.934
49	14	5.000	4.200	1.826
49	15	5.020	4.190	1.913
49	16	5.000	4.160	2.009
49	17	5.000	4.080	2.078
49	18	5.000	4.150	2.007
49	19	5.000	4.240	1.902
49	20	5.000	4.180	2.044
49	21	5.000	4.180	1.969
49	22	5.000	4.150	2.002
49	23	5.000	4.200	1.995
49	24	5.000	4.180	2.032
49	25	5.000	4.250	1.917
49	26	5.000	4.090	2.099
49	27	5.020	4.250	2.004
49	28	5.020	4.170	2.020
49	29	5.000	4.150	2.091
49	30	5.000	4.320	1.961
49	31	5.000	4.210	1.986
49	32	5.000	4.230	2.049
49	33	5.000	4.240	2.041
49	34	5.020	4.240	1.978
49	35	5.000	4.170	2.060
49	36	5.000	4.240	1.952
49	37	5.000	4.260	1.996
49	38	5.000	4.170	2.125
49	39	5.020	4.300	1.920
49	40	5.000	4.250	1.994
49	41	5.020	4.260	1.876
49	42	5.020	4.190	2.066
49	43	5.000	4.150	2.012
49	44	5.000	4.180	1.850
49	45	5.000	4.170	1.967
49	46	5.000	4.170	2.000
49	47	5.020	4.200	2.020
49	48	5.000	4.260	1.770
49	49	5.000	4.200	1.951
49	50	5.000	4.130	1.916
Executing FF Gene Output
49	B	5.02

50	1	5.000	3.660	1.659
50	2	5.000	3.920	1.565
50	3	5.000	4.070	1.868
50	4	5.000	4.150	1.935
50	5	5.020	4.180	1.893
50	6	5.020	4.400	1.648
50	7	5.020	4.310	1.759
50	8	5.000	4.380	1.680
50	9	5.000	4.360	1.851
50	10	5.020	4.360	1.709
50	11	5.000	4.340	1.745
50	12	5.000	4.340	1.796
50	13	5.020	4.310	1.862
50	14	5.000	4.380	1.653
50	15	5.020	4.310	1.686
50	16	5.000	4.290	1.866
50	17	5.000	4.430	1.584
50	18	5.000	4.320	1.858
50	19	5.000	4.290	1.830
50	20	5.000	4.200	1.845
50	21	5.000	4.320	1.839
50	22	5.000	4.270	1.935
50	23	5.000	4.320	1.969
50	24	5.000	4.400	1.809
50	25	5.000	4.320	1.946
50	26	5.000	4.370	1.742
50	27	5.000	4.360	1.949
50	28	5.000	4.400	1.856
50	29	5.000	4.460	1.729
50	30	5.000	4.440	1.828
50	31	5.000	4.370	1.968
50	32	5.000	4.370	1.894
50	33	5.000	4.480	1.744
50	34	5.020	4.360	1.747
50	35	5.000	4.370	1.715
50	36	5.000	4.380	1.751
50	37	5.020	4.350	1.711
50	38	5.000	4.370	1.782
50	39	5.000	4.270	1.575
50	40	5.000	4.330	1.498
50	41	5.000	4.350	1.591
50	42	5.020	4.240	1.628
50	43	5.000	4.350	1.469
50	44	5.000	4.360	1.491
50	45	5.000	4.410	1.593
50	46	5.000	4.310	1.574
50	47	5.000	4.340	1.516
50	48	5.000	4.330	1.612
50	49	5.000	4.380	1.549
50	50	5.000	4.290	1.496
Executing FF Gene Output
50	B	5.02

Over All:
	Average Run Average Fitness: 3
	Average Run Best Fitness: 5
	Best Fitness: 5.02
	Best Chromo: Run 1: Generation 9: 5863 6260 8129 4068 2796 9463 2197 8209 7076 7488 9329 4307 9135 2365 6042 4878 4675 2517 2755 9946 4873 6973 9755 1040 9887 6642 8892 6409 4319 1384 6912 7820 9784 809 4564 4947 9526 1595 9954 818 503 4516 3290 3243 7472 4971 4600 9685 2536 1870 3386 5102 4085 9928 1504 6571 3711 735 8073 443 4203 8365 5767 8555 7908 5128 1454 3300 4107 4783 875 2318 8229 8042 4619 8495 1596 2549 7721 7706 8406 5105 3421 6751 3132 4974 530 9583 8768 1940 9258 9064 2649 887 7201 8667 1492 3359 7507 8155 108 9692 7219 9719 1862 6254 9088 8636 177 531 953 257 9629 8035 153 7582 1185 5347 5133 279 3348 8178 177 7964 7059 6821 3775 3885 6132 2515 9953 3130 9529 3154 8774 4209 9546 539 2896 3270 4562 435 3428 7329 9533 4614 5804 6139 2457 1639 972 1596 3903 3196 6340 4340 5620 2908 358 7417 6462 1446 3922 6432 273 341 9111 1030 9446 3180 7198 2064 4964 5528 5880 7351 3475 413 7545 5167 1061 617 5359 7754 2153 5050 8582 8255 8652 8752 7921 5203 1435 7862 8396 8179 5032 5149 4929 7636 1617 3216 391 1526 7968 229 6290 5101 9277 7417 2548 6956 9450 3294 673 2580 5010 5877 267 845 3434 5498 7153 8326 7380 9152 3430 2234 6206 4054 7455 3567 4630 9684 9762 5275 1648 3601 9024 2481 6493 6210 2776 8775 8570 311 4100 8517 1407 9311 5810 17 247 747 3063 9979 
Start:  Sun Mar 20 23:07:45 EDT 2016
End  :  Sun Mar 20 23:09:29 EDT 2016
