
Parameter File Name is: hw3_axel_c.params

Setting up Fitness Function.....Iterated Prisoner's Dilemma
1	1	6.920	5.200	1.859
1	2	6.920	5.790	2.750
1	3	6.920	5.940	3.287
1	4	6.920	5.970	3.330
1	5	6.920	5.970	3.315
1	6	6.920	5.980	3.327
1	7	6.920	5.970	3.313
1	8	6.920	5.970	3.327
1	9	6.920	5.990	3.332
1	10	6.920	5.990	3.318
1	11	6.920	5.950	3.295
1	12	6.920	5.970	3.300
1	13	6.920	5.950	3.272
1	14	6.920	5.920	3.276
1	15	6.920	5.990	3.330
1	16	6.920	5.980	3.330
1	17	6.920	5.970	3.327
1	18	6.920	5.960	3.327
1	19	6.920	5.970	3.329
1	20	6.920	5.970	3.312
1	21	6.920	5.970	3.326
1	22	6.920	5.970	3.323
1	23	6.920	5.980	3.326
1	24	6.920	5.960	3.319
1	25	6.920	5.960	3.327
1	26	6.920	5.970	3.310
1	27	6.920	5.960	3.298
1	28	6.920	5.960	3.309
1	29	6.920	5.980	3.330
1	30	6.920	5.970	3.329
1	31	6.920	5.960	3.309
1	32	6.920	5.980	3.327
1	33	6.920	5.950	3.310
1	34	6.920	5.970	3.327
1	35	6.920	5.990	3.330
1	36	6.920	5.990	3.333
1	37	6.920	5.980	3.330
1	38	6.920	5.970	3.330
1	39	6.920	5.940	3.313
1	40	6.920	5.970	3.315
1	41	6.920	5.980	3.318
1	42	6.920	5.980	3.327
1	43	6.920	5.980	3.315
1	44	6.920	5.920	3.300
1	45	6.920	5.970	3.303
1	46	6.920	5.970	3.316
1	47	6.920	5.970	3.330
1	48	6.920	5.950	3.321
1	49	6.920	5.960	3.312
1	50	6.920	5.930	3.279
Executing FF Gene Output
1	B	6.92

2	1	6.920	5.230	1.825
2	2	6.920	5.870	2.984
2	3	6.920	5.990	3.264
2	4	6.920	5.990	3.318
2	5	6.920	5.980	3.321
2	6	6.920	5.960	3.290
2	7	6.920	5.970	3.258
2	8	6.920	5.990	3.314
2	9	6.920	6.000	3.318
2	10	6.920	5.990	3.297
2	11	6.920	5.980	3.297
2	12	6.920	5.970	3.253
2	13	6.920	6.000	3.333
2	14	6.920	5.990	3.304
2	15	6.920	6.000	3.320
2	16	6.920	6.000	3.333
2	17	6.920	5.980	3.315
2	18	6.920	6.000	3.306
2	19	6.920	5.990	3.301
2	20	6.920	5.970	3.281
2	21	6.920	5.970	3.283
2	22	6.920	5.960	3.281
2	23	6.920	5.980	3.315
2	24	6.920	5.960	3.255
2	25	6.920	5.970	3.260
2	26	6.920	5.980	3.297
2	27	6.920	6.000	3.333
2	28	6.920	6.000	3.303
2	29	6.920	5.990	3.317
2	30	6.920	5.990	3.301
2	31	6.920	5.990	3.330
2	32	6.920	5.970	3.312
2	33	6.920	5.960	3.300
2	34	6.920	5.980	3.329
2	35	6.920	5.970	3.327
2	36	6.920	5.970	3.329
2	37	6.920	5.970	3.312
2	38	6.920	5.970	3.301
2	39	6.920	5.960	3.313
2	40	6.920	5.970	3.297
2	41	6.920	5.990	3.301
2	42	6.920	5.990	3.333
2	43	6.920	5.990	3.333
2	44	6.920	5.980	3.333
2	45	6.920	5.980	3.317
2	46	6.920	6.000	3.317
2	47	6.920	5.980	3.327
2	48	6.920	6.000	3.333
2	49	6.920	5.970	3.295
2	50	6.920	5.970	3.310
Executing FF Gene Output
2	B	6.92

3	1	6.920	5.180	1.953
3	2	6.920	5.800	2.611
3	3	6.920	5.990	3.204
3	4	6.920	5.990	3.306
3	5	6.920	6.000	3.333
3	6	6.920	5.980	3.303
3	7	6.920	6.000	3.333
3	8	6.920	5.990	3.317
3	9	6.920	5.980	3.323
3	10	6.920	5.990	3.329
3	11	6.920	5.990	3.329
3	12	6.920	5.960	3.304
3	13	6.920	5.960	3.321
3	14	6.920	5.990	3.326
3	15	6.920	5.940	3.287
3	16	6.920	5.970	3.326
3	17	6.920	5.960	3.297
3	18	6.920	5.940	3.284
3	19	6.920	5.970	3.316
3	20	6.920	5.970	3.318
3	21	6.920	5.980	3.324
3	22	6.920	5.990	3.329
3	23	6.920	5.980	3.324
3	24	6.920	5.960	3.304
3	25	6.920	5.980	3.323
3	26	6.920	5.960	3.313
3	27	6.920	5.970	3.324
3	28	6.920	5.980	3.323
3	29	6.920	5.990	3.318
3	30	6.920	5.980	3.323
3	31	6.920	5.970	3.316
3	32	6.920	5.970	3.320
3	33	6.920	5.970	3.320
3	34	6.920	5.980	3.324
3	35	6.920	5.980	3.314
3	36	6.920	5.980	3.314
3	37	6.920	5.970	3.318
3	38	6.920	5.980	3.321
3	39	6.920	5.970	3.320
3	40	6.920	5.990	3.329
3	41	6.920	5.960	3.315
3	42	6.920	5.940	3.295
3	43	6.920	5.960	3.315
3	44	6.920	5.960	3.313
3	45	6.920	5.970	3.307
3	46	6.920	5.980	3.314
3	47	6.920	5.970	3.307
3	48	6.920	5.980	3.314
3	49	6.920	5.960	3.313
3	50	6.920	5.960	3.313
Executing FF Gene Output
3	B	6.92

4	1	6.920	5.210	1.722
4	2	6.920	5.850	2.655
4	3	6.920	5.970	3.216
4	4	6.920	5.970	3.246
4	5	6.920	5.980	3.321
4	6	6.920	5.970	3.304
4	7	6.920	6.000	3.309
4	8	6.920	5.990	3.303
4	9	6.920	5.990	3.277
4	10	6.920	5.990	3.281
4	11	6.920	5.990	3.315
4	12	6.920	5.970	3.284
4	13	6.920	5.990	3.318
4	14	6.920	5.990	3.318
4	15	6.920	5.960	3.281
4	16	6.920	5.960	3.281
4	17	6.920	5.980	3.288
4	18	6.920	5.990	3.306
4	19	6.920	6.000	3.297
4	20	6.920	6.000	3.309
4	21	6.920	6.000	3.297
4	22	6.920	6.000	3.297
4	23	6.920	5.990	3.327
4	24	6.920	6.000	3.333
4	25	6.920	5.980	3.297
4	26	6.920	5.990	3.318
4	27	6.920	5.980	3.321
4	28	6.920	6.000	3.333
4	29	6.920	5.990	3.327
4	30	6.920	5.990	3.315
4	31	6.920	5.990	3.291
4	32	6.920	5.980	3.309
4	33	6.920	5.970	3.294
4	34	6.920	5.980	3.297
4	35	6.920	5.990	3.315
4	36	6.920	5.960	3.269
4	37	6.920	5.990	3.315
4	38	6.920	6.000	3.321
4	39	6.920	5.980	3.300
4	40	6.920	6.000	3.309
4	41	6.920	6.000	3.321
4	42	6.920	5.980	3.275
4	43	6.920	5.990	3.315
4	44	6.920	5.990	3.306
4	45	6.920	5.990	3.327
4	46	6.920	5.990	3.327
4	47	6.920	5.990	3.315
4	48	6.920	6.000	3.309
4	49	6.920	5.990	3.306
4	50	6.920	6.000	3.333
Executing FF Gene Output
4	B	6.92

5	1	6.920	5.220	1.993
5	2	6.920	5.820	2.700
5	3	6.920	5.910	3.224
5	4	6.920	5.920	3.282
5	5	6.920	5.970	3.323
5	6	6.920	5.950	3.315
5	7	6.920	5.960	3.315
5	8	6.920	5.980	3.303
5	9	6.920	5.980	3.315
5	10	6.920	5.990	3.318
5	11	6.920	5.980	3.310
5	12	6.920	5.960	3.300
5	13	6.920	5.980	3.323
5	14	6.920	5.990	3.318
5	15	6.920	5.980	3.330
5	16	6.920	5.980	3.321
5	17	6.920	5.980	3.318
5	18	6.920	5.980	3.333
5	19	6.920	5.980	3.324
5	20	6.920	5.970	3.318
5	21	6.920	5.970	3.326
5	22	6.920	5.980	3.326
5	23	6.920	5.940	3.308
5	24	6.920	5.970	3.310
5	25	6.920	5.980	3.330
5	26	6.920	5.970	3.320
5	27	6.920	5.970	3.326
5	28	6.920	5.970	3.330
5	29	6.920	5.960	3.304
5	30	6.920	5.970	3.321
5	31	6.920	5.940	3.304
5	32	6.920	5.990	3.333
5	33	6.920	5.960	3.312
5	34	6.920	5.980	3.332
5	35	6.920	5.970	3.329
5	36	6.920	5.990	3.329
5	37	6.920	5.980	3.318
5	38	6.920	5.970	3.309
5	39	6.920	5.950	3.310
5	40	6.920	5.980	3.317
5	41	6.920	5.970	3.312
5	42	6.920	5.940	3.295
5	43	6.920	5.960	3.307
5	44	6.920	5.980	3.314
5	45	6.920	5.950	3.286
5	46	6.920	5.990	3.318
5	47	6.920	5.960	3.316
5	48	6.920	5.970	3.316
5	49	6.920	5.940	3.304
5	50	6.920	5.980	3.321
Executing FF Gene Output
5	B	6.92

6	1	6.920	5.230	1.844
6	2	6.920	5.860	2.584
6	3	6.920	5.960	3.141
6	4	6.920	5.940	3.248
6	5	6.920	5.990	3.295
6	6	6.920	5.970	3.309
6	7	6.920	5.980	3.323
6	8	6.920	6.000	3.333
6	9	6.920	5.990	3.306
6	10	6.920	5.980	3.324
6	11	6.920	5.980	3.323
6	12	6.920	5.960	3.315
6	13	6.920	5.960	3.313
6	14	6.920	5.940	3.305
6	15	6.920	5.980	3.312
6	16	6.920	5.960	3.307
6	17	6.920	5.990	3.329
6	18	6.920	5.970	3.323
6	19	6.920	5.980	3.295
6	20	6.920	5.960	3.278
6	21	6.920	5.940	3.276
6	22	6.920	5.960	3.318
6	23	6.920	5.970	3.304
6	24	6.920	6.000	3.333
6	25	6.920	5.960	3.269
6	26	6.920	5.970	3.295
6	27	6.920	5.990	3.333
6	28	6.920	5.990	3.318
6	29	6.920	5.990	3.301
6	30	6.920	5.970	3.318
6	31	6.920	5.980	3.327
6	32	6.920	5.970	3.301
6	33	6.920	5.980	3.301
6	34	6.920	5.960	3.281
6	35	6.920	5.950	3.272
6	36	6.920	5.970	3.318
6	37	6.920	5.980	3.333
6	38	6.920	5.970	3.312
6	39	6.920	5.970	3.333
6	40	6.920	5.970	3.327
6	41	6.920	5.980	3.333
6	42	6.920	5.960	3.293
6	43	6.920	5.970	3.327
6	44	6.920	6.000	3.317
6	45	6.920	5.990	3.318
6	46	6.920	5.960	3.298
6	47	6.920	5.970	3.316
6	48	6.920	5.980	3.329
6	49	6.920	5.950	3.301
6	50	6.920	5.990	3.333
Executing FF Gene Output
6	B	6.92

7	1	6.920	5.170	1.859
7	2	6.920	5.840	2.671
7	3	6.920	5.900	3.210
7	4	6.920	5.950	3.286
7	5	6.920	5.960	3.297
7	6	6.920	5.960	3.293
7	7	6.920	5.990	3.318
7	8	6.920	5.990	3.317
7	9	6.920	6.000	3.332
7	10	6.920	5.990	3.301
7	11	6.920	6.000	3.318
7	12	6.920	5.990	3.261
7	13	6.920	6.000	3.320
7	14	6.920	6.000	3.333
7	15	6.920	6.000	3.317
7	16	6.920	6.000	3.333
7	17	6.920	6.000	3.330
7	18	6.920	6.000	3.332
7	19	6.920	5.990	3.303
7	20	6.920	5.990	3.304
7	21	6.920	6.000	3.317
7	22	6.920	6.000	3.317
7	23	6.920	5.990	3.318
7	24	6.920	6.000	3.286
7	25	6.920	5.990	3.301
7	26	6.920	5.990	3.291
7	27	6.920	5.980	3.286
7	28	6.920	5.980	3.310
7	29	6.920	5.970	3.309
7	30	6.920	5.980	3.324
7	31	6.920	5.960	3.315
7	32	6.920	5.960	3.289
7	33	6.920	5.990	3.303
7	34	6.920	5.990	3.318
7	35	6.920	5.940	3.295
7	36	6.920	5.970	3.309
7	37	6.920	5.980	3.324
7	38	6.920	5.950	3.289
7	39	6.920	5.960	3.303
7	40	6.920	5.960	3.315
7	41	6.920	5.970	3.320
7	42	6.920	5.950	3.309
7	43	6.920	5.950	3.310
7	44	6.920	5.960	3.304
7	45	6.920	5.990	3.312
7	46	6.920	5.990	3.329
7	47	6.920	5.970	3.297
7	48	6.920	5.960	3.304
7	49	6.920	5.950	3.310
7	50	6.920	5.960	3.304
Executing FF Gene Output
7	B	6.92

8	1	6.920	5.150	1.874
8	2	6.920	5.800	2.906
8	3	6.920	5.960	3.214
8	4	6.920	5.980	3.318
8	5	6.920	5.960	3.333
8	6	6.920	5.960	3.275
8	7	6.920	5.940	3.251
8	8	6.920	5.980	3.294
8	9	6.920	5.980	3.306
8	10	6.920	6.000	3.309
8	11	6.920	6.000	3.321
8	12	6.920	5.990	3.333
8	13	6.920	5.980	3.333
8	14	6.920	6.000	3.291
8	15	6.920	5.980	3.291
8	16	6.920	5.980	3.321
8	17	6.920	5.970	3.287
8	18	6.920	5.970	3.303
8	19	6.920	5.960	3.275
8	20	6.920	5.990	3.333
8	21	6.920	5.990	3.333
8	22	6.920	5.970	3.321
8	23	6.920	5.990	3.321
8	24	6.920	5.980	3.306
8	25	6.920	5.990	3.306
8	26	6.920	6.000	3.309
8	27	6.920	5.980	3.318
8	28	6.920	5.950	3.244
8	29	6.920	5.990	3.306
8	30	6.920	5.990	3.306
8	31	6.920	5.970	3.318
8	32	6.920	5.990	3.318
8	33	6.920	5.990	3.321
8	34	6.920	5.970	3.306
8	35	6.920	5.990	3.321
8	36	6.920	5.980	3.294
8	37	6.920	5.980	3.318
8	38	6.920	6.000	3.333
8	39	6.920	5.990	3.275
8	40	6.920	5.980	3.288
8	41	6.920	6.000	3.333
8	42	6.920	5.980	3.303
8	43	6.920	5.990	3.318
8	44	6.920	6.000	3.321
8	45	6.920	5.990	3.294
8	46	6.920	6.000	3.288
8	47	6.920	5.990	3.303
8	48	6.920	5.960	3.275
8	49	6.920	5.980	3.324
8	50	6.920	5.980	3.306
Executing FF Gene Output
8	B	6.92

9	1	6.920	5.180	1.657
9	2	6.920	5.780	2.640
9	3	6.920	5.970	3.225
9	4	6.920	6.000	3.333
9	5	6.920	5.990	3.300
9	6	6.920	5.990	3.320
9	7	6.920	6.000	3.318
9	8	6.920	6.000	3.326
9	9	6.920	6.000	3.333
9	10	6.920	5.990	3.320
9	11	6.920	5.970	3.306
9	12	6.920	6.000	3.333
9	13	6.920	5.980	3.304
9	14	6.920	5.980	3.295
9	15	6.920	6.000	3.309
9	16	6.920	5.990	3.301
9	17	6.920	6.000	3.280
9	18	6.920	5.990	3.309
9	19	6.920	5.990	3.311
9	20	6.920	5.990	3.311
9	21	6.920	5.990	3.318
9	22	6.920	5.980	3.294
9	23	6.920	5.990	3.318
9	24	6.920	5.960	3.290
9	25	6.920	5.990	3.318
9	26	6.920	6.000	3.326
9	27	6.920	5.990	3.266
9	28	6.920	5.980	3.286
9	29	6.920	5.960	3.300
9	30	6.920	5.940	3.289
9	31	6.920	5.970	3.298
9	32	6.920	5.980	3.303
9	33	6.920	5.960	3.273
9	34	6.920	6.000	3.317
9	35	6.920	6.000	3.333
9	36	6.920	6.000	3.333
9	37	6.920	5.980	3.333
9	38	6.920	5.990	3.333
9	39	6.920	5.980	3.317
9	40	6.920	5.980	3.301
9	41	6.920	5.980	3.317
9	42	6.920	6.000	3.300
9	43	6.920	6.000	3.317
9	44	6.920	5.990	3.321
9	45	6.920	5.990	3.333
9	46	6.920	5.990	3.317
9	47	6.920	5.990	3.318
9	48	6.920	5.980	3.303
9	49	6.920	5.990	3.318
9	50	6.920	5.990	3.318
Executing FF Gene Output
9	B	6.92

10	1	6.920	5.270	1.917
10	2	6.920	5.920	3.265
10	3	6.920	5.940	3.259
10	4	6.920	5.990	3.326
10	5	6.920	5.980	3.314
10	6	6.920	5.970	3.298
10	7	6.920	5.930	3.279
10	8	6.920	5.980	3.324
10	9	6.920	5.930	3.279
10	10	6.920	5.980	3.310
10	11	6.920	5.980	3.324
10	12	6.920	5.980	3.321
10	13	6.920	5.950	3.296
10	14	6.920	6.000	3.333
10	15	6.920	5.950	3.307
10	16	6.920	5.980	3.324
10	17	6.920	5.980	3.324
10	18	6.920	5.960	3.315
10	19	6.920	5.950	3.287
10	20	6.920	6.000	3.333
10	21	6.920	5.990	3.327
10	22	6.920	5.990	3.329
10	23	6.920	5.970	3.304
10	24	6.920	5.970	3.309
10	25	6.920	5.970	3.309
10	26	6.920	5.960	3.313
10	27	6.920	5.970	3.327
10	28	6.920	5.990	3.333
10	29	6.920	5.970	3.323
10	30	6.920	5.980	3.303
10	31	6.920	5.970	3.318
10	32	6.920	5.970	3.318
10	33	6.920	5.970	3.280
10	34	6.920	6.000	3.318
10	35	6.920	5.980	3.310
10	36	6.920	5.980	3.303
10	37	6.920	5.960	3.303
10	38	6.920	5.990	3.326
10	39	6.920	5.970	3.310
10	40	6.920	5.970	3.309
10	41	6.920	6.000	3.333
10	42	6.920	5.990	3.311
10	43	6.920	5.990	3.303
10	44	6.920	5.970	3.294
10	45	6.920	5.980	3.264
10	46	6.920	5.980	3.310
10	47	6.920	5.980	3.318
10	48	6.920	6.000	3.333
10	49	6.920	5.990	3.326
10	50	6.920	5.970	3.310
Executing FF Gene Output
10	B	6.92

11	1	6.920	5.240	1.835
11	2	6.920	5.860	2.756
11	3	6.920	5.970	3.208
11	4	6.920	5.980	3.272
11	5	6.920	5.980	3.307
11	6	6.920	5.980	3.324
11	7	6.920	5.980	3.323
11	8	6.920	5.950	3.296
11	9	6.920	5.950	3.267
11	10	6.920	5.980	3.272
11	11	6.920	5.970	3.290
11	12	6.920	5.950	3.275
11	13	6.920	5.970	3.309
11	14	6.920	5.980	3.303
11	15	6.920	5.950	3.272
11	16	6.920	5.920	3.284
11	17	6.920	5.970	3.318
11	18	6.920	6.000	3.333
11	19	6.920	5.960	3.297
11	20	6.920	5.980	3.329
11	21	6.920	6.000	3.333
11	22	6.920	6.000	3.318
11	23	6.920	6.000	3.303
11	24	6.920	6.000	3.303
11	25	6.920	5.970	3.287
11	26	6.920	6.000	3.333
11	27	6.920	6.000	3.294
11	28	6.920	5.990	3.272
11	29	6.920	5.990	3.260
11	30	6.920	6.000	3.291
11	31	6.920	5.990	3.269
11	32	6.920	5.990	3.269
11	33	6.920	5.990	3.281
11	34	6.920	5.980	3.291
11	35	6.920	5.970	3.257
11	36	6.920	5.980	3.247
11	37	6.920	5.990	3.303
11	38	6.920	6.000	3.288
11	39	6.920	5.990	3.291
11	40	6.920	5.980	3.303
11	41	6.920	5.980	3.310
11	42	6.920	5.990	3.318
11	43	6.920	6.000	3.272
11	44	6.920	5.980	3.275
11	45	6.920	5.980	3.291
11	46	6.920	5.990	3.303
11	47	6.920	5.990	3.294
11	48	6.920	5.990	3.291
11	49	6.920	5.980	3.295
11	50	6.920	6.000	3.333
Executing FF Gene Output
11	B	6.92

12	1	6.920	5.240	1.996
12	2	6.920	5.850	2.754
12	3	6.920	5.920	3.171
12	4	6.920	5.990	3.303
12	5	6.920	5.970	3.333
12	6	6.920	5.980	3.318
12	7	6.920	5.990	3.333
12	8	6.920	5.970	3.318
12	9	6.920	5.970	3.333
12	10	6.920	5.970	3.333
12	11	6.920	5.980	3.333
12	12	6.920	5.990	3.327
12	13	6.920	5.960	3.315
12	14	6.920	5.960	3.290
12	15	6.920	5.950	3.296
12	16	6.920	5.980	3.327
12	17	6.920	5.970	3.297
12	18	6.920	5.980	3.286
12	19	6.920	5.980	3.312
12	20	6.920	5.970	3.321
12	21	6.920	5.990	3.303
12	22	6.920	6.000	3.318
12	23	6.920	5.980	3.295
12	24	6.920	5.990	3.311
12	25	6.920	5.970	3.304
12	26	6.920	5.960	3.275
12	27	6.920	5.960	3.281
12	28	6.920	5.980	3.312
12	29	6.920	5.990	3.309
12	30	6.920	5.970	3.306
12	31	6.920	5.990	3.289
12	32	6.920	6.000	3.309
12	33	6.920	5.990	3.311
12	34	6.920	5.990	3.309
12	35	6.920	5.990	3.291
12	36	6.920	6.000	3.326
12	37	6.920	6.000	3.317
12	38	6.920	6.000	3.301
12	39	6.920	5.970	3.306
12	40	6.920	6.000	3.324
12	41	6.920	5.990	3.318
12	42	6.920	5.970	3.264
12	43	6.920	5.980	3.295
12	44	6.920	5.990	3.318
12	45	6.920	5.990	3.311
12	46	6.920	5.960	3.273
12	47	6.920	5.980	3.300
12	48	6.920	5.990	3.318
12	49	6.920	5.990	3.311
12	50	6.920	5.980	3.314
Executing FF Gene Output
12	B	6.92

13	1	6.920	5.190	1.955
13	2	6.920	5.740	2.708
13	3	6.920	5.960	3.219
13	4	6.920	5.990	3.300
13	5	6.920	5.990	3.307
13	6	6.920	5.960	3.295
13	7	6.920	5.980	3.330
13	8	6.920	5.950	3.309
13	9	6.920	5.980	3.269
13	10	6.920	5.970	3.281
13	11	6.920	5.970	3.289
13	12	6.920	5.980	3.297
13	13	6.920	6.000	3.333
13	14	6.920	6.000	3.333
13	15	6.920	5.980	3.324
13	16	6.920	5.990	3.318
13	17	6.920	5.950	3.293
13	18	6.920	5.980	3.300
13	19	6.920	5.980	3.314
13	20	6.920	5.980	3.307
13	21	6.920	5.970	3.306
13	22	6.920	5.970	3.315
13	23	6.920	5.990	3.315
13	24	6.920	5.980	3.309
13	25	6.920	5.960	3.287
13	26	6.920	5.980	3.323
13	27	6.920	5.970	3.313
13	28	6.920	5.980	3.317
13	29	6.920	5.980	3.307
13	30	6.920	5.970	3.297
13	31	6.920	5.970	3.315
13	32	6.920	5.980	3.320
13	33	6.920	5.990	3.295
13	34	6.920	5.990	3.298
13	35	6.920	5.970	3.281
13	36	6.920	5.970	3.312
13	37	6.920	5.980	3.320
13	38	6.920	6.000	3.317
13	39	6.920	5.960	3.313
13	40	6.920	5.950	3.290
13	41	6.920	5.970	3.301
13	42	6.920	5.960	3.289
13	43	6.920	5.960	3.298
13	44	6.920	5.950	3.310
13	45	6.920	5.990	3.312
13	46	6.920	5.980	3.297
13	47	6.920	5.980	3.318
13	48	6.920	5.960	3.298
13	49	6.920	5.990	3.318
13	50	6.920	5.960	3.292
Executing FF Gene Output
13	B	6.92

14	1	6.920	5.170	1.875
14	2	6.920	5.820	2.995
14	3	6.920	5.930	3.268
14	4	6.920	5.980	3.330
14	5	6.920	5.970	3.333
14	6	6.920	5.960	3.318
14	7	6.920	5.970	3.303
14	8	6.920	5.980	3.333
14	9	6.920	6.000	3.333
14	10	6.920	5.980	3.318
14	11	6.920	5.980	3.333
14	12	6.920	5.960	3.333
14	13	6.920	5.970	3.318
14	14	6.920	5.960	3.318
14	15	6.920	5.980	3.303
14	16	6.920	5.960	3.287
14	17	6.920	5.950	3.287
14	18	6.920	5.950	3.272
14	19	6.920	6.000	3.333
14	20	6.920	5.980	3.333
14	21	6.920	5.960	3.318
14	22	6.920	5.990	3.333
14	23	6.920	5.990	3.333
14	24	6.920	6.000	3.333
14	25	6.920	5.990	3.333
14	26	6.920	5.990	3.333
14	27	6.920	5.970	3.333
14	28	6.920	5.940	3.333
14	29	6.920	5.980	3.333
14	30	6.920	5.980	3.333
14	31	6.920	5.980	3.333
14	32	6.920	5.920	3.317
14	33	6.920	5.980	3.333
14	34	6.920	5.960	3.333
14	35	6.920	5.980	3.333
14	36	6.920	6.000	3.333
14	37	6.920	5.960	3.333
14	38	6.920	5.970	3.333
14	39	6.920	5.970	3.333
14	40	6.920	5.980	3.318
14	41	6.920	5.990	3.330
14	42	6.920	5.960	3.287
14	43	6.920	5.950	3.287
14	44	6.920	5.980	3.333
14	45	6.920	5.990	3.333
14	46	6.920	5.950	3.318
14	47	6.920	5.930	3.317
14	48	6.920	5.960	3.303
14	49	6.920	5.980	3.318
14	50	6.920	5.990	3.318
Executing FF Gene Output
14	B	6.92

15	1	6.920	5.160	1.762
15	2	6.920	5.820	2.640
15	3	6.920	5.970	3.250
15	4	6.920	5.990	3.314
15	5	6.920	5.970	3.333
15	6	6.920	5.980	3.333
15	7	6.920	5.990	3.318
15	8	6.920	5.990	3.333
15	9	6.920	6.000	3.333
15	10	6.920	5.990	3.333
15	11	6.920	5.980	3.333
15	12	6.920	5.990	3.333
15	13	6.920	5.960	3.333
15	14	6.920	5.950	3.287
15	15	6.920	5.950	3.303
15	16	6.920	5.940	3.333
15	17	6.920	5.980	3.333
15	18	6.920	5.960	3.318
15	19	6.920	5.980	3.327
15	20	6.920	5.970	3.318
15	21	6.920	5.970	3.318
15	22	6.920	6.000	3.333
15	23	6.920	5.960	3.333
15	24	6.920	5.970	3.333
15	25	6.920	5.970	3.333
15	26	6.920	6.000	3.333
15	27	6.920	6.000	3.333
15	28	6.920	5.970	3.333
15	29	6.920	5.980	3.333
15	30	6.920	5.980	3.333
15	31	6.920	5.980	3.333
15	32	6.920	5.980	3.333
15	33	6.920	5.970	3.303
15	34	6.920	5.970	3.303
15	35	6.920	5.990	3.318
15	36	6.920	5.980	3.318
15	37	6.920	5.970	3.303
15	38	6.920	5.970	3.303
15	39	6.920	5.960	3.303
15	40	6.920	5.940	3.302
15	41	6.920	5.940	3.318
15	42	6.920	6.000	3.333
15	43	6.920	5.970	3.303
15	44	6.920	5.970	3.333
15	45	6.920	5.990	3.333
15	46	6.920	5.980	3.333
15	47	6.920	5.950	3.333
15	48	6.920	5.970	3.333
15	49	6.920	5.960	3.333
15	50	6.920	5.980	3.333
Executing FF Gene Output
15	B	6.92

16	1	6.920	5.230	1.953
16	2	6.920	5.790	2.923
16	3	6.920	5.940	3.179
16	4	6.920	5.980	3.286
16	5	6.920	5.950	3.286
16	6	6.920	5.990	3.317
16	7	6.920	5.970	3.307
16	8	6.920	5.990	3.329
16	9	6.920	5.940	3.296
16	10	6.920	5.970	3.309
16	11	6.920	5.950	3.292
16	12	6.920	5.960	3.313
16	13	6.920	5.970	3.310
16	14	6.920	5.940	3.299
16	15	6.920	5.950	3.324
16	16	6.920	5.970	3.312
16	17	6.920	5.950	3.306
16	18	6.920	5.960	3.295
16	19	6.920	5.960	3.306
16	20	6.920	5.960	3.313
16	21	6.920	5.940	3.304
16	22	6.920	5.950	3.306
16	23	6.920	5.980	3.318
16	24	6.920	5.970	3.324
16	25	6.920	5.990	3.318
16	26	6.920	5.960	3.329
16	27	6.920	5.990	3.318
16	28	6.920	5.980	3.317
16	29	6.920	5.990	3.333
16	30	6.920	5.940	3.275
16	31	6.920	5.950	3.306
16	32	6.920	5.960	3.319
16	33	6.920	5.980	3.318
16	34	6.920	5.980	3.324
16	35	6.920	6.000	3.333
16	36	6.920	5.930	3.287
16	37	6.920	5.980	3.324
16	38	6.920	5.980	3.324
16	39	6.920	5.990	3.327
16	40	6.920	5.990	3.326
16	41	6.920	5.990	3.326
16	42	6.920	5.980	3.324
16	43	6.920	5.980	3.324
16	44	6.920	5.980	3.332
16	45	6.920	5.970	3.316
16	46	6.920	5.980	3.310
16	47	6.920	5.970	3.295
16	48	6.920	5.980	3.310
16	49	6.920	5.970	3.316
16	50	6.920	5.950	3.319
Executing FF Gene Output
16	B	6.92

17	1	6.920	5.210	1.833
17	2	6.920	5.810	2.714
17	3	6.920	5.920	3.199
17	4	6.920	5.960	3.246
17	5	6.920	5.970	3.284
17	6	6.920	5.980	3.278
17	7	6.920	5.970	3.289
17	8	6.920	5.970	3.298
17	9	6.920	5.980	3.275
17	10	6.920	5.990	3.284
17	11	6.920	6.000	3.317
17	12	6.920	5.980	3.271
17	13	6.920	5.990	3.311
17	14	6.920	6.000	3.300
17	15	6.920	5.950	3.216
17	16	6.920	5.990	3.235
17	17	6.920	6.000	3.301
17	18	6.920	5.990	3.311
17	19	6.920	5.980	3.321
17	20	6.920	5.990	3.327
17	21	6.920	5.980	3.304
17	22	6.920	5.990	3.327
17	23	6.920	5.980	3.312
17	24	6.920	6.000	3.317
17	25	6.920	5.980	3.312
17	26	6.920	6.000	3.333
17	27	6.920	5.990	3.327
17	28	6.920	5.980	3.321
17	29	6.920	5.990	3.268
17	30	6.920	5.980	3.295
17	31	6.920	5.970	3.306
17	32	6.920	5.970	3.238
17	33	6.920	6.000	3.283
17	34	6.920	5.970	3.286
17	35	6.920	5.960	3.300
17	36	6.920	5.970	3.272
17	37	6.920	5.980	3.303
17	38	6.920	5.990	3.284
17	39	6.920	5.950	3.231
17	40	6.920	5.960	3.256
17	41	6.920	5.980	3.278
17	42	6.920	5.940	3.267
17	43	6.920	5.990	3.311
17	44	6.920	5.980	3.286
17	45	6.920	6.000	3.333
17	46	6.920	5.970	3.289
17	47	6.920	5.950	3.269
17	48	6.920	5.970	3.264
17	49	6.920	5.990	3.318
17	50	6.920	5.990	3.318
Executing FF Gene Output
17	B	6.92

18	1	6.920	5.200	1.902
18	2	6.920	5.820	2.860
18	3	6.920	5.940	3.198
18	4	6.920	5.950	3.256
18	5	6.920	5.960	3.278
18	6	6.920	5.980	3.303
18	7	6.920	5.980	3.326
18	8	6.920	5.980	3.314
18	9	6.920	5.960	3.326
18	10	6.920	5.950	3.298
18	11	6.920	5.910	3.259
18	12	6.920	5.960	3.319
18	13	6.920	5.980	3.326
18	14	6.920	5.960	3.318
18	15	6.920	5.970	3.326
18	16	6.920	5.980	3.321
18	17	6.920	5.960	3.309
18	18	6.920	5.990	3.330
18	19	6.920	6.000	3.333
18	20	6.920	5.970	3.312
18	21	6.920	5.960	3.295
18	22	6.920	5.940	3.285
18	23	6.920	5.950	3.275
18	24	6.920	5.980	3.326
18	25	6.920	5.980	3.330
18	26	6.920	5.950	3.309
18	27	6.920	5.980	3.326
18	28	6.920	6.000	3.333
18	29	6.920	5.990	3.332
18	30	6.920	5.990	3.333
18	31	6.920	5.990	3.333
18	32	6.920	5.990	3.327
18	33	6.920	5.990	3.318
18	34	6.920	5.990	3.332
18	35	6.920	5.960	3.300
18	36	6.920	5.960	3.306
18	37	6.920	5.960	3.293
18	38	6.920	5.990	3.324
18	39	6.920	5.960	3.310
18	40	6.920	5.980	3.309
18	41	6.920	5.980	3.326
18	42	6.920	5.980	3.327
18	43	6.920	5.980	3.318
18	44	6.920	6.000	3.333
18	45	6.920	5.990	3.318
18	46	6.920	5.970	3.316
18	47	6.920	5.990	3.332
18	48	6.920	5.960	3.297
18	49	6.920	5.970	3.307
18	50	6.920	5.980	3.309
Executing FF Gene Output
18	B	6.92

19	1	6.920	5.170	1.781
19	2	6.920	5.860	3.151
19	3	6.920	5.950	3.284
19	4	6.920	5.960	3.307
19	5	6.920	5.980	3.310
19	6	6.920	5.980	3.324
19	7	6.920	5.950	3.316
19	8	6.920	5.970	3.320
19	9	6.920	5.990	3.318
19	10	6.920	5.970	3.330
19	11	6.920	5.980	3.327
19	12	6.920	5.950	3.289
19	13	6.920	5.970	3.312
19	14	6.920	5.980	3.314
19	15	6.920	5.950	3.310
19	16	6.920	5.980	3.314
19	17	6.920	5.950	3.283
19	18	6.920	5.960	3.310
19	19	6.920	5.970	3.318
19	20	6.920	5.960	3.315
19	21	6.920	5.970	3.309
19	22	6.920	5.990	3.329
19	23	6.920	5.940	3.285
19	24	6.920	5.950	3.306
19	25	6.920	5.970	3.316
19	26	6.920	5.950	3.298
19	27	6.920	5.950	3.295
19	28	6.920	5.970	3.303
19	29	6.920	5.960	3.290
19	30	6.920	5.980	3.330
19	31	6.920	5.980	3.314
19	32	6.920	5.960	3.301
19	33	6.920	5.950	3.287
19	34	6.920	5.970	3.310
19	35	6.920	5.950	3.306
19	36	6.920	5.970	3.312
19	37	6.920	5.960	3.306
19	38	6.920	5.940	3.287
19	39	6.920	5.950	3.292
19	40	6.920	5.990	3.326
19	41	6.920	5.970	3.301
19	42	6.920	5.990	3.333
19	43	6.920	5.980	3.324
19	44	6.920	5.960	3.315
19	45	6.920	5.970	3.324
19	46	6.920	5.960	3.318
19	47	6.920	5.970	3.329
19	48	6.920	5.950	3.296
19	49	6.920	5.980	3.332
19	50	6.920	5.970	3.316
Executing FF Gene Output
19	B	6.92

20	1	6.920	5.220	1.983
20	2	6.920	5.800	3.012
20	3	6.920	5.940	3.261
20	4	6.920	5.970	3.290
20	5	6.920	6.000	3.318
20	6	6.920	5.980	3.333
20	7	6.920	5.970	3.333
20	8	6.920	5.980	3.333
20	9	6.920	5.960	3.318
20	10	6.920	5.980	3.295
20	11	6.920	6.000	3.318
20	12	6.920	6.000	3.333
20	13	6.920	5.980	3.318
20	14	6.920	5.960	3.333
20	15	6.920	6.000	3.333
20	16	6.920	5.990	3.318
20	17	6.920	5.950	3.318
20	18	6.920	5.980	3.318
20	19	6.920	6.000	3.318
20	20	6.920	6.000	3.318
20	21	6.920	6.000	3.303
20	22	6.920	5.980	3.318
20	23	6.920	5.970	3.312
20	24	6.920	5.980	3.333
20	25	6.920	5.960	3.287
20	26	6.920	5.970	3.318
20	27	6.920	5.980	3.318
20	28	6.920	6.000	3.318
20	29	6.920	5.990	3.318
20	30	6.920	5.980	3.315
20	31	6.920	5.980	3.300
20	32	6.920	5.960	3.297
20	33	6.920	6.000	3.333
20	34	6.920	5.980	3.300
20	35	6.920	5.960	3.297
20	36	6.920	5.980	3.284
20	37	6.920	5.950	3.253
20	38	6.920	6.000	3.318
20	39	6.920	5.990	3.333
20	40	6.920	5.990	3.333
20	41	6.920	5.990	3.330
20	42	6.920	5.970	3.327
20	43	6.920	5.940	3.324
20	44	6.920	5.990	3.333
20	45	6.920	5.970	3.303
20	46	6.920	6.000	3.318
20	47	6.920	5.980	3.288
20	48	6.920	5.980	3.300
20	49	6.920	5.980	3.318
20	50	6.920	5.990	3.333
Executing FF Gene Output
20	B	6.92

21	1	6.920	5.140	1.962
21	2	6.920	5.750	2.103
21	3	6.920	5.940	3.120
21	4	6.920	5.990	3.274
21	5	6.920	6.000	3.333
21	6	6.920	5.970	3.303
21	7	6.920	5.990	3.303
21	8	6.920	5.990	3.303
21	9	6.920	5.980	3.318
21	10	6.920	5.960	3.287
21	11	6.920	5.990	3.333
21	12	6.920	5.990	3.333
21	13	6.920	5.960	3.318
21	14	6.920	5.970	3.333
21	15	6.920	5.990	3.333
21	16	6.920	5.970	3.333
21	17	6.920	5.990	3.303
21	18	6.920	5.980	3.303
21	19	6.920	5.960	3.318
21	20	6.920	5.980	3.318
21	21	6.920	6.000	3.318
21	22	6.920	6.000	3.333
21	23	6.920	5.970	3.318
21	24	6.920	5.970	3.303
21	25	6.920	5.960	3.287
21	26	6.920	5.980	3.333
21	27	6.920	5.990	3.303
21	28	6.920	5.960	3.333
21	29	6.920	5.980	3.333
21	30	6.920	5.980	3.318
21	31	6.920	5.990	3.318
21	32	6.920	5.990	3.318
21	33	6.920	5.980	3.333
21	34	6.920	5.980	3.318
21	35	6.920	5.950	3.303
21	36	6.920	5.960	3.318
21	37	6.920	5.970	3.303
21	38	6.920	5.970	3.287
21	39	6.920	5.980	3.333
21	40	6.920	5.990	3.333
21	41	6.920	5.970	3.303
21	42	6.920	6.000	3.333
21	43	6.920	5.950	3.303
21	44	6.920	5.960	3.303
21	45	6.920	5.930	3.271
21	46	6.920	5.970	3.272
21	47	6.920	5.930	3.287
21	48	6.920	5.980	3.288
21	49	6.920	5.970	3.318
21	50	6.920	5.950	3.318
Executing FF Gene Output
21	B	6.92

22	1	6.920	5.160	1.958
22	2	6.920	5.780	2.629
22	3	6.920	5.940	3.163
22	4	6.920	5.970	3.292
22	5	6.920	6.000	3.333
22	6	6.920	5.970	3.300
22	7	6.920	5.970	3.323
22	8	6.920	5.960	3.307
22	9	6.920	5.960	3.293
22	10	6.920	5.980	3.314
22	11	6.920	5.980	3.321
22	12	6.920	5.970	3.321
22	13	6.920	5.970	3.301
22	14	6.920	5.950	3.295
22	15	6.920	5.970	3.306
22	16	6.920	5.930	3.282
22	17	6.920	5.920	3.259
22	18	6.920	5.970	3.326
22	19	6.920	5.930	3.285
22	20	6.920	5.980	3.315
22	21	6.920	5.960	3.303
22	22	6.920	5.970	3.310
22	23	6.920	5.950	3.306
22	24	6.920	5.960	3.292
22	25	6.920	5.970	3.301
22	26	6.920	5.980	3.327
22	27	6.920	5.960	3.310
22	28	6.920	5.950	3.281
22	29	6.920	5.970	3.298
22	30	6.920	5.960	3.303
22	31	6.920	5.980	3.321
22	32	6.920	5.990	3.318
22	33	6.920	5.970	3.318
22	34	6.920	5.950	3.309
22	35	6.920	5.930	3.298
22	36	6.920	5.950	3.295
22	37	6.920	5.970	3.300
22	38	6.920	5.930	3.262
22	39	6.920	5.980	3.327
22	40	6.920	5.980	3.317
22	41	6.920	5.970	3.307
22	42	6.920	5.950	3.303
22	43	6.920	5.960	3.322
22	44	6.920	5.950	3.276
22	45	6.920	5.990	3.318
22	46	6.920	5.970	3.301
22	47	6.920	5.980	3.326
22	48	6.920	5.940	3.313
22	49	6.920	5.970	3.301
22	50	6.920	5.970	3.306
Executing FF Gene Output
22	B	6.92

23	1	6.920	5.130	1.785
23	2	6.920	5.790	2.999
23	3	6.920	5.970	3.295
23	4	6.920	5.960	3.293
23	5	6.920	5.980	3.329
23	6	6.920	5.950	3.313
23	7	6.920	5.980	3.333
23	8	6.920	5.970	3.318
23	9	6.920	5.990	3.333
23	10	6.920	5.970	3.318
23	11	6.920	5.980	3.333
23	12	6.920	5.970	3.333
23	13	6.920	5.970	3.333
23	14	6.920	5.970	3.318
23	15	6.920	5.970	3.333
23	16	6.920	6.000	3.333
23	17	6.920	5.980	3.318
23	18	6.920	5.970	3.318
23	19	6.920	5.980	3.333
23	20	6.920	6.000	3.333
23	21	6.920	5.960	3.318
23	22	6.920	5.970	3.303
23	23	6.920	5.980	3.333
23	24	6.920	5.930	3.314
23	25	6.920	5.950	3.330
23	26	6.920	5.990	3.333
23	27	6.920	5.960	3.333
23	28	6.920	5.960	3.329
23	29	6.920	5.970	3.333
23	30	6.920	5.960	3.333
23	31	6.920	5.930	3.317
23	32	6.920	5.950	3.318
23	33	6.920	5.960	3.318
23	34	6.920	5.980	3.333
23	35	6.920	5.960	3.318
23	36	6.920	5.990	3.333
23	37	6.920	5.980	3.333
23	38	6.920	5.990	3.333
23	39	6.920	5.970	3.333
23	40	6.920	5.970	3.327
23	41	6.920	5.970	3.326
23	42	6.920	6.000	3.333
23	43	6.920	5.990	3.326
23	44	6.920	5.970	3.304
23	45	6.920	5.990	3.332
23	46	6.920	5.990	3.324
23	47	6.920	5.990	3.329
23	48	6.920	5.960	3.307
23	49	6.920	5.950	3.299
23	50	6.920	5.950	3.289
Executing FF Gene Output
23	B	6.92

24	1	6.920	5.220	1.918
24	2	6.920	5.860	2.782
24	3	6.920	5.970	3.181
24	4	6.920	5.990	3.275
24	5	6.920	6.000	3.288
24	6	6.920	5.990	3.241
24	7	6.920	5.990	3.257
24	8	6.920	6.000	3.333
24	9	6.920	5.970	3.272
24	10	6.920	5.990	3.333
24	11	6.920	5.980	3.257
24	12	6.920	6.000	3.272
24	13	6.920	6.000	3.333
24	14	6.920	5.990	3.288
24	15	6.920	5.990	3.288
24	16	6.920	5.980	3.272
24	17	6.920	5.990	3.263
24	18	6.920	5.990	3.291
24	19	6.920	5.980	3.289
24	20	6.920	6.000	3.333
24	21	6.920	5.990	3.318
24	22	6.920	6.000	3.304
24	23	6.920	6.000	3.280
24	24	6.920	5.990	3.333
24	25	6.920	6.000	3.318
24	26	6.920	6.000	3.292
24	27	6.920	5.990	3.303
24	28	6.920	6.000	3.292
24	29	6.920	5.990	3.304
24	30	6.920	6.000	3.320
24	31	6.920	6.000	3.274
24	32	6.920	6.000	3.288
24	33	6.920	6.000	3.289
24	34	6.920	5.990	3.288
24	35	6.920	5.980	3.303
24	36	6.920	5.990	3.244
24	37	6.920	5.980	3.272
24	38	6.920	5.980	3.274
24	39	6.920	5.970	3.241
24	40	6.920	5.970	3.289
24	41	6.920	5.970	3.260
24	42	6.920	5.990	3.288
24	43	6.920	5.990	3.304
24	44	6.920	5.990	3.318
24	45	6.920	5.990	3.333
24	46	6.920	6.000	3.304
24	47	6.920	6.000	3.318
24	48	6.920	6.000	3.304
24	49	6.920	5.980	3.303
24	50	6.920	5.960	3.258
Executing FF Gene Output
24	B	6.92

25	1	6.920	5.240	1.873
25	2	6.920	5.880	2.812
25	3	6.920	6.000	3.236
25	4	6.920	6.000	3.315
25	5	6.920	5.990	3.292
25	6	6.920	5.980	3.291
25	7	6.920	6.000	3.333
25	8	6.920	6.000	3.321
25	9	6.920	6.000	3.321
25	10	6.920	5.990	3.318
25	11	6.920	5.990	3.303
25	12	6.920	6.000	3.333
25	13	6.920	6.000	3.333
25	14	6.920	5.990	3.306
25	15	6.920	6.000	3.333
25	16	6.920	5.990	3.306
25	17	6.920	6.000	3.333
25	18	6.920	6.000	3.333
25	19	6.920	5.990	3.318
25	20	6.920	6.000	3.333
25	21	6.920	6.000	3.333
25	22	6.920	5.990	3.278
25	23	6.920	6.000	3.333
25	24	6.920	6.000	3.294
25	25	6.920	5.970	3.275
25	26	6.920	6.000	3.318
25	27	6.920	6.000	3.291
25	28	6.920	6.000	3.297
25	29	6.920	5.990	3.318
25	30	6.920	6.000	3.321
25	31	6.920	5.990	3.306
25	32	6.920	6.000	3.275
25	33	6.920	5.990	3.306
25	34	6.920	6.000	3.318
25	35	6.920	5.990	3.292
25	36	6.920	6.000	3.333
25	37	6.920	6.000	3.321
25	38	6.920	5.990	3.291
25	39	6.920	6.000	3.333
25	40	6.920	6.000	3.321
25	41	6.920	6.000	3.333
25	42	6.920	5.980	3.303
25	43	6.920	5.990	3.294
25	44	6.920	5.990	3.288
25	45	6.920	5.990	3.291
25	46	6.920	6.000	3.306
25	47	6.920	5.990	3.303
25	48	6.920	6.000	3.291
25	49	6.920	6.000	3.333
25	50	6.920	6.000	3.294
Executing FF Gene Output
25	B	6.92

26	1	6.920	5.150	1.797
26	2	6.920	5.740	2.703
26	3	6.920	5.910	3.198
26	4	6.920	5.930	3.244
26	5	6.920	6.000	3.326
26	6	6.920	6.000	3.333
26	7	6.920	5.970	3.290
26	8	6.920	5.960	3.315
26	9	6.920	5.970	3.324
26	10	6.920	5.980	3.330
26	11	6.920	5.970	3.312
26	12	6.920	5.980	3.318
26	13	6.920	5.990	3.300
26	14	6.920	5.980	3.315
26	15	6.920	5.970	3.312
26	16	6.920	5.970	3.330
26	17	6.920	5.990	3.330
26	18	6.920	6.000	3.318
26	19	6.920	5.980	3.318
26	20	6.920	5.990	3.315
26	21	6.920	5.980	3.309
26	22	6.920	6.000	3.333
26	23	6.920	5.990	3.327
26	24	6.920	5.990	3.327
26	25	6.920	5.970	3.294
26	26	6.920	5.980	3.330
26	27	6.920	5.980	3.241
26	28	6.920	5.980	3.297
26	29	6.920	5.970	3.281
26	30	6.920	5.990	3.303
26	31	6.920	5.970	3.286
26	32	6.920	5.970	3.315
26	33	6.920	5.990	3.330
26	34	6.920	5.960	3.293
26	35	6.920	5.990	3.330
26	36	6.920	5.980	3.327
26	37	6.920	5.980	3.312
26	38	6.920	5.980	3.312
26	39	6.920	6.000	3.333
26	40	6.920	5.960	3.275
26	41	6.920	5.980	3.267
26	42	6.920	5.980	3.321
26	43	6.920	5.980	3.298
26	44	6.920	5.990	3.314
26	45	6.920	5.960	3.286
26	46	6.920	6.000	3.320
26	47	6.920	5.990	3.297
26	48	6.920	5.990	3.315
26	49	6.920	5.990	3.281
26	50	6.920	5.980	3.298
Executing FF Gene Output
26	B	6.92

27	1	6.920	5.130	1.787
27	2	6.920	5.690	2.379
27	3	6.920	5.950	3.176
27	4	6.920	5.980	3.263
27	5	6.920	6.000	3.307
27	6	6.920	5.980	3.327
27	7	6.920	5.990	3.294
27	8	6.920	5.990	3.304
27	9	6.920	5.990	3.289
27	10	6.920	5.980	3.284
27	11	6.920	5.990	3.324
27	12	6.920	6.000	3.309
27	13	6.920	5.990	3.300
27	14	6.920	6.000	3.326
27	15	6.920	6.000	3.315
27	16	6.920	5.990	3.324
27	17	6.920	5.970	3.275
27	18	6.920	6.000	3.326
27	19	6.920	5.990	3.292
27	20	6.920	5.990	3.311
27	21	6.920	5.970	3.277
27	22	6.920	5.960	3.272
27	23	6.920	5.990	3.311
27	24	6.920	5.990	3.309
27	25	6.920	5.990	3.303
27	26	6.920	6.000	3.317
27	27	6.920	5.990	3.317
27	28	6.920	5.980	3.283
27	29	6.920	6.000	3.317
27	30	6.920	6.000	3.333
27	31	6.920	5.970	3.294
27	32	6.920	5.980	3.286
27	33	6.920	5.990	3.298
27	34	6.920	5.990	3.288
27	35	6.920	6.000	3.315
27	36	6.920	6.000	3.324
27	37	6.920	6.000	3.307
27	38	6.920	6.000	3.324
27	39	6.920	5.990	3.309
27	40	6.920	6.000	3.317
27	41	6.920	6.000	3.315
27	42	6.920	5.990	3.297
27	43	6.920	5.990	3.318
27	44	6.920	6.000	3.324
27	45	6.920	6.000	3.333
27	46	6.920	6.000	3.317
27	47	6.920	5.990	3.324
27	48	6.920	5.980	3.317
27	49	6.920	5.960	3.273
27	50	6.920	5.960	3.250
Executing FF Gene Output
27	B	6.92

28	1	6.920	5.180	1.817
28	2	6.920	5.850	2.445
28	3	6.920	5.940	3.094
28	4	6.920	5.980	3.294
28	5	6.920	5.980	3.304
28	6	6.920	5.970	3.315
28	7	6.920	5.980	3.312
28	8	6.920	5.960	3.307
28	9	6.920	5.990	3.318
28	10	6.920	5.980	3.303
28	11	6.920	5.970	3.315
28	12	6.920	6.000	3.309
28	13	6.920	6.000	3.324
28	14	6.920	5.990	3.327
28	15	6.920	6.000	3.315
28	16	6.920	5.990	3.312
28	17	6.920	6.000	3.333
28	18	6.920	5.970	3.306
28	19	6.920	5.990	3.318
28	20	6.920	6.000	3.326
28	21	6.920	5.980	3.303
28	22	6.920	5.990	3.318
28	23	6.920	5.980	3.312
28	24	6.920	5.990	3.309
28	25	6.920	5.970	3.297
28	26	6.920	5.990	3.301
28	27	6.920	5.970	3.297
28	28	6.920	5.970	3.318
28	29	6.920	6.000	3.333
28	30	6.920	5.990	3.323
28	31	6.920	5.970	3.309
28	32	6.920	5.970	3.292
28	33	6.920	5.980	3.306
28	34	6.920	5.970	3.284
28	35	6.920	5.990	3.307
28	36	6.920	5.980	3.314
28	37	6.920	5.980	3.295
28	38	6.920	5.970	3.309
28	39	6.920	5.980	3.309
28	40	6.920	5.990	3.323
28	41	6.920	5.970	3.318
28	42	6.920	5.980	3.277
28	43	6.920	5.980	3.261
28	44	6.920	6.000	3.317
28	45	6.920	5.970	3.303
28	46	6.920	5.980	3.303
28	47	6.920	5.980	3.304
28	48	6.920	5.980	3.291
28	49	6.920	5.990	3.329
28	50	6.920	5.990	3.301
Executing FF Gene Output
28	B	6.92

29	1	6.920	5.190	1.590
29	2	6.920	5.850	2.599
29	3	6.920	5.960	3.200
29	4	6.920	5.960	3.307
29	5	6.920	5.980	3.329
29	6	6.920	5.950	3.287
29	7	6.920	5.950	3.306
29	8	6.920	5.970	3.320
29	9	6.920	5.960	3.298
29	10	6.920	5.980	3.317
29	11	6.920	5.960	3.315
29	12	6.920	5.970	3.318
29	13	6.920	5.980	3.318
29	14	6.920	6.000	3.333
29	15	6.920	5.950	3.309
29	16	6.920	5.930	3.299
29	17	6.920	5.950	3.293
29	18	6.920	5.960	3.313
29	19	6.920	5.990	3.332
29	20	6.920	5.990	3.318
29	21	6.920	5.980	3.315
29	22	6.920	5.970	3.303
29	23	6.920	5.930	3.273
29	24	6.920	5.960	3.316
29	25	6.920	5.970	3.316
29	26	6.920	5.980	3.310
29	27	6.920	5.980	3.303
29	28	6.920	5.990	3.333
29	29	6.920	5.990	3.333
29	30	6.920	5.960	3.310
29	31	6.920	5.990	3.333
29	32	6.920	5.990	3.333
29	33	6.920	5.990	3.332
29	34	6.920	5.940	3.279
29	35	6.920	5.950	3.287
29	36	6.920	5.980	3.321
29	37	6.920	6.000	3.333
29	38	6.920	6.000	3.333
29	39	6.920	6.000	3.333
29	40	6.920	5.980	3.312
29	41	6.920	5.960	3.301
29	42	6.920	5.970	3.313
29	43	6.920	5.950	3.289
29	44	6.920	5.980	3.324
29	45	6.920	5.970	3.316
29	46	6.920	5.980	3.321
29	47	6.920	5.960	3.303
29	48	6.920	5.970	3.329
29	49	6.920	5.960	3.329
29	50	6.920	5.980	3.333
Executing FF Gene Output
29	B	6.92

30	1	6.920	5.290	1.927
30	2	6.920	5.860	2.963
30	3	6.920	5.920	3.262
30	4	6.920	5.960	3.284
30	5	6.920	5.970	3.303
30	6	6.920	5.930	3.274
30	7	6.920	5.960	3.283
30	8	6.920	5.970	3.318
30	9	6.920	5.980	3.294
30	10	6.920	5.980	3.309
30	11	6.920	6.000	3.333
30	12	6.920	5.990	3.318
30	13	6.920	5.990	3.311
30	14	6.920	5.990	3.301
30	15	6.920	5.990	3.306
30	16	6.920	5.990	3.311
30	17	6.920	5.980	3.312
30	18	6.920	5.960	3.292
30	19	6.920	5.990	3.318
30	20	6.920	5.990	3.311
30	21	6.920	6.000	3.309
30	22	6.920	6.000	3.326
30	23	6.920	6.000	3.318
30	24	6.920	5.990	3.311
30	25	6.920	5.990	3.327
30	26	6.920	5.980	3.312
30	27	6.920	5.970	3.287
30	28	6.920	5.980	3.286
30	29	6.920	5.980	3.295
30	30	6.920	5.980	3.320
30	31	6.920	5.990	3.318
30	32	6.920	6.000	3.333
30	33	6.920	5.980	3.312
30	34	6.920	5.970	3.297
30	35	6.920	5.980	3.321
30	36	6.920	5.990	3.294
30	37	6.920	6.000	3.333
30	38	6.920	5.970	3.321
30	39	6.920	5.990	3.309
30	40	6.920	5.940	3.233
30	41	6.920	5.990	3.309
30	42	6.920	6.000	3.317
30	43	6.920	5.990	3.311
30	44	6.920	5.980	3.295
30	45	6.920	6.000	3.333
30	46	6.920	6.000	3.333
30	47	6.920	6.000	3.309
30	48	6.920	6.000	3.312
30	49	6.920	5.990	3.291
30	50	6.920	5.990	3.278
Executing FF Gene Output
30	B	6.92

31	1	6.920	5.120	1.680
31	2	6.920	5.810	2.679
31	3	6.920	5.920	3.210
31	4	6.920	5.970	3.297
31	5	6.920	5.970	3.307
31	6	6.920	5.980	3.324
31	7	6.920	5.960	3.304
31	8	6.920	5.950	3.298
31	9	6.920	5.980	3.314
31	10	6.920	6.000	3.333
31	11	6.920	6.000	3.333
31	12	6.920	5.940	3.293
31	13	6.920	5.960	3.304
31	14	6.920	5.990	3.329
31	15	6.920	5.970	3.297
31	16	6.920	5.960	3.267
31	17	6.920	5.970	3.292
31	18	6.920	5.980	3.324
31	19	6.920	5.970	3.309
31	20	6.920	5.990	3.318
31	21	6.920	5.960	3.304
31	22	6.920	5.990	3.318
31	23	6.920	5.970	3.318
31	24	6.920	5.990	3.318
31	25	6.920	5.960	3.313
31	26	6.920	5.950	3.299
31	27	6.920	5.960	3.315
31	28	6.920	5.950	3.289
31	29	6.920	5.970	3.320
31	30	6.920	5.960	3.304
31	31	6.920	5.980	3.324
31	32	6.920	5.930	3.279
31	33	6.920	5.950	3.295
31	34	6.920	5.980	3.314
31	35	6.920	5.980	3.303
31	36	6.920	5.970	3.297
31	37	6.920	5.970	3.298
31	38	6.920	5.940	3.301
31	39	6.920	5.960	3.303
31	40	6.920	5.950	3.299
31	41	6.920	5.960	3.303
31	42	6.920	5.960	3.313
31	43	6.920	5.980	3.323
31	44	6.920	5.970	3.318
31	45	6.920	5.970	3.298
31	46	6.920	5.990	3.327
31	47	6.920	5.990	3.329
31	48	6.920	5.980	3.323
31	49	6.920	5.980	3.314
31	50	6.920	5.970	3.298
Executing FF Gene Output
31	B	6.92

32	1	6.920	5.260	2.003
32	2	6.920	5.870	2.936
32	3	6.920	5.980	3.246
32	4	6.920	5.990	3.329
32	5	6.920	5.990	3.318
32	6	6.920	6.000	3.321
32	7	6.920	6.000	3.321
32	8	6.920	5.990	3.295
32	9	6.920	6.000	3.312
32	10	6.920	6.000	3.312
32	11	6.920	6.000	3.323
32	12	6.920	5.990	3.306
32	13	6.920	6.000	3.323
32	14	6.920	5.990	3.297
32	15	6.920	5.980	3.278
32	16	6.920	5.970	3.287
32	17	6.920	6.000	3.333
32	18	6.920	6.000	3.320
32	19	6.920	6.000	3.333
32	20	6.920	5.990	3.289
32	21	6.920	5.980	3.267
32	22	6.920	5.990	3.294
32	23	6.920	5.960	3.272
32	24	6.920	5.980	3.292
32	25	6.920	5.970	3.264
32	26	6.920	5.990	3.295
32	27	6.920	5.990	3.318
32	28	6.920	6.000	3.321
32	29	6.920	6.000	3.311
32	30	6.920	5.990	3.294
32	31	6.920	6.000	3.301
32	32	6.920	6.000	3.315
32	33	6.920	6.000	3.291
32	34	6.920	6.000	3.317
32	35	6.920	6.000	3.333
32	36	6.920	6.000	3.326
32	37	6.920	6.000	3.333
32	38	6.920	6.000	3.333
32	39	6.920	6.000	3.333
32	40	6.920	5.980	3.294
32	41	6.920	5.990	3.301
32	42	6.920	6.000	3.333
32	43	6.920	5.980	3.280
32	44	6.920	5.990	3.301
32	45	6.920	5.990	3.318
32	46	6.920	5.980	3.303
32	47	6.920	6.000	3.315
32	48	6.920	6.000	3.324
32	49	6.920	6.000	3.326
32	50	6.920	5.980	3.303
Executing FF Gene Output
32	B	6.92

33	1	6.920	5.160	1.768
33	2	6.920	5.780	2.665
33	3	6.920	5.950	3.252
33	4	6.920	6.000	3.333
33	5	6.920	6.000	3.333
33	6	6.920	5.960	3.324
33	7	6.920	5.970	3.320
33	8	6.920	5.990	3.327
33	9	6.920	6.000	3.333
33	10	6.920	5.950	3.289
33	11	6.920	5.970	3.321
33	12	6.920	5.970	3.312
33	13	6.920	5.960	3.324
33	14	6.920	5.940	3.298
33	15	6.920	5.970	3.315
33	16	6.920	5.970	3.320
33	17	6.920	5.980	3.312
33	18	6.920	5.950	3.322
33	19	6.920	5.960	3.309
33	20	6.920	5.970	3.321
33	21	6.920	5.980	3.318
33	22	6.920	5.970	3.310
33	23	6.920	6.000	3.333
33	24	6.920	5.980	3.312
33	25	6.920	5.970	3.315
33	26	6.920	5.970	3.297
33	27	6.920	5.970	3.303
33	28	6.920	5.980	3.333
33	29	6.920	5.920	3.300
33	30	6.920	5.990	3.327
33	31	6.920	5.980	3.326
33	32	6.920	5.970	3.330
33	33	6.920	5.970	3.316
33	34	6.920	5.970	3.316
33	35	6.920	5.980	3.326
33	36	6.920	5.950	3.312
33	37	6.920	5.980	3.321
33	38	6.920	5.960	3.322
33	39	6.920	5.970	3.324
33	40	6.920	5.960	3.310
33	41	6.920	5.980	3.303
33	42	6.920	5.950	3.304
33	43	6.920	5.960	3.306
33	44	6.920	5.960	3.313
33	45	6.920	5.990	3.332
33	46	6.920	5.970	3.321
33	47	6.920	5.970	3.320
33	48	6.920	5.960	3.310
33	49	6.920	5.970	3.316
33	50	6.920	5.940	3.325
Executing FF Gene Output
33	B	6.92

34	1	6.920	5.200	1.831
34	2	6.920	5.850	2.683
34	3	6.920	5.960	3.170
34	4	6.920	5.960	3.219
34	5	6.920	6.000	3.307
34	6	6.920	5.980	3.321
34	7	6.920	5.960	3.300
34	8	6.920	5.990	3.320
34	9	6.920	5.980	3.314
34	10	6.920	5.970	3.300
34	11	6.920	5.990	3.295
34	12	6.920	5.980	3.312
34	13	6.920	5.980	3.297
34	14	6.920	5.990	3.294
34	15	6.920	5.970	3.281
34	16	6.920	5.960	3.283
34	17	6.920	5.980	3.304
34	18	6.920	5.970	3.306
34	19	6.920	5.960	3.301
34	20	6.920	5.990	3.318
34	21	6.920	5.970	3.306
34	22	6.920	5.980	3.321
34	23	6.920	5.960	3.273
34	24	6.920	5.980	3.295
34	25	6.920	6.000	3.324
34	26	6.920	5.980	3.303
34	27	6.920	5.970	3.315
34	28	6.920	5.960	3.300
34	29	6.920	5.990	3.327
34	30	6.920	6.000	3.324
34	31	6.920	6.000	3.326
34	32	6.920	6.000	3.317
34	33	6.920	5.950	3.284
34	34	6.920	5.990	3.311
34	35	6.920	6.000	3.317
34	36	6.920	5.990	3.320
34	37	6.920	6.000	3.326
34	38	6.920	5.970	3.306
34	39	6.920	5.960	3.281
34	40	6.920	5.990	3.318
34	41	6.920	5.990	3.311
34	42	6.920	5.980	3.304
34	43	6.920	6.000	3.309
34	44	6.920	5.990	3.301
34	45	6.920	6.000	3.318
34	46	6.920	5.960	3.309
34	47	6.920	5.990	3.318
34	48	6.920	5.980	3.312
34	49	6.920	5.990	3.318
34	50	6.920	5.990	3.311
Executing FF Gene Output
34	B	6.92

35	1	6.920	5.190	1.970
35	2	6.920	5.770	2.928
35	3	6.920	5.960	3.244
35	4	6.920	5.970	3.281
35	5	6.920	5.970	3.298
35	6	6.920	5.970	3.298
35	7	6.920	6.000	3.321
35	8	6.920	5.980	3.254
35	9	6.920	5.990	3.307
35	10	6.920	5.990	3.306
35	11	6.920	6.000	3.333
35	12	6.920	5.990	3.330
35	13	6.920	5.990	3.307
35	14	6.920	6.000	3.323
35	15	6.920	5.990	3.284
35	16	6.920	6.000	3.321
35	17	6.920	5.990	3.297
35	18	6.920	5.970	3.289
35	19	6.920	5.970	3.289
35	20	6.920	5.960	3.303
35	21	6.920	6.000	3.321
35	22	6.920	5.990	3.307
35	23	6.920	5.990	3.327
35	24	6.920	6.000	3.317
35	25	6.920	6.000	3.333
35	26	6.920	5.980	3.315
35	27	6.920	5.970	3.292
35	28	6.920	5.990	3.309
35	29	6.920	5.990	3.330
35	30	6.920	5.980	3.324
35	31	6.920	5.970	3.312
35	32	6.920	5.990	3.301
35	33	6.920	5.990	3.314
35	34	6.920	5.960	3.286
35	35	6.920	5.980	3.312
35	36	6.920	5.960	3.281
35	37	6.920	6.000	3.324
35	38	6.920	6.000	3.326
35	39	6.920	5.980	3.324
35	40	6.920	5.990	3.300
35	41	6.920	5.980	3.286
35	42	6.920	5.970	3.287
35	43	6.920	5.980	3.289
35	44	6.920	5.980	3.288
35	45	6.920	5.980	3.295
35	46	6.920	5.970	3.297
35	47	6.920	5.990	3.329
35	48	6.920	5.990	3.311
35	49	6.920	5.990	3.309
35	50	6.920	5.990	3.320
Executing FF Gene Output
35	B	6.92

36	1	6.920	5.180	1.820
36	2	6.920	5.780	2.798
36	3	6.920	5.940	3.205
36	4	6.920	5.980	3.314
36	5	6.920	6.000	3.321
36	6	6.920	6.000	3.333
36	7	6.920	6.000	3.303
36	8	6.920	6.000	3.294
36	9	6.920	6.000	3.291
36	10	6.920	6.000	3.303
36	11	6.920	6.000	3.318
36	12	6.920	6.000	3.311
36	13	6.920	6.000	3.291
36	14	6.920	5.980	3.303
36	15	6.920	5.990	3.318
36	16	6.920	6.000	3.333
36	17	6.920	5.990	3.318
36	18	6.920	5.990	3.333
36	19	6.920	6.000	3.318
36	20	6.920	6.000	3.326
36	21	6.920	5.990	3.333
36	22	6.920	5.970	3.333
36	23	6.920	5.980	3.318
36	24	6.920	5.980	3.332
36	25	6.920	5.940	3.279
36	26	6.920	5.980	3.297
36	27	6.920	5.980	3.303
36	28	6.920	5.990	3.327
36	29	6.920	5.980	3.321
36	30	6.920	5.960	3.297
36	31	6.920	5.970	3.315
36	32	6.920	5.960	3.300
36	33	6.920	5.980	3.327
36	34	6.920	5.980	3.332
36	35	6.920	5.960	3.329
36	36	6.920	5.980	3.332
36	37	6.920	5.940	3.325
36	38	6.920	5.990	3.333
36	39	6.920	5.990	3.333
36	40	6.920	5.940	3.301
36	41	6.920	5.970	3.330
36	42	6.920	5.980	3.312
36	43	6.920	5.980	3.318
36	44	6.920	5.970	3.312
36	45	6.920	5.960	3.306
36	46	6.920	5.980	3.303
36	47	6.920	5.990	3.332
36	48	6.920	6.000	3.333
36	49	6.920	5.980	3.321
36	50	6.920	5.980	3.327
Executing FF Gene Output
36	B	6.92

37	1	6.920	5.200	2.008
37	2	6.920	5.830	2.936
37	3	6.920	5.960	3.236
37	4	6.920	5.960	3.269
37	5	6.920	5.970	3.284
37	6	6.920	5.980	3.284
37	7	6.920	5.970	3.275
37	8	6.920	5.970	3.277
37	9	6.920	5.980	3.317
37	10	6.920	5.990	3.326
37	11	6.920	5.970	3.318
37	12	6.920	5.950	3.290
37	13	6.920	5.970	3.278
37	14	6.920	5.980	3.297
37	15	6.920	5.980	3.321
37	16	6.920	5.970	3.307
37	17	6.920	5.970	3.329
37	18	6.920	5.980	3.317
37	19	6.920	5.980	3.333
37	20	6.920	5.990	3.333
37	21	6.920	5.990	3.333
37	22	6.920	5.990	3.318
37	23	6.920	5.990	3.333
37	24	6.920	6.000	3.333
37	25	6.920	5.970	3.316
37	26	6.920	5.990	3.333
37	27	6.920	5.990	3.333
37	28	6.920	5.970	3.267
37	29	6.920	5.970	3.283
37	30	6.920	5.980	3.300
37	31	6.920	5.990	3.317
37	32	6.920	5.940	3.284
37	33	6.920	5.970	3.301
37	34	6.920	6.000	3.317
37	35	6.920	5.970	3.301
37	36	6.920	5.940	3.287
37	37	6.920	5.950	3.303
37	38	6.920	5.980	3.300
37	39	6.920	5.980	3.333
37	40	6.920	5.980	3.333
37	41	6.920	5.990	3.333
37	42	6.920	5.980	3.301
37	43	6.920	5.970	3.284
37	44	6.920	5.970	3.301
37	45	6.920	5.980	3.303
37	46	6.920	5.980	3.317
37	47	6.920	5.990	3.318
37	48	6.920	6.000	3.317
37	49	6.920	5.990	3.333
37	50	6.920	5.980	3.303
Executing FF Gene Output
37	B	6.92

38	1	6.920	5.170	1.724
38	2	6.920	5.740	2.408
38	3	6.920	5.940	3.138
38	4	6.920	5.970	3.261
38	5	6.920	5.990	3.317
38	6	6.920	6.000	3.300
38	7	6.920	5.960	3.316
38	8	6.920	5.970	3.301
38	9	6.920	5.980	3.284
38	10	6.920	5.990	3.283
38	11	6.920	5.980	3.300
38	12	6.920	5.950	3.316
38	13	6.920	5.910	3.317
38	14	6.920	5.960	3.286
38	15	6.920	5.950	3.316
38	16	6.920	5.970	3.333
38	17	6.920	5.990	3.333
38	18	6.920	5.990	3.333
38	19	6.920	5.980	3.301
38	20	6.920	5.960	3.333
38	21	6.920	5.990	3.317
38	22	6.920	5.970	3.318
38	23	6.920	5.970	3.286
38	24	6.920	5.980	3.333
38	25	6.920	5.960	3.306
38	26	6.920	5.940	3.312
38	27	6.920	5.950	3.321
38	28	6.920	5.990	3.333
38	29	6.920	6.000	3.317
38	30	6.920	5.990	3.312
38	31	6.920	5.980	3.321
38	32	6.920	5.980	3.271
38	33	6.920	5.950	3.278
38	34	6.920	5.970	3.295
38	35	6.920	5.970	3.304
38	36	6.920	5.980	3.310
38	37	6.920	5.970	3.278
38	38	6.920	5.960	3.327
38	39	6.920	5.960	3.315
38	40	6.920	5.970	3.297
38	41	6.920	5.960	3.312
38	42	6.920	5.990	3.318
38	43	6.920	5.970	3.303
38	44	6.920	5.980	3.318
38	45	6.920	5.970	3.295
38	46	6.920	5.980	3.321
38	47	6.920	5.930	3.267
38	48	6.920	5.990	3.311
38	49	6.920	5.980	3.310
38	50	6.920	5.980	3.312
Executing FF Gene Output
38	B	6.92

39	1	6.920	5.140	1.812
39	2	6.920	5.800	2.701
39	3	6.920	5.950	3.183
39	4	6.920	5.970	3.306
39	5	6.920	5.960	3.278
39	6	6.920	5.970	3.295
39	7	6.920	5.990	3.318
39	8	6.920	5.990	3.333
39	9	6.920	5.980	3.314
39	10	6.920	5.980	3.326
39	11	6.920	5.970	3.306
39	12	6.920	5.980	3.286
39	13	6.920	5.990	3.332
39	14	6.920	5.970	3.309
39	15	6.920	5.970	3.310
39	16	6.920	5.990	3.332
39	17	6.920	5.980	3.332
39	18	6.920	5.980	3.317
39	19	6.920	5.940	3.307
39	20	6.920	5.960	3.316
39	21	6.920	5.960	3.307
39	22	6.920	5.940	3.315
39	23	6.920	5.960	3.303
39	24	6.920	5.980	3.317
39	25	6.920	5.990	3.333
39	26	6.920	5.950	3.301
39	27	6.920	5.980	3.321
39	28	6.920	5.950	3.293
39	29	6.920	5.990	3.306
39	30	6.920	5.990	3.326
39	31	6.920	5.990	3.318
39	32	6.920	5.960	3.280
39	33	6.920	5.970	3.278
39	34	6.920	6.000	3.309
39	35	6.920	5.990	3.314
39	36	6.920	5.980	3.314
39	37	6.920	5.970	3.333
39	38	6.920	5.960	3.293
39	39	6.920	5.970	3.294
39	40	6.920	5.980	3.318
39	41	6.920	5.960	3.310
39	42	6.920	5.990	3.298
39	43	6.920	5.980	3.333
39	44	6.920	5.980	3.333
39	45	6.920	5.960	3.297
39	46	6.920	5.990	3.333
39	47	6.920	5.960	3.290
39	48	6.920	5.960	3.289
39	49	6.920	5.960	3.310
39	50	6.920	5.990	3.318
Executing FF Gene Output
39	B	6.92

40	1	6.920	5.210	2.083
40	2	6.920	5.870	2.912
40	3	6.920	5.960	3.280
40	4	6.920	5.960	3.312
40	5	6.920	5.970	3.320
40	6	6.920	5.980	3.323
40	7	6.920	5.970	3.321
40	8	6.920	5.980	3.326
40	9	6.920	5.940	3.301
40	10	6.920	5.940	3.287
40	11	6.920	5.980	3.327
40	12	6.920	5.990	3.324
40	13	6.920	5.990	3.324
40	14	6.920	6.000	3.333
40	15	6.920	5.970	3.298
40	16	6.920	5.960	3.281
40	17	6.920	5.980	3.324
40	18	6.920	5.980	3.314
40	19	6.920	6.000	3.333
40	20	6.920	5.990	3.329
40	21	6.920	5.960	3.292
40	22	6.920	5.960	3.293
40	23	6.920	5.950	3.298
40	24	6.920	5.960	3.293
40	25	6.920	5.980	3.323
40	26	6.920	5.940	3.302
40	27	6.920	5.980	3.323
40	28	6.920	5.980	3.323
40	29	6.920	5.970	3.307
40	30	6.920	5.970	3.320
40	31	6.920	5.950	3.298
40	32	6.920	5.970	3.309
40	33	6.920	5.960	3.301
40	34	6.920	6.000	3.333
40	35	6.920	6.000	3.333
40	36	6.920	5.990	3.318
40	37	6.920	5.980	3.327
40	38	6.920	5.990	3.327
40	39	6.920	5.990	3.309
40	40	6.920	5.990	3.327
40	41	6.920	5.980	3.314
40	42	6.920	5.980	3.312
40	43	6.920	5.980	3.324
40	44	6.920	5.950	3.289
40	45	6.920	5.990	3.329
40	46	6.920	5.990	3.329
40	47	6.920	5.990	3.329
40	48	6.920	5.970	3.320
40	49	6.920	5.980	3.324
40	50	6.920	5.980	3.314
Executing FF Gene Output
40	B	6.92

41	1	6.920	5.150	2.019
41	2	6.920	5.760	2.581
41	3	6.920	5.970	3.154
41	4	6.920	5.980	3.286
41	5	6.920	6.000	3.333
41	6	6.920	5.950	3.290
41	7	6.920	5.980	3.312
41	8	6.920	5.990	3.303
41	9	6.920	5.990	3.303
41	10	6.920	5.990	3.304
41	11	6.920	5.970	3.266
41	12	6.920	5.990	3.303
41	13	6.920	5.990	3.286
41	14	6.920	5.990	3.304
41	15	6.920	5.980	3.303
41	16	6.920	6.000	3.333
41	17	6.920	5.990	3.289
41	18	6.920	5.980	3.288
41	19	6.920	5.990	3.318
41	20	6.920	5.990	3.317
41	21	6.920	6.000	3.304
41	22	6.920	5.970	3.312
41	23	6.920	5.990	3.301
41	24	6.920	5.990	3.318
41	25	6.920	6.000	3.333
41	26	6.920	6.000	3.333
41	27	6.920	5.990	3.318
41	28	6.920	6.000	3.333
41	29	6.920	5.970	3.312
41	30	6.920	5.990	3.318
41	31	6.920	6.000	3.333
41	32	6.920	5.990	3.303
41	33	6.920	6.000	3.333
41	34	6.920	5.990	3.303
41	35	6.920	5.970	3.272
41	36	6.920	5.980	3.303
41	37	6.920	5.990	3.304
41	38	6.920	5.990	3.333
41	39	6.920	5.970	3.295
41	40	6.920	5.980	3.318
41	41	6.920	5.980	3.309
41	42	6.920	5.940	3.287
41	43	6.920	5.980	3.301
41	44	6.920	5.970	3.333
41	45	6.920	5.980	3.333
41	46	6.920	5.970	3.320
41	47	6.920	5.990	3.333
41	48	6.920	5.990	3.300
41	49	6.920	5.970	3.300
41	50	6.920	5.970	3.287
Executing FF Gene Output
41	B	6.92

42	1	6.900	5.140	1.758
42	2	6.900	5.840	2.629
42	3	6.920	5.980	3.236
42	4	6.920	5.990	3.321
42	5	6.920	5.990	3.307
42	6	6.920	5.990	3.317
42	7	6.920	5.970	3.281
42	8	6.920	6.000	3.323
42	9	6.920	6.000	3.321
42	10	6.920	6.000	3.309
42	11	6.920	6.000	3.321
42	12	6.920	5.980	3.300
42	13	6.920	5.980	3.309
42	14	6.920	6.000	3.321
42	15	6.920	5.990	3.315
42	16	6.920	5.990	3.283
42	17	6.920	5.990	3.318
42	18	6.920	5.980	3.288
42	19	6.920	6.000	3.300
42	20	6.920	5.970	3.283
42	21	6.920	6.000	3.298
42	22	6.920	5.990	3.304
42	23	6.920	5.970	3.252
42	24	6.920	5.980	3.291
42	25	6.920	5.980	3.309
42	26	6.920	5.990	3.315
42	27	6.920	6.000	3.300
42	28	6.920	5.990	3.318
42	29	6.920	5.970	3.290
42	30	6.920	6.000	3.323
42	31	6.920	5.990	3.314
42	32	6.920	5.990	3.294
42	33	6.920	5.990	3.291
42	34	6.920	5.980	3.309
42	35	6.920	5.990	3.312
42	36	6.920	5.980	3.297
42	37	6.920	5.980	3.303
42	38	6.920	5.990	3.324
42	39	6.920	5.990	3.314
42	40	6.920	5.950	3.259
42	41	6.920	5.970	3.312
42	42	6.920	5.970	3.306
42	43	6.920	5.970	3.284
42	44	6.920	5.970	3.290
42	45	6.920	6.000	3.321
42	46	6.920	5.980	3.309
42	47	6.920	5.980	3.257
42	48	6.920	5.990	3.306
42	49	6.920	5.990	3.269
42	50	6.920	5.970	3.278
Executing FF Gene Output
42	B	6.92

43	1	6.920	5.230	1.752
43	2	6.920	5.780	2.561
43	3	6.920	5.920	3.158
43	4	6.920	5.960	3.303
43	5	6.920	5.970	3.315
43	6	6.920	5.990	3.303
43	7	6.920	6.000	3.318
43	8	6.920	5.960	3.297
43	9	6.920	5.940	3.281
43	10	6.920	5.950	3.284
43	11	6.920	5.980	3.318
43	12	6.920	5.990	3.309
43	13	6.920	5.960	3.297
43	14	6.920	5.990	3.288
43	15	6.920	5.950	3.256
43	16	6.920	5.990	3.288
43	17	6.920	5.980	3.315
43	18	6.920	5.980	3.333
43	19	6.920	5.980	3.318
43	20	6.920	5.980	3.333
43	21	6.920	6.000	3.318
43	22	6.920	5.980	3.321
43	23	6.920	5.990	3.306
43	24	6.920	6.000	3.309
43	25	6.920	5.990	3.291
43	26	6.920	5.960	3.303
43	27	6.920	5.990	3.333
43	28	6.920	5.990	3.321
43	29	6.920	5.980	3.306
43	30	6.920	5.980	3.321
43	31	6.920	5.970	3.278
43	32	6.920	6.000	3.321
43	33	6.920	6.000	3.321
43	34	6.920	5.990	3.333
43	35	6.920	6.000	3.306
43	36	6.920	5.990	3.321
43	37	6.920	5.980	3.294
43	38	6.920	5.990	3.294
43	39	6.920	5.960	3.290
43	40	6.920	5.980	3.288
43	41	6.920	5.980	3.291
43	42	6.920	6.000	3.318
43	43	6.920	5.970	3.318
43	44	6.920	5.990	3.306
43	45	6.920	6.000	3.309
43	46	6.920	5.990	3.306
43	47	6.920	5.980	3.321
43	48	6.920	5.980	3.321
43	49	6.920	6.000	3.321
43	50	6.920	5.990	3.318
Executing FF Gene Output
43	B	6.92

44	1	6.920	5.230	1.911
44	2	6.920	5.900	2.699
44	3	6.920	5.990	3.199
44	4	6.920	5.940	3.267
44	5	6.920	5.970	3.300
44	6	6.920	5.970	3.312
44	7	6.920	5.990	3.303
44	8	6.920	6.000	3.333
44	9	6.920	5.980	3.315
44	10	6.920	5.980	3.323
44	11	6.920	5.990	3.311
44	12	6.920	5.980	3.307
44	13	6.920	5.970	3.295
44	14	6.920	5.960	3.310
44	15	6.920	5.930	3.281
44	16	6.920	5.980	3.318
44	17	6.920	5.980	3.318
44	18	6.920	5.970	3.303
44	19	6.920	5.970	3.307
44	20	6.920	5.950	3.287
44	21	6.920	5.970	3.323
44	22	6.920	5.950	3.281
44	23	6.920	5.990	3.303
44	24	6.920	5.970	3.327
44	25	6.920	5.970	3.298
44	26	6.920	5.980	3.315
44	27	6.920	5.940	3.275
44	28	6.920	5.980	3.294
44	29	6.920	5.970	3.272
44	30	6.920	5.970	3.278
44	31	6.920	5.950	3.250
44	32	6.920	5.970	3.289
44	33	6.920	5.980	3.309
44	34	6.920	6.000	3.333
44	35	6.920	6.000	3.303
44	36	6.920	5.980	3.310
44	37	6.920	5.990	3.330
44	38	6.920	5.980	3.323
44	39	6.920	5.980	3.283
44	40	6.920	5.970	3.225
44	41	6.920	5.990	3.230
44	42	6.920	5.990	3.250
44	43	6.920	5.980	3.286
44	44	6.920	5.990	3.326
44	45	6.920	5.990	3.297
44	46	6.920	6.000	3.304
44	47	6.920	5.990	3.311
44	48	6.920	6.000	3.303
44	49	6.920	5.990	3.311
44	50	6.920	5.980	3.288
Executing FF Gene Output
44	B	6.92

45	1	6.920	5.170	1.894
45	2	6.920	5.820	2.869
45	3	6.920	5.940	3.222
45	4	6.920	5.970	3.301
45	5	6.920	5.950	3.315
45	6	6.920	5.980	3.327
45	7	6.920	5.980	3.283
45	8	6.920	5.980	3.281
45	9	6.920	6.000	3.300
45	10	6.920	5.960	3.300
45	11	6.920	5.990	3.301
45	12	6.920	5.980	3.261
45	13	6.920	5.990	3.332
45	14	6.920	5.980	3.326
45	15	6.920	5.990	3.327
45	16	6.920	6.000	3.320
45	17	6.920	5.990	3.311
45	18	6.920	5.990	3.329
45	19	6.920	5.990	3.333
45	20	6.920	5.960	3.326
45	21	6.920	5.980	3.318
45	22	6.920	6.000	3.333
45	23	6.920	5.990	3.327
45	24	6.920	5.960	3.309
45	25	6.920	5.980	3.314
45	26	6.920	5.950	3.301
45	27	6.920	5.950	3.299
45	28	6.920	5.950	3.298
45	29	6.920	5.950	3.303
45	30	6.920	5.980	3.312
45	31	6.920	5.960	3.329
45	32	6.920	5.940	3.313
45	33	6.920	5.940	3.315
45	34	6.920	5.970	3.333
45	35	6.920	5.990	3.327
45	36	6.920	5.990	3.318
45	37	6.920	5.970	3.289
45	38	6.920	5.990	3.281
45	39	6.920	5.990	3.298
45	40	6.920	5.970	3.297
45	41	6.920	5.980	3.312
45	42	6.920	5.990	3.329
45	43	6.920	5.990	3.294
45	44	6.920	5.990	3.260
45	45	6.920	5.990	3.303
45	46	6.920	5.990	3.297
45	47	6.920	6.000	3.317
45	48	6.920	5.960	3.273
45	49	6.920	5.960	3.273
45	50	6.920	5.980	3.303
Executing FF Gene Output
45	B	6.92

46	1	6.920	5.140	1.758
46	2	6.920	5.830	2.265
46	3	6.920	5.980	3.137
46	4	6.920	5.990	3.255
46	5	6.920	6.000	3.324
46	6	6.920	5.990	3.303
46	7	6.920	6.000	3.333
46	8	6.920	5.990	3.314
46	9	6.920	5.970	3.292
46	10	6.920	6.000	3.303
46	11	6.920	6.000	3.269
46	12	6.920	6.000	3.317
46	13	6.920	6.000	3.289
46	14	6.920	5.970	3.283
46	15	6.920	5.990	3.298
46	16	6.920	6.000	3.301
46	17	6.920	5.990	3.303
46	18	6.920	5.990	3.318
46	19	6.920	5.990	3.304
46	20	6.920	5.990	3.303
46	21	6.920	6.000	3.317
46	22	6.920	5.990	3.303
46	23	6.920	6.000	3.304
46	24	6.920	6.000	3.306
46	25	6.920	5.980	3.288
46	26	6.920	5.990	3.317
46	27	6.920	5.970	3.316
46	28	6.920	5.970	3.318
46	29	6.920	5.950	3.306
46	30	6.920	5.960	3.333
46	31	6.920	5.980	3.333
46	32	6.920	5.960	3.318
46	33	6.920	6.000	3.333
46	34	6.920	5.970	3.333
46	35	6.920	5.990	3.333
46	36	6.920	5.980	3.333
46	37	6.920	5.990	3.333
46	38	6.920	5.960	3.333
46	39	6.920	5.950	3.333
46	40	6.920	5.950	3.333
46	41	6.920	5.970	3.333
46	42	6.920	6.000	3.333
46	43	6.920	5.970	3.287
46	44	6.920	5.960	3.318
46	45	6.920	5.970	3.318
46	46	6.920	5.970	3.333
46	47	6.920	5.960	3.333
46	48	6.920	5.990	3.333
46	49	6.920	5.990	3.333
46	50	6.920	6.000	3.333
Executing FF Gene Output
46	B	6.92

47	1	6.920	5.250	2.002
47	2	6.920	5.840	3.139
47	3	6.920	5.940	3.255
47	4	6.920	5.960	3.287
47	5	6.920	5.960	3.301
47	6	6.920	5.990	3.303
47	7	6.920	5.970	3.316
47	8	6.920	5.990	3.318
47	9	6.920	5.990	3.318
47	10	6.920	5.960	3.286
47	11	6.920	5.990	3.333
47	12	6.920	5.960	3.289
47	13	6.920	5.980	3.312
47	14	6.920	5.970	3.300
47	15	6.920	5.980	3.333
47	16	6.920	5.960	3.293
47	17	6.920	5.940	3.322
47	18	6.920	5.980	3.326
47	19	6.920	5.990	3.332
47	20	6.920	5.970	3.298
47	21	6.920	5.990	3.312
47	22	6.920	5.980	3.317
47	23	6.920	5.980	3.327
47	24	6.920	5.950	3.319
47	25	6.920	5.990	3.333
47	26	6.920	5.980	3.327
47	27	6.920	5.970	3.315
47	28	6.920	5.980	3.318
47	29	6.920	5.970	3.330
47	30	6.920	5.970	3.330
47	31	6.920	5.970	3.326
47	32	6.920	5.980	3.332
47	33	6.920	5.990	3.332
47	34	6.920	6.000	3.333
47	35	6.920	5.950	3.319
47	36	6.920	5.990	3.332
47	37	6.920	5.980	3.330
47	38	6.920	5.960	3.313
47	39	6.920	5.980	3.326
47	40	6.920	5.980	3.330
47	41	6.920	5.940	3.325
47	42	6.920	5.940	3.324
47	43	6.920	5.980	3.326
47	44	6.920	5.950	3.306
47	45	6.920	5.950	3.324
47	46	6.920	5.980	3.320
47	47	6.920	5.950	3.303
47	48	6.920	5.950	3.295
47	49	6.920	5.980	3.317
47	50	6.920	5.930	3.298
Executing FF Gene Output
47	B	6.92

48	1	6.920	5.220	1.773
48	2	6.920	5.800	2.725
48	3	6.920	5.970	3.218
48	4	6.920	5.980	3.280
48	5	6.920	6.000	3.333
48	6	6.920	5.980	3.267
48	7	6.920	5.990	3.289
48	8	6.920	5.980	3.263
48	9	6.920	5.990	3.263
48	10	6.920	6.000	3.318
48	11	6.920	5.990	3.283
48	12	6.920	5.990	3.294
48	13	6.920	5.970	3.283
48	14	6.920	5.990	3.283
48	15	6.920	6.000	3.309
48	16	6.920	5.990	3.318
48	17	6.920	5.960	3.280
48	18	6.920	5.960	3.264
48	19	6.920	5.990	3.306
48	20	6.920	5.990	3.306
48	21	6.920	5.980	3.303
48	22	6.920	5.980	3.291
48	23	6.920	5.990	3.306
48	24	6.920	5.980	3.310
48	25	6.920	5.990	3.288
48	26	6.920	5.980	3.241
48	27	6.920	5.940	3.241
48	28	6.920	5.970	3.267
48	29	6.920	5.990	3.268
48	30	6.920	6.000	3.306
48	31	6.920	5.970	3.318
48	32	6.920	6.000	3.303
48	33	6.920	5.990	3.303
48	34	6.920	5.990	3.275
48	35	6.920	5.990	3.303
48	36	6.920	6.000	3.318
48	37	6.920	6.000	3.291
48	38	6.920	5.970	3.278
48	39	6.920	5.990	3.286
48	40	6.920	5.990	3.266
48	41	6.920	6.000	3.321
48	42	6.920	6.000	3.333
48	43	6.920	5.980	3.303
48	44	6.920	6.000	3.318
48	45	6.920	5.980	3.310
48	46	6.920	5.980	3.283
48	47	6.920	5.990	3.280
48	48	6.920	5.990	3.318
48	49	6.920	6.000	3.263
48	50	6.920	5.990	3.283
Executing FF Gene Output
48	B	6.92

49	1	6.920	5.140	1.790
49	2	6.920	5.850	2.858
49	3	6.920	5.970	3.280
49	4	6.920	6.000	3.318
49	5	6.920	5.990	3.332
49	6	6.920	5.950	3.316
49	7	6.920	5.950	3.284
49	8	6.920	5.960	3.286
49	9	6.920	5.990	3.317
49	10	6.920	5.970	3.303
49	11	6.920	5.980	3.318
49	12	6.920	5.990	3.333
49	13	6.920	5.990	3.318
49	14	6.920	6.000	3.318
49	15	6.920	5.990	3.303
49	16	6.920	5.980	3.318
49	17	6.920	6.000	3.318
49	18	6.920	5.990	3.333
49	19	6.920	5.990	3.333
49	20	6.920	5.960	3.333
49	21	6.920	5.980	3.303
49	22	6.920	5.970	3.318
49	23	6.920	5.990	3.318
49	24	6.920	5.970	3.333
49	25	6.920	5.980	3.303
49	26	6.920	5.970	3.318
49	27	6.920	5.990	3.288
49	28	6.920	5.990	3.318
49	29	6.920	5.990	3.318
49	30	6.920	5.990	3.321
49	31	6.920	5.960	3.318
49	32	6.920	5.970	3.318
49	33	6.920	5.990	3.333
49	34	6.920	6.000	3.318
49	35	6.920	5.990	3.333
49	36	6.920	5.990	3.318
49	37	6.920	5.990	3.333
49	38	6.920	5.960	3.318
49	39	6.920	5.970	3.318
49	40	6.920	5.990	3.333
49	41	6.920	5.990	3.318
49	42	6.920	5.980	3.303
49	43	6.920	5.970	3.303
49	44	6.920	5.970	3.303
49	45	6.920	5.950	3.241
49	46	6.920	5.930	3.302
49	47	6.920	5.970	3.303
49	48	6.920	5.990	3.333
49	49	6.920	5.980	3.333
49	50	6.920	6.000	3.303
Executing FF Gene Output
49	B	6.92

50	1	6.920	5.220	1.910
50	2	6.920	5.780	2.667
50	3	6.920	5.930	3.155
50	4	6.920	5.980	3.303
50	5	6.920	5.950	3.303
50	6	6.920	5.960	3.318
50	7	6.920	5.980	3.318
50	8	6.920	5.990	3.333
50	9	6.920	6.000	3.333
50	10	6.920	5.950	3.333
50	11	6.920	5.990	3.333
50	12	6.920	5.970	3.333
50	13	6.920	5.990	3.333
50	14	6.920	5.970	3.318
50	15	6.920	6.000	3.333
50	16	6.920	5.960	3.318
50	17	6.920	5.960	3.333
50	18	6.920	5.990	3.333
50	19	6.920	6.000	3.333
50	20	6.920	5.970	3.333
50	21	6.920	5.980	3.333
50	22	6.920	5.980	3.318
50	23	6.920	5.960	3.303
50	24	6.920	5.980	3.333
50	25	6.920	5.980	3.333
50	26	6.920	5.970	3.318
50	27	6.920	5.980	3.318
50	28	6.920	5.980	3.333
50	29	6.920	5.950	3.333
50	30	6.920	5.990	3.333
50	31	6.920	6.000	3.333
50	32	6.920	5.990	3.318
50	33	6.920	5.970	3.318
50	34	6.920	5.940	3.292
50	35	6.920	6.000	3.333
50	36	6.920	5.970	3.306
50	37	6.920	5.980	3.312
50	38	6.920	5.970	3.309
50	39	6.920	5.970	3.307
50	40	6.920	6.000	3.333
50	41	6.920	5.990	3.318
50	42	6.920	5.990	3.318
50	43	6.920	5.950	3.273
50	44	6.920	5.950	3.296
50	45	6.920	5.960	3.313
50	46	6.920	5.960	3.304
50	47	6.920	5.950	3.287
50	48	6.920	5.980	3.324
50	49	6.920	5.960	3.303
50	50	6.920	5.920	3.294
Executing FF Gene Output
50	B	6.92

Over All:
	Average Run Average Fitness: 5
	Average Run Best Fitness: 6
	Best Fitness: 6.92
	Best Chromo: Run 1: Generation 1: 1 0 1 0 0 0 0 1 0 1 0 1 0 1 0 0 0 1 0 1 0 1 0 0 1 1 0 0 0 1 1 0 1 0 1 0 1 0 1 1 0 1 1 0 1 1 1 1 0 1 1 1 0 0 1 0 0 0 0 1 1 1 1 1 0 0 1 1 1 0 1 1 0 0 1 0 1 0 1 0 0 0 0 1 1 0 0 1 0 1 1 1 1 0 1 1 0 1 0 0 0 1 0 1 1 0 1 1 0 1 1 1 1 0 0 0 1 0 0 1 1 0 1 1 0 1 0 1 0 0 0 0 1 0 0 1 1 0 1 0 1 0 0 0 0 0 0 1 0 1 0 1 1 1 1 0 1 1 1 1 0 0 1 0 0 1 0 0 1 1 1 1 1 1 1 0 1 1 1 1 0 0 0 0 1 1 1 0 1 1 0 0 1 1 1 1 1 0 0 0 1 0 1 0 0 0 0 0 0 1 1 1 0 0 0 0 0 0 0 1 0 1 0 0 0 1 0 0 1 0 1 0 1 0 0 1 1 0 1 0 0 1 0 1 0 0 0 1 1 0 1 1 0 0 0 0 
Start:  Mon Mar 21 11:14:45 EDT 2016
End  :  Mon Mar 21 11:15:25 EDT 2016
