
Parameter File Name is: hw3_axel_t42t.params

Setting up Fitness Function.....Iterated Prisoner's Dilemma
1	1	5.960	4.810	1.361
1	2	5.960	4.960	2.437
1	3	5.960	4.970	3.062
1	4	5.960	4.970	3.130
1	5	5.960	4.980	3.132
1	6	5.960	5.000	3.178
1	7	5.960	4.970	3.143
1	8	5.960	4.960	3.132
1	9	5.960	4.990	3.167
1	10	5.960	4.990	3.149
1	11	5.960	4.970	3.111
1	12	5.960	4.960	3.096
1	13	5.960	4.970	3.078
1	14	5.960	4.970	3.096
1	15	5.960	4.990	3.165
1	16	5.960	4.970	3.143
1	17	5.960	4.990	3.167
1	18	5.960	4.970	3.132
1	19	5.960	4.940	3.110
1	20	5.960	4.980	3.138
1	21	5.960	4.990	3.165
1	22	5.960	4.970	3.140
1	23	5.960	4.970	3.140
1	24	5.960	4.980	3.153
1	25	5.960	4.980	3.153
1	26	5.960	4.990	3.141
1	27	5.960	4.990	3.141
1	28	5.960	4.990	3.157
1	29	5.960	4.980	3.153
1	30	5.960	4.990	3.127
1	31	5.960	4.990	3.127
1	32	5.960	4.970	3.133
1	33	5.960	4.980	3.153
1	34	5.960	4.990	3.175
1	35	5.960	5.000	3.162
1	36	5.960	4.990	3.098
1	37	5.960	4.980	3.153
1	38	5.960	5.000	3.148
1	39	5.960	5.000	3.162
1	40	5.960	5.000	3.146
1	41	5.960	5.000	3.162
1	42	5.960	4.980	3.138
1	43	5.960	4.990	3.159
1	44	5.960	5.000	3.146
1	45	5.960	5.000	3.146
1	46	5.960	5.000	3.135
1	47	5.960	5.000	3.178
1	48	5.960	5.000	3.162
1	49	5.960	5.000	3.114
1	50	5.960	5.000	3.114
Executing FF Gene Output
1	B	5.96

2	1	5.960	4.840	1.423
2	2	5.960	4.970	2.624
2	3	5.960	5.000	3.098
2	4	5.960	4.990	3.140
2	5	5.960	5.000	3.162
2	6	5.960	5.000	3.133
2	7	5.960	5.000	3.090
2	8	5.960	5.000	3.149
2	9	5.960	5.000	3.162
2	10	5.960	5.000	3.156
2	11	5.960	5.000	3.145
2	12	5.960	5.000	3.111
2	13	5.960	5.000	3.153
2	14	5.960	5.000	3.086
2	15	5.960	4.990	3.153
2	16	5.960	5.000	3.149
2	17	5.960	4.990	3.130
2	18	5.960	5.000	3.178
2	19	5.960	5.000	3.178
2	20	5.960	4.980	3.132
2	21	5.960	5.000	3.141
2	22	5.960	5.000	3.143
2	23	5.960	5.000	3.161
2	24	5.960	5.000	3.099
2	25	5.960	5.000	3.157
2	26	5.960	5.000	3.162
2	27	5.960	5.000	3.148
2	28	5.960	5.000	3.145
2	29	5.960	5.000	3.135
2	30	5.960	5.000	3.133
2	31	5.960	5.000	3.178
2	32	5.960	5.000	3.138
2	33	5.960	5.000	3.143
2	34	5.960	5.000	3.170
2	35	5.960	5.000	3.170
2	36	5.960	5.000	3.151
2	37	5.960	5.000	3.146
2	38	5.960	5.000	3.106
2	39	5.960	5.000	3.148
2	40	5.960	5.000	3.146
2	41	5.960	5.000	3.162
2	42	5.960	5.000	3.177
2	43	5.960	5.000	3.162
2	44	5.960	5.000	3.159
2	45	5.960	5.000	3.162
2	46	5.960	5.000	3.178
2	47	5.960	5.000	3.162
2	48	5.960	5.000	3.137
2	49	5.960	5.000	3.148
2	50	5.960	5.000	3.169
Executing FF Gene Output
2	B	5.96

3	1	5.960	4.820	1.648
3	2	5.960	4.950	2.748
3	3	5.960	4.990	3.093
3	4	5.960	4.990	3.148
3	5	5.960	4.990	3.138
3	6	5.960	5.000	3.140
3	7	5.960	5.000	3.169
3	8	5.960	4.970	3.133
3	9	5.960	4.980	3.149
3	10	5.960	4.980	3.148
3	11	5.960	4.990	3.153
3	12	5.960	4.990	3.132
3	13	5.960	4.980	3.161
3	14	5.960	5.000	3.167
3	15	5.960	5.000	3.135
3	16	5.960	5.000	3.151
3	17	5.960	5.000	3.143
3	18	5.960	5.000	3.141
3	19	5.960	4.990	3.154
3	20	5.960	4.960	3.140
3	21	5.960	4.960	3.146
3	22	5.960	4.960	3.143
3	23	5.960	4.980	3.162
3	24	5.960	4.990	3.154
3	25	5.960	5.000	3.165
3	26	5.960	5.000	3.159
3	27	5.960	4.990	3.167
3	28	5.960	4.970	3.133
3	29	5.960	4.980	3.140
3	30	5.960	5.000	3.169
3	31	5.960	4.980	3.162
3	32	5.960	4.980	3.162
3	33	5.960	4.980	3.149
3	34	5.960	4.970	3.157
3	35	5.960	4.980	3.149
3	36	5.960	4.970	3.141
3	37	5.960	4.980	3.159
3	38	5.960	4.990	3.170
3	39	5.960	4.990	3.167
3	40	5.960	4.990	3.161
3	41	5.960	5.000	3.159
3	42	5.960	5.000	3.162
3	43	5.960	4.990	3.170
3	44	5.960	4.970	3.156
3	45	5.960	4.970	3.140
3	46	5.960	4.960	3.122
3	47	5.960	4.960	3.127
3	48	5.960	4.990	3.148
3	49	5.960	5.000	3.178
3	50	5.960	5.000	3.165
Executing FF Gene Output
3	B	5.96

4	1	5.960	4.840	1.301
4	2	5.960	4.950	2.490
4	3	5.960	4.980	3.013
4	4	5.960	5.000	3.116
4	5	5.960	4.990	3.127
4	6	5.960	5.000	3.162
4	7	5.960	4.970	3.157
4	8	5.960	5.000	3.178
4	9	5.960	4.970	3.141
4	10	5.960	4.990	3.161
4	11	5.960	4.990	3.177
4	12	5.960	4.980	3.125
4	13	5.960	4.990	3.145
4	14	5.960	4.980	3.138
4	15	5.960	5.000	3.114
4	16	5.960	5.000	3.081
4	17	5.960	4.990	3.112
4	18	5.960	4.990	3.112
4	19	5.960	5.000	3.146
4	20	5.960	4.970	3.141
4	21	5.960	4.990	3.129
4	22	5.960	5.000	3.162
4	23	5.960	5.000	3.162
4	24	5.960	4.970	3.125
4	25	5.960	4.970	3.141
4	26	5.960	5.000	3.137
4	27	5.960	4.960	3.154
4	28	5.960	5.000	3.178
4	29	5.960	4.990	3.145
4	30	5.960	4.980	3.175
4	31	5.960	4.960	3.167
4	32	5.960	4.940	3.134
4	33	5.960	4.940	3.136
4	34	5.960	5.000	3.178
4	35	5.960	4.960	3.162
4	36	5.960	4.940	3.105
4	37	5.960	4.980	3.137
4	38	5.960	4.940	3.136
4	39	5.960	4.960	3.128
4	40	5.960	4.960	3.160
4	41	5.960	4.960	3.160
4	42	5.960	4.980	3.138
4	43	5.960	4.960	3.146
4	44	5.960	4.940	3.138
4	45	5.960	4.980	3.138
4	46	5.960	4.980	3.162
4	47	5.960	4.980	3.169
4	48	5.960	4.940	3.134
4	49	5.960	4.960	3.144
4	50	5.960	4.960	3.146
Executing FF Gene Output
4	B	5.96

5	1	5.960	4.820	1.579
5	2	5.960	4.960	2.767
5	3	5.960	4.990	3.081
5	4	5.960	4.990	3.135
5	5	5.960	4.980	3.159
5	6	5.960	4.970	3.157
5	7	5.960	5.000	3.178
5	8	5.960	5.000	3.146
5	9	5.960	4.990	3.153
5	10	5.960	4.990	3.153
5	11	5.960	4.990	3.161
5	12	5.960	4.990	3.153
5	13	5.960	4.990	3.170
5	14	5.960	4.980	3.159
5	15	5.960	4.980	3.162
5	16	5.960	4.990	3.177
5	17	5.960	5.000	3.162
5	18	5.960	5.000	3.178
5	19	5.960	4.970	3.165
5	20	5.960	4.980	3.169
5	21	5.960	4.980	3.161
5	22	5.960	4.990	3.177
5	23	5.960	4.980	3.167
5	24	5.960	5.000	3.162
5	25	5.960	4.990	3.156
5	26	5.960	4.970	3.165
5	27	5.960	4.990	3.161
5	28	5.960	5.000	3.148
5	29	5.960	4.980	3.137
5	30	5.960	4.990	3.162
5	31	5.960	4.980	3.132
5	32	5.960	4.990	3.177
5	33	5.960	5.000	3.164
5	34	5.960	4.990	3.149
5	35	5.960	5.000	3.164
5	36	5.960	4.980	3.149
5	37	5.960	4.990	3.148
5	38	5.960	5.000	3.162
5	39	5.960	4.990	3.145
5	40	5.960	4.990	3.148
5	41	5.960	5.000	3.162
5	42	5.960	4.990	3.148
5	43	5.960	4.990	3.133
5	44	5.960	4.990	3.141
5	45	5.960	4.990	3.125
5	46	5.960	5.000	3.156
5	47	5.960	5.000	3.172
5	48	5.960	5.000	3.154
5	49	5.960	5.000	3.148
5	50	5.960	4.990	3.149
Executing FF Gene Output
5	B	5.96

6	1	5.960	4.880	1.516
6	2	5.960	4.990	2.663
6	3	5.960	4.980	3.045
6	4	5.960	5.000	3.108
6	5	5.960	5.000	3.133
6	6	5.960	5.000	3.124
6	7	5.960	5.000	3.153
6	8	5.960	5.000	3.159
6	9	5.960	5.000	3.140
6	10	5.960	5.000	3.178
6	11	5.960	5.000	3.165
6	12	5.960	5.000	3.169
6	13	5.960	5.000	3.159
6	14	5.960	5.000	3.143
6	15	5.960	5.000	3.117
6	16	5.960	5.000	3.159
6	17	5.960	5.000	3.146
6	18	5.960	5.000	3.161
6	19	5.960	5.000	3.162
6	20	5.960	5.000	3.162
6	21	5.960	4.980	3.154
6	22	5.960	4.980	3.162
6	23	5.960	5.000	3.169
6	24	5.960	5.000	3.140
6	25	5.960	5.000	3.143
6	26	5.960	5.000	3.154
6	27	5.960	4.980	3.161
6	28	5.960	4.930	3.129
6	29	5.960	4.940	3.118
6	30	5.960	4.960	3.114
6	31	5.960	4.940	3.142
6	32	5.960	5.000	3.153
6	33	5.960	4.960	3.146
6	34	5.960	4.960	3.102
6	35	5.960	5.000	3.080
6	36	5.960	4.960	3.128
6	37	5.960	4.980	3.143
6	38	5.960	4.980	3.128
6	39	5.960	4.980	3.135
6	40	5.960	4.960	3.160
6	41	5.960	5.000	3.165
6	42	5.960	4.980	3.169
6	43	5.960	5.000	3.178
6	44	5.960	5.000	3.170
6	45	5.960	4.960	3.132
6	46	5.960	5.000	3.169
6	47	5.960	5.000	3.157
6	48	5.960	5.000	3.145
6	49	5.960	4.980	3.153
6	50	5.960	5.000	3.178
Executing FF Gene Output
6	B	5.96

7	1	5.960	4.840	1.423
7	2	5.960	4.970	2.632
7	3	5.960	5.000	3.065
7	4	5.960	4.990	3.116
7	5	5.960	4.990	3.161
7	6	5.960	4.990	3.138
7	7	5.960	5.000	3.162
7	8	5.960	4.990	3.141
7	9	5.960	4.990	3.151
7	10	5.960	5.000	3.146
7	11	5.960	5.000	3.159
7	12	5.960	5.000	3.140
7	13	5.960	5.000	3.162
7	14	5.960	5.000	3.156
7	15	5.960	5.000	3.178
7	16	5.960	4.990	3.167
7	17	5.960	5.000	3.178
7	18	5.960	5.000	3.162
7	19	5.960	5.000	3.146
7	20	5.960	5.000	3.162
7	21	5.960	4.970	3.141
7	22	5.960	4.970	3.148
7	23	5.960	5.000	3.143
7	24	5.960	4.990	3.153
7	25	5.960	4.970	3.149
7	26	5.960	5.000	3.143
7	27	5.960	5.000	3.162
7	28	5.960	5.000	3.178
7	29	5.960	5.000	3.153
7	30	5.960	5.000	3.178
7	31	5.960	5.000	3.169
7	32	5.960	4.960	3.138
7	33	5.960	4.980	3.153
7	34	5.960	4.960	3.122
7	35	5.960	4.980	3.143
7	36	5.960	4.940	3.151
7	37	5.960	5.000	3.175
7	38	5.960	5.000	3.140
7	39	5.960	5.000	3.162
7	40	5.960	5.000	3.175
7	41	5.960	4.960	3.154
7	42	5.960	4.940	3.138
7	43	5.960	4.960	3.152
7	44	5.960	5.000	3.162
7	45	5.960	4.980	3.157
7	46	5.960	5.000	3.165
7	47	5.960	4.980	3.130
7	48	5.960	5.000	3.156
7	49	5.960	5.000	3.175
7	50	5.960	5.000	3.162
Executing FF Gene Output
7	B	5.96

8	1	5.960	4.840	1.600
8	2	5.960	4.900	2.630
8	3	5.960	4.980	3.088
8	4	5.960	4.980	3.151
8	5	5.960	4.980	3.172
8	6	5.960	5.000	3.138
8	7	5.960	4.980	3.099
8	8	5.960	4.960	3.162
8	9	5.960	4.960	3.156
8	10	5.960	4.980	3.164
8	11	5.960	4.960	3.130
8	12	5.960	4.960	3.162
8	13	5.960	4.980	3.156
8	14	5.960	4.960	3.162
8	15	5.960	5.000	3.135
8	16	5.960	4.980	3.162
8	17	5.960	5.000	3.094
8	18	5.960	4.980	3.127
8	19	5.960	5.000	3.120
8	20	5.960	4.980	3.135
8	21	5.960	5.000	3.162
8	22	5.960	5.000	3.153
8	23	5.960	5.000	3.145
8	24	5.960	5.000	3.141
8	25	5.960	4.940	3.133
8	26	5.960	4.980	3.170
8	27	5.960	4.980	3.148
8	28	5.960	5.000	3.108
8	29	5.960	5.000	3.178
8	30	5.960	5.000	3.154
8	31	5.960	5.000	3.154
8	32	5.960	5.000	3.178
8	33	5.960	4.990	3.164
8	34	5.960	4.990	3.148
8	35	5.960	4.990	3.164
8	36	5.960	4.980	3.124
8	37	5.960	4.990	3.129
8	38	5.960	5.000	3.133
8	39	5.960	5.000	3.169
8	40	5.960	5.000	3.137
8	41	5.960	4.990	3.154
8	42	5.960	5.000	3.135
8	43	5.960	5.000	3.148
8	44	5.960	4.990	3.153
8	45	5.960	5.000	3.141
8	46	5.960	5.000	3.132
8	47	5.960	5.000	3.122
8	48	5.960	5.000	3.117
8	49	5.960	4.990	3.148
8	50	5.960	4.990	3.149
Executing FF Gene Output
8	B	5.96

9	1	5.960	4.920	1.376
9	2	5.960	4.970	2.638
9	3	5.960	4.990	3.093
9	4	5.960	5.000	3.140
9	5	5.960	5.000	3.132
9	6	5.960	4.990	3.145
9	7	5.960	4.990	3.145
9	8	5.960	4.990	3.141
9	9	5.960	5.000	3.162
9	10	5.960	4.940	3.144
9	11	5.960	4.980	3.153
9	12	5.960	5.000	3.178
9	13	5.960	4.980	3.151
9	14	5.960	4.980	3.135
9	15	5.960	4.960	3.157
9	16	5.960	4.990	3.173
9	17	5.960	4.970	3.161
9	18	5.960	4.970	3.148
9	19	5.960	4.980	3.169
9	20	5.960	4.990	3.157
9	21	5.960	4.960	3.156
9	22	5.960	4.990	3.140
9	23	5.960	4.980	3.151
9	24	5.960	4.980	3.119
9	25	5.960	4.980	3.151
9	26	5.960	4.970	3.145
9	27	5.960	4.970	3.133
9	28	5.960	4.970	3.109
9	29	5.960	4.970	3.115
9	30	5.960	4.950	3.118
9	31	5.960	4.970	3.130
9	32	5.960	4.980	3.153
9	33	5.960	5.000	3.101
9	34	5.960	5.000	3.153
9	35	5.960	5.000	3.162
9	36	5.960	5.000	3.177
9	37	5.960	5.000	3.178
9	38	5.960	5.000	3.120
9	39	5.960	5.000	3.135
9	40	5.960	5.000	3.130
9	41	5.960	5.000	3.146
9	42	5.960	5.000	3.120
9	43	5.960	5.000	3.153
9	44	5.960	5.000	3.078
9	45	5.960	5.000	3.161
9	46	5.960	5.000	3.114
9	47	5.960	5.000	3.114
9	48	5.960	5.000	3.067
9	49	5.960	5.000	3.132
9	50	5.960	5.000	3.116
Executing FF Gene Output
9	B	5.96

10	1	5.960	4.780	1.583
10	2	5.960	4.970	2.846
10	3	5.960	4.980	3.045
10	4	5.960	4.980	3.122
10	5	5.960	4.980	3.151
10	6	5.960	4.990	3.094
10	7	5.960	5.000	3.101
10	8	5.960	4.990	3.173
10	9	5.960	4.980	3.090
10	10	5.960	4.990	3.109
10	11	5.960	4.990	3.159
10	12	5.960	5.000	3.162
10	13	5.960	5.000	3.114
10	14	5.960	5.000	3.162
10	15	5.960	4.980	3.153
10	16	5.960	4.990	3.157
10	17	5.960	5.000	3.098
10	18	5.960	5.000	3.148
10	19	5.960	4.990	3.093
10	20	5.960	5.000	3.130
10	21	5.960	5.000	3.146
10	22	5.960	5.000	3.146
10	23	5.960	5.000	3.148
10	24	5.960	5.000	3.162
10	25	5.960	4.990	3.133
10	26	5.960	5.000	3.162
10	27	5.960	5.000	3.178
10	28	5.960	5.000	3.169
10	29	5.960	5.000	3.178
10	30	5.960	5.000	3.167
10	31	5.960	5.000	3.145
10	32	5.960	5.000	3.162
10	33	5.960	5.000	3.146
10	34	5.960	5.000	3.162
10	35	5.960	5.000	3.135
10	36	5.960	5.000	3.162
10	37	5.960	5.000	3.146
10	38	5.960	5.000	3.154
10	39	5.960	5.000	3.104
10	40	5.960	5.000	3.119
10	41	5.960	5.000	3.146
10	42	5.960	5.000	3.170
10	43	5.960	5.000	3.129
10	44	5.960	5.000	3.137
10	45	5.960	5.000	3.153
10	46	5.960	5.000	3.120
10	47	5.960	5.000	3.120
10	48	5.960	5.000	3.138
10	49	5.960	4.980	3.117
10	50	5.960	5.000	3.162
Executing FF Gene Output
10	B	5.96

11	1	5.960	4.890	1.428
11	2	5.960	4.980	2.651
11	3	5.960	5.000	3.052
11	4	5.960	5.000	3.124
11	5	5.960	5.000	3.138
11	6	5.960	5.000	3.162
11	7	5.960	5.000	3.154
11	8	5.960	5.000	3.114
11	9	5.960	5.000	3.073
11	10	5.960	5.000	3.130
11	11	5.960	5.000	3.154
11	12	5.960	5.000	3.099
11	13	5.960	5.000	3.151
11	14	5.960	5.000	3.146
11	15	5.960	5.000	3.135
11	16	5.960	5.000	3.162
11	17	5.960	5.000	3.178
11	18	5.960	5.000	3.178
11	19	5.960	5.000	3.178
11	20	5.960	5.000	3.172
11	21	5.960	5.000	3.165
11	22	5.960	5.000	3.153
11	23	5.960	5.000	3.161
11	24	5.960	5.000	3.161
11	25	5.960	5.000	3.091
11	26	5.960	5.000	3.167
11	27	5.960	5.000	3.172
11	28	5.960	5.000	3.151
11	29	5.960	5.000	3.162
11	30	5.960	5.000	3.156
11	31	5.960	5.000	3.140
11	32	5.960	5.000	3.151
11	33	5.960	5.000	3.141
11	34	5.960	5.000	3.114
11	35	5.960	5.000	3.130
11	36	5.960	5.000	3.137
11	37	5.960	5.000	3.135
11	38	5.960	5.000	3.148
11	39	5.960	5.000	3.130
11	40	5.960	5.000	3.119
11	41	5.960	5.000	3.143
11	42	5.960	5.000	3.156
11	43	5.960	5.000	3.178
11	44	5.960	5.000	3.120
11	45	5.960	5.000	3.146
11	46	5.960	5.000	3.154
11	47	5.960	5.000	3.154
11	48	5.960	5.000	3.154
11	49	5.960	5.000	3.148
11	50	5.960	5.000	3.167
Executing FF Gene Output
11	B	5.96

12	1	5.960	4.770	1.607
12	2	5.960	4.940	2.591
12	3	5.960	4.990	3.037
12	4	5.960	5.000	3.141
12	5	5.960	5.000	3.157
12	6	5.960	4.990	3.137
12	7	5.960	4.980	3.172
12	8	5.960	5.000	3.135
12	9	5.960	5.000	3.135
12	10	5.960	4.990	3.169
12	11	5.960	4.990	3.162
12	12	5.960	5.000	3.141
12	13	5.960	5.000	3.149
12	14	5.960	5.000	3.124
12	15	5.960	5.000	3.132
12	16	5.960	5.000	3.151
12	17	5.960	5.000	3.111
12	18	5.960	5.000	3.103
12	19	5.960	4.990	3.145
12	20	5.960	5.000	3.164
12	21	5.960	5.000	3.162
12	22	5.960	4.980	3.137
12	23	5.960	4.990	3.130
12	24	5.960	4.990	3.175
12	25	5.960	5.000	3.178
12	26	5.960	4.990	3.175
12	27	5.960	5.000	3.124
12	28	5.960	4.990	3.146
12	29	5.960	5.000	3.154
12	30	5.960	4.990	3.137
12	31	5.960	5.000	3.154
12	32	5.960	5.000	3.164
12	33	5.960	4.990	3.159
12	34	5.960	5.000	3.141
12	35	5.960	4.980	3.112
12	36	5.960	4.980	3.156
12	37	5.960	4.990	3.157
12	38	5.960	5.000	3.164
12	39	5.960	5.000	3.135
12	40	5.960	5.000	3.157
12	41	5.960	4.990	3.151
12	42	5.960	5.000	3.148
12	43	5.960	5.000	3.146
12	44	5.960	4.990	3.154
12	45	5.960	4.990	3.140
12	46	5.960	5.000	3.124
12	47	5.960	4.990	3.140
12	48	5.960	4.990	3.148
12	49	5.960	5.000	3.162
12	50	5.960	5.000	3.172
Executing FF Gene Output
12	B	5.96

13	1	5.960	4.840	1.587
13	2	5.960	4.980	2.590
13	3	5.960	5.000	3.081
13	4	5.960	5.000	3.156
13	5	5.960	5.000	3.153
13	6	5.960	5.000	3.133
13	7	5.960	5.000	3.165
13	8	5.960	5.000	3.141
13	9	5.960	5.000	3.086
13	10	5.960	5.000	3.080
13	11	5.960	5.000	3.133
13	12	5.960	5.000	3.154
13	13	5.960	5.000	3.137
13	14	5.960	5.000	3.178
13	15	5.960	5.000	3.137
13	16	5.960	5.000	3.124
13	17	5.960	5.000	3.145
13	18	5.960	5.000	3.153
13	19	5.960	5.000	3.162
13	20	5.960	5.000	3.153
13	21	5.960	5.000	3.143
13	22	5.960	5.000	3.170
13	23	5.960	5.000	3.141
13	24	5.960	5.000	3.153
13	25	5.960	5.000	3.161
13	26	5.960	5.000	3.129
13	27	5.960	5.000	3.122
13	28	5.960	5.000	3.096
13	29	5.960	5.000	3.137
13	30	5.960	5.000	3.133
13	31	5.960	5.000	3.103
13	32	5.960	5.000	3.165
13	33	5.960	5.000	3.132
13	34	5.960	5.000	3.165
13	35	5.960	5.000	3.137
13	36	5.960	5.000	3.132
13	37	5.960	5.000	3.157
13	38	5.960	5.000	3.157
13	39	5.960	5.000	3.162
13	40	5.960	5.000	3.162
13	41	5.960	5.000	3.104
13	42	5.960	5.000	3.124
13	43	5.960	5.000	3.146
13	44	5.960	5.000	3.133
13	45	5.960	5.000	3.125
13	46	5.960	5.000	3.112
13	47	5.960	5.000	3.138
13	48	5.960	5.000	3.125
13	49	5.960	5.000	3.141
13	50	5.960	5.000	3.125
Executing FF Gene Output
13	B	5.96

14	1	5.960	4.840	1.401
14	2	5.960	4.930	2.677
14	3	5.960	5.000	3.072
14	4	5.960	5.000	3.169
14	5	5.960	5.000	3.159
14	6	5.960	4.980	3.137
14	7	5.960	5.000	3.129
14	8	5.960	4.960	3.160
14	9	5.960	4.940	3.152
14	10	5.960	4.960	3.138
14	11	5.960	4.940	3.141
14	12	5.960	4.980	3.157
14	13	5.960	4.920	3.123
14	14	5.960	4.980	3.153
14	15	5.960	5.000	3.137
14	16	5.960	4.980	3.104
14	17	5.960	4.980	3.094
14	18	5.960	4.940	3.069
14	19	5.960	4.900	3.122
14	20	5.960	4.980	3.143
14	21	5.960	4.980	3.135
14	22	5.960	4.980	3.153
14	23	5.960	5.000	3.170
14	24	5.960	5.000	3.178
14	25	5.960	5.000	3.178
14	26	5.960	4.920	3.139
14	27	5.960	4.980	3.169
14	28	5.960	4.940	3.142
14	29	5.960	5.000	3.170
14	30	5.960	5.000	3.178
14	31	5.960	5.000	3.146
14	32	5.960	4.920	3.126
14	33	5.960	4.950	3.160
14	34	5.960	4.940	3.144
14	35	5.960	5.000	3.162
14	36	5.960	4.920	3.131
14	37	5.960	4.980	3.169
14	38	5.960	4.940	3.134
14	39	5.960	4.980	3.151
14	40	5.960	4.940	3.138
14	41	5.960	5.000	3.169
14	42	5.960	4.960	3.093
14	43	5.960	4.960	3.110
14	44	5.960	5.000	3.178
14	45	5.960	5.000	3.159
14	46	5.960	5.000	3.135
14	47	5.960	4.980	3.154
14	48	5.960	4.980	3.120
14	49	5.960	4.980	3.146
14	50	5.960	4.960	3.144
Executing FF Gene Output
14	B	5.96

15	1	5.960	4.930	1.380
15	2	5.960	4.990	2.632
15	3	5.960	4.990	3.125
15	4	5.960	4.990	3.153
15	5	5.960	5.000	3.170
15	6	5.960	5.000	3.156
15	7	5.960	5.000	3.135
15	8	5.960	5.000	3.146
15	9	5.960	5.000	3.132
15	10	5.960	5.000	3.170
15	11	5.960	5.000	3.146
15	12	5.960	5.000	3.172
15	13	5.960	5.000	3.133
15	14	5.960	5.000	3.093
15	15	5.960	5.000	3.114
15	16	5.960	5.000	3.154
15	17	5.960	5.000	3.146
15	18	5.960	5.000	3.146
15	19	5.960	5.000	3.146
15	20	5.960	5.000	3.114
15	21	5.960	5.000	3.140
15	22	5.960	5.000	3.178
15	23	5.960	5.000	3.162
15	24	5.960	5.000	3.148
15	25	5.960	5.000	3.157
15	26	5.960	5.000	3.148
15	27	5.960	5.000	3.157
15	28	5.960	5.000	3.178
15	29	5.960	5.000	3.162
15	30	5.960	5.000	3.169
15	31	5.960	5.000	3.140
15	32	5.960	5.000	3.172
15	33	5.960	5.000	3.148
15	34	5.960	5.000	3.103
15	35	5.960	5.000	3.140
15	36	5.960	5.000	3.140
15	37	5.960	5.000	3.138
15	38	5.960	5.000	3.108
15	39	5.960	5.000	3.068
15	40	5.960	5.000	3.146
15	41	5.960	5.000	3.162
15	42	5.960	5.000	3.162
15	43	5.960	5.000	3.117
15	44	5.960	4.990	3.148
15	45	5.960	5.000	3.148
15	46	5.960	5.000	3.130
15	47	5.960	5.000	3.154
15	48	5.960	5.000	3.162
15	49	5.960	5.000	3.127
15	50	5.960	5.000	3.172
Executing FF Gene Output
15	B	5.96

16	1	5.960	4.780	1.682
16	2	5.960	4.950	2.655
16	3	5.960	4.990	3.028
16	4	5.960	5.000	3.086
16	5	5.960	5.000	3.099
16	6	5.960	5.000	3.172
16	7	5.960	5.000	3.154
16	8	5.960	5.000	3.162
16	9	5.960	5.000	3.122
16	10	5.960	5.000	3.162
16	11	5.960	4.990	3.109
16	12	5.960	5.000	3.156
16	13	5.960	4.990	3.151
16	14	5.960	4.990	3.151
16	15	5.960	5.000	3.140
16	16	5.960	5.000	3.148
16	17	5.960	5.000	3.178
16	18	5.960	4.990	3.135
16	19	5.960	4.990	3.165
16	20	5.960	4.990	3.157
16	21	5.960	4.990	3.167
16	22	5.960	4.990	3.159
16	23	5.960	4.980	3.157
16	24	5.960	4.990	3.172
16	25	5.960	5.000	3.140
16	26	5.960	4.990	3.157
16	27	5.960	4.990	3.149
16	28	5.960	4.990	3.141
16	29	5.960	4.990	3.157
16	30	5.960	4.970	3.111
16	31	5.960	4.990	3.164
16	32	5.960	4.990	3.172
16	33	5.960	5.000	3.178
16	34	5.960	5.000	3.172
16	35	5.960	5.000	3.178
16	36	5.960	5.000	3.140
16	37	5.960	5.000	3.164
16	38	5.960	4.980	3.151
16	39	5.960	4.980	3.151
16	40	5.960	4.990	3.157
16	41	5.960	4.990	3.172
16	42	5.960	4.990	3.165
16	43	5.960	4.990	3.151
16	44	5.960	4.990	3.172
16	45	5.960	4.990	3.148
16	46	5.960	5.000	3.156
16	47	5.960	4.990	3.117
16	48	5.960	5.000	3.148
16	49	5.960	5.000	3.157
16	50	5.960	4.980	3.165
Executing FF Gene Output
16	B	5.96

17	1	5.960	4.830	1.602
17	2	5.960	4.940	2.679
17	3	5.960	4.970	3.022
17	4	5.960	4.960	3.101
17	5	5.960	4.980	3.154
17	6	5.960	4.990	3.157
17	7	5.960	4.990	3.157
17	8	5.960	5.000	3.172
17	9	5.960	4.980	3.140
17	10	5.960	5.000	3.117
17	11	5.960	5.000	3.140
17	12	5.960	5.000	3.149
17	13	5.960	5.000	3.178
17	14	5.960	5.000	3.178
17	15	5.960	4.990	3.138
17	16	5.960	4.980	3.146
17	17	5.960	5.000	3.178
17	18	5.960	4.980	3.156
17	19	5.960	4.960	3.149
17	20	5.960	5.000	3.172
17	21	5.960	5.000	3.169
17	22	5.960	4.990	3.156
17	23	5.960	4.990	3.137
17	24	5.960	4.990	3.162
17	25	5.960	4.990	3.149
17	26	5.960	5.000	3.153
17	27	5.960	5.000	3.178
17	28	5.960	5.000	3.172
17	29	5.960	4.990	3.153
17	30	5.960	4.990	3.146
17	31	5.960	5.000	3.153
17	32	5.960	4.980	3.127
17	33	5.960	4.970	3.133
17	34	5.960	4.980	3.159
17	35	5.960	5.000	3.162
17	36	5.960	5.000	3.153
17	37	5.960	4.990	3.088
17	38	5.960	5.000	3.143
17	39	5.960	4.990	3.088
17	40	5.960	5.000	3.133
17	41	5.960	5.000	3.143
17	42	5.960	5.000	3.127
17	43	5.960	5.000	3.169
17	44	5.960	4.990	3.140
17	45	5.960	5.000	3.169
17	46	5.960	5.000	3.156
17	47	5.960	5.000	3.165
17	48	5.960	4.990	3.153
17	49	5.960	5.000	3.162
17	50	5.960	5.000	3.162
Executing FF Gene Output
17	B	5.96

18	1	5.960	4.880	1.556
18	2	5.960	4.990	2.740
18	3	5.960	5.000	3.018
18	4	5.960	5.000	3.052
18	5	5.960	5.000	3.116
18	6	5.960	5.000	3.130
18	7	5.960	5.000	3.149
18	8	5.960	5.000	3.125
18	9	5.960	5.000	3.178
18	10	5.960	5.000	3.137
18	11	5.960	5.000	3.088
18	12	5.960	5.000	3.094
18	13	5.960	5.000	3.162
18	14	5.960	5.000	3.170
18	15	5.960	5.000	3.157
18	16	5.960	5.000	3.125
18	17	5.960	5.000	3.132
18	18	5.960	5.000	3.129
18	19	5.960	5.000	3.149
18	20	5.960	5.000	3.122
18	21	5.960	5.000	3.143
18	22	5.960	5.000	3.114
18	23	5.960	5.000	3.088
18	24	5.960	5.000	3.156
18	25	5.960	5.000	3.178
18	26	5.960	5.000	3.165
18	27	5.960	5.000	3.135
18	28	5.960	5.000	3.154
18	29	5.960	5.000	3.170
18	30	5.960	5.000	3.178
18	31	5.960	5.000	3.132
18	32	5.960	5.000	3.148
18	33	5.960	5.000	3.148
18	34	5.960	5.000	3.151
18	35	5.960	5.000	3.124
18	36	5.960	5.000	3.125
18	37	5.960	5.000	3.151
18	38	5.960	5.000	3.151
18	39	5.960	5.000	3.151
18	40	5.960	5.000	3.141
18	41	5.960	5.000	3.165
18	42	5.960	5.000	3.167
18	43	5.960	4.990	3.156
18	44	5.960	5.000	3.178
18	45	5.960	5.000	3.162
18	46	5.960	5.000	3.178
18	47	5.960	5.000	3.135
18	48	5.960	5.000	3.133
18	49	5.960	5.000	3.143
18	50	5.960	5.000	3.104
Executing FF Gene Output
18	B	5.96

19	1	5.960	4.870	1.405
19	2	5.960	4.940	2.858
19	3	5.960	4.950	3.081
19	4	5.960	5.000	3.119
19	5	5.960	5.000	3.146
19	6	5.960	5.000	3.154
19	7	5.960	5.000	3.164
19	8	5.960	5.000	3.178
19	9	5.960	5.000	3.162
19	10	5.960	5.000	3.178
19	11	5.960	5.000	3.162
19	12	5.960	5.000	3.111
19	13	5.960	5.000	3.124
19	14	5.960	5.000	3.146
19	15	5.960	5.000	3.162
19	16	5.960	5.000	3.145
19	17	5.960	5.000	3.130
19	18	5.960	4.990	3.124
19	19	5.960	4.990	3.137
19	20	5.960	5.000	3.153
19	21	5.960	5.000	3.156
19	22	5.960	5.000	3.156
19	23	5.960	5.000	3.124
19	24	5.960	5.000	3.165
19	25	5.960	5.000	3.157
19	26	5.960	5.000	3.130
19	27	5.960	5.000	3.130
19	28	5.960	5.000	3.137
19	29	5.960	5.000	3.137
19	30	5.960	5.000	3.164
19	31	5.960	5.000	3.154
19	32	5.960	4.960	3.101
19	33	5.960	4.970	3.128
19	34	5.960	5.000	3.149
19	35	5.960	5.000	3.119
19	36	5.960	5.000	3.143
19	37	5.960	5.000	3.137
19	38	5.960	4.990	3.117
19	39	5.960	5.000	3.119
19	40	5.960	4.990	3.170
19	41	5.960	4.980	3.130
19	42	5.960	5.000	3.172
19	43	5.960	5.000	3.161
19	44	5.960	4.990	3.173
19	45	5.960	4.990	3.145
19	46	5.960	4.990	3.153
19	47	5.960	5.000	3.170
19	48	5.960	4.970	3.111
19	49	5.960	4.990	3.165
19	50	5.960	4.990	3.124
Executing FF Gene Output
19	B	5.96

20	1	5.960	4.790	1.559
20	2	5.960	4.950	2.500
20	3	5.960	4.990	3.072
20	4	5.960	5.000	3.080
20	5	5.960	5.000	3.172
20	6	5.960	5.000	3.148
20	7	5.960	5.000	3.162
20	8	5.960	5.000	3.161
20	9	5.960	5.000	3.149
20	10	5.960	5.000	3.162
20	11	5.960	5.000	3.132
20	12	5.960	5.000	3.146
20	13	5.960	5.000	3.145
20	14	5.960	5.000	3.159
20	15	5.960	5.000	3.132
20	16	5.960	5.000	3.098
20	17	5.960	5.000	3.162
20	18	5.960	5.000	3.145
20	19	5.960	4.990	3.143
20	20	5.960	5.000	3.162
20	21	5.960	5.000	3.178
20	22	5.960	5.000	3.146
20	23	5.960	5.000	3.133
20	24	5.960	5.000	3.148
20	25	5.960	5.000	3.137
20	26	5.960	4.980	3.120
20	27	5.960	5.000	3.161
20	28	5.960	5.000	3.149
20	29	5.960	5.000	3.137
20	30	5.960	5.000	3.148
20	31	5.960	5.000	3.106
20	32	5.960	5.000	3.094
20	33	5.960	5.000	3.135
20	34	5.960	5.000	3.149
20	35	5.960	5.000	3.129
20	36	5.960	5.000	3.135
20	37	5.960	5.000	3.116
20	38	5.960	5.000	3.178
20	39	5.960	5.000	3.177
20	40	5.960	5.000	3.162
20	41	5.960	5.000	3.138
20	42	5.960	5.000	3.164
20	43	5.960	5.000	3.178
20	44	5.960	5.000	3.178
20	45	5.960	5.000	3.145
20	46	5.960	5.000	3.161
20	47	5.960	5.000	3.159
20	48	5.960	4.990	3.153
20	49	5.960	5.000	3.162
20	50	5.960	5.000	3.161
Executing FF Gene Output
20	B	5.96

21	1	5.960	4.860	1.567
21	2	5.960	4.980	2.640
21	3	5.960	5.000	3.078
21	4	5.960	5.000	3.151
21	5	5.960	5.000	3.164
21	6	5.960	5.000	3.109
21	7	5.960	5.000	3.169
21	8	5.960	5.000	3.178
21	9	5.960	5.000	3.138
21	10	5.960	5.000	3.129
21	11	5.960	5.000	3.178
21	12	5.960	5.000	3.172
21	13	5.960	5.000	3.162
21	14	5.960	5.000	3.161
21	15	5.960	5.000	3.165
21	16	5.960	5.000	3.169
21	17	5.960	5.000	3.178
21	18	5.960	5.000	3.172
21	19	5.960	5.000	3.172
21	20	5.960	5.000	3.161
21	21	5.960	5.000	3.167
21	22	5.960	5.000	3.149
21	23	5.960	5.000	3.133
21	24	5.960	5.000	3.172
21	25	5.960	5.000	3.141
21	26	5.960	5.000	3.165
21	27	5.960	5.000	3.172
21	28	5.960	5.000	3.178
21	29	5.960	5.000	3.175
21	30	5.960	5.000	3.156
21	31	5.960	5.000	3.178
21	32	5.960	5.000	3.178
21	33	5.960	5.000	3.175
21	34	5.960	5.000	3.159
21	35	5.960	5.000	3.114
21	36	5.960	5.000	3.130
21	37	5.960	5.000	3.143
21	38	5.960	5.000	3.133
21	39	5.960	5.000	3.148
21	40	5.960	5.000	3.157
21	41	5.960	5.000	3.132
21	42	5.960	5.000	3.172
21	43	5.960	5.000	3.140
21	44	5.960	5.000	3.135
21	45	5.960	5.000	3.099
21	46	5.960	5.000	3.120
21	47	5.960	5.000	3.120
21	48	5.960	5.000	3.140
21	49	5.960	5.000	3.148
21	50	5.960	5.000	3.143
Executing FF Gene Output
21	B	5.96

22	1	5.960	4.860	1.534
22	2	5.960	4.950	2.735
22	3	5.960	5.000	3.053
22	4	5.960	5.000	3.125
22	5	5.960	5.000	3.170
22	6	5.960	5.000	3.138
22	7	5.960	5.000	3.162
22	8	5.960	5.000	3.156
22	9	5.960	5.000	3.133
22	10	5.960	5.000	3.146
22	11	5.960	5.000	3.172
22	12	5.960	5.000	3.165
22	13	5.960	5.000	3.130
22	14	5.960	5.000	3.104
22	15	5.960	5.000	3.165
22	16	5.960	5.000	3.165
22	17	5.960	5.000	3.091
22	18	5.960	5.000	3.129
22	19	5.960	5.000	3.146
22	20	5.960	5.000	3.141
22	21	5.960	5.000	3.125
22	22	5.960	5.000	3.130
22	23	5.960	5.000	3.165
22	24	5.960	5.000	3.114
22	25	5.960	5.000	3.119
22	26	5.960	5.000	3.148
22	27	5.960	5.000	3.132
22	28	5.960	5.000	3.124
22	29	5.960	5.000	3.143
22	30	5.960	5.000	3.145
22	31	5.960	5.000	3.178
22	32	5.960	5.000	3.162
22	33	5.960	5.000	3.162
22	34	5.960	5.000	3.167
22	35	5.960	5.000	3.117
22	36	5.960	5.000	3.120
22	37	5.960	5.000	3.122
22	38	5.960	5.000	3.120
22	39	5.960	5.000	3.178
22	40	5.960	5.000	3.143
22	41	5.960	5.000	3.140
22	42	5.960	5.000	3.140
22	43	5.960	5.000	3.178
22	44	5.960	5.000	3.114
22	45	5.960	5.000	3.138
22	46	5.960	5.000	3.146
22	47	5.960	5.000	3.162
22	48	5.960	5.000	3.157
22	49	5.960	5.000	3.132
22	50	5.960	5.000	3.127
Executing FF Gene Output
22	B	5.96

23	1	5.960	4.890	1.392
23	2	5.960	5.000	2.657
23	3	5.960	5.000	3.076
23	4	5.960	4.980	3.101
23	5	5.960	5.000	3.157
23	6	5.960	4.940	3.125
23	7	5.960	4.960	3.162
23	8	5.960	5.000	3.156
23	9	5.960	4.960	3.156
23	10	5.960	5.000	3.162
23	11	5.960	5.000	3.178
23	12	5.960	5.000	3.172
23	13	5.960	5.000	3.175
23	14	5.960	4.980	3.145
23	15	5.960	4.970	3.135
23	16	5.960	4.990	3.165
23	17	5.960	5.000	3.156
23	18	5.960	4.990	3.149
23	19	5.960	5.000	3.178
23	20	5.960	4.970	3.143
23	21	5.960	4.990	3.143
23	22	5.960	4.970	3.130
23	23	5.960	4.980	3.156
23	24	5.960	5.000	3.156
23	25	5.960	5.000	3.153
23	26	5.960	5.000	3.149
23	27	5.960	5.000	3.165
23	28	5.960	4.980	3.165
23	29	5.960	4.980	3.175
23	30	5.960	5.000	3.162
23	31	5.960	5.000	3.143
23	32	5.960	5.000	3.148
23	33	5.960	5.000	3.154
23	34	5.960	5.000	3.172
23	35	5.960	4.980	3.148
23	36	5.960	4.980	3.157
23	37	5.960	5.000	3.161
23	38	5.960	5.000	3.169
23	39	5.960	4.980	3.151
23	40	5.960	4.970	3.146
23	41	5.960	4.990	3.165
23	42	5.960	5.000	3.172
23	43	5.960	5.000	3.164
23	44	5.960	4.990	3.141
23	45	5.960	5.000	3.161
23	46	5.960	4.990	3.173
23	47	5.960	4.980	3.164
23	48	5.960	4.990	3.111
23	49	5.960	4.980	3.140
23	50	5.960	5.000	3.154
Executing FF Gene Output
23	B	5.96

24	1	5.960	4.840	1.584
24	2	5.960	4.950	2.641
24	3	5.960	4.990	3.038
24	4	5.960	4.980	3.146
24	5	5.960	5.000	3.133
24	6	5.960	5.000	3.140
24	7	5.960	5.000	3.149
24	8	5.960	5.000	3.153
24	9	5.960	5.000	3.086
24	10	5.960	5.000	3.154
24	11	5.960	5.000	3.151
24	12	5.960	4.980	3.151
24	13	5.960	5.000	3.143
24	14	5.960	5.000	3.127
24	15	5.960	4.990	3.098
24	16	5.960	5.000	3.114
24	17	5.960	5.000	3.162
24	18	5.960	5.000	3.138
24	19	5.960	4.990	3.127
24	20	5.960	5.000	3.178
24	21	5.960	5.000	3.162
24	22	5.960	5.000	3.138
24	23	5.960	5.000	3.151
24	24	5.960	5.000	3.135
24	25	5.960	4.990	3.133
24	26	5.960	4.980	3.140
24	27	5.960	4.990	3.141
24	28	5.960	5.000	3.154
24	29	5.960	5.000	3.162
24	30	5.960	4.980	3.151
24	31	5.960	5.000	3.178
24	32	5.960	5.000	3.159
24	33	5.960	4.980	3.164
24	34	5.960	4.970	3.120
24	35	5.960	4.990	3.132
24	36	5.960	4.990	3.146
24	37	5.960	4.990	3.119
24	38	5.960	5.000	3.078
24	39	5.960	5.000	3.070
24	40	5.960	5.000	3.133
24	41	5.960	4.990	3.143
24	42	5.960	4.960	3.136
24	43	5.960	5.000	3.117
24	44	5.960	4.980	3.116
24	45	5.960	4.990	3.175
24	46	5.960	5.000	3.167
24	47	5.960	5.000	3.156
24	48	5.960	5.000	3.165
24	49	5.960	4.990	3.107
24	50	5.960	4.980	3.107
Executing FF Gene Output
24	B	5.96

25	1	5.960	4.820	1.572
25	2	5.960	4.960	2.696
25	3	5.960	4.970	3.117
25	4	5.960	4.970	3.141
25	5	5.960	4.990	3.151
25	6	5.960	5.000	3.140
25	7	5.960	4.990	3.167
25	8	5.960	4.990	3.167
25	9	5.960	4.990	3.164
25	10	5.960	4.980	3.140
25	11	5.960	4.990	3.138
25	12	5.960	4.990	3.164
25	13	5.960	5.000	3.175
25	14	5.960	4.980	3.130
25	15	5.960	5.000	3.175
25	16	5.960	4.990	3.164
25	17	5.960	5.000	3.178
25	18	5.960	4.990	3.170
25	19	5.960	4.980	3.140
25	20	5.960	4.990	3.169
25	21	5.960	4.970	3.141
25	22	5.960	4.980	3.133
25	23	5.960	4.990	3.164
25	24	5.960	4.990	3.161
25	25	5.960	5.000	3.130
25	26	5.960	4.990	3.164
25	27	5.960	5.000	3.162
25	28	5.960	4.990	3.165
25	29	5.960	4.980	3.132
25	30	5.960	5.000	3.172
25	31	5.960	4.980	3.145
25	32	5.960	4.970	3.156
25	33	5.960	4.980	3.151
25	34	5.960	4.980	3.165
25	35	5.960	4.990	3.172
25	36	5.960	5.000	3.169
25	37	5.960	5.000	3.159
25	38	5.960	5.000	3.153
25	39	5.960	4.990	3.172
25	40	5.960	4.980	3.159
25	41	5.960	4.980	3.153
25	42	5.960	4.990	3.130
25	43	5.960	4.960	3.122
25	44	5.960	4.990	3.151
25	45	5.960	4.970	3.132
25	46	5.960	4.960	3.136
25	47	5.960	4.960	3.127
25	48	5.960	4.970	3.149
25	49	5.960	4.960	3.148
25	50	5.960	4.980	3.148
Executing FF Gene Output
25	B	5.96

26	1	5.880	4.810	1.571
26	2	5.880	4.910	2.606
26	3	5.900	4.950	2.923
26	4	5.920	4.970	2.939
26	5	5.940	4.990	3.050
26	6	5.940	5.000	3.098
26	7	5.960	5.000	3.116
26	8	5.960	5.000	3.154
26	9	5.960	5.000	3.165
26	10	5.960	5.000	3.170
26	11	5.960	5.000	3.154
26	12	5.960	5.000	3.146
26	13	5.960	5.000	3.154
26	14	5.960	5.000	3.154
26	15	5.960	5.000	3.162
26	16	5.960	5.000	3.170
26	17	5.960	5.000	3.154
26	18	5.960	5.000	3.170
26	19	5.960	5.000	3.162
26	20	5.960	5.000	3.162
26	21	5.960	5.000	3.162
26	22	5.960	5.000	3.164
26	23	5.960	5.000	3.164
26	24	5.960	5.000	3.178
26	25	5.960	5.000	3.156
26	26	5.960	5.000	3.156
26	27	5.960	5.000	3.127
26	28	5.960	5.000	3.148
26	29	5.960	5.000	3.154
26	30	5.960	5.000	3.141
26	31	5.960	5.000	3.157
26	32	5.960	5.000	3.170
26	33	5.960	5.000	3.178
26	34	5.960	5.000	3.140
26	35	5.960	5.000	3.170
26	36	5.960	5.000	3.162
26	37	5.960	5.000	3.178
26	38	5.960	5.000	3.172
26	39	5.960	5.000	3.156
26	40	5.960	5.000	3.154
26	41	5.960	5.000	3.148
26	42	5.960	5.000	3.169
26	43	5.960	5.000	3.153
26	44	5.960	5.000	3.162
26	45	5.960	5.000	3.140
26	46	5.960	5.000	3.172
26	47	5.960	5.000	3.178
26	48	5.960	5.000	3.162
26	49	5.960	5.000	3.178
26	50	5.960	5.000	3.143
Executing FF Gene Output
26	B	5.96

27	1	5.960	4.830	1.457
27	2	5.960	4.970	2.480
27	3	5.960	4.980	3.052
27	4	5.960	4.990	3.132
27	5	5.960	4.990	3.161
27	6	5.960	4.980	3.159
27	7	5.960	4.980	3.159
27	8	5.960	4.980	3.159
27	9	5.960	4.990	3.148
27	10	5.960	4.980	3.146
27	11	5.960	4.980	3.154
27	12	5.960	4.970	3.164
27	13	5.960	5.000	3.177
27	14	5.960	5.000	3.175
27	15	5.960	4.990	3.170
27	16	5.960	4.970	3.162
27	17	5.960	4.980	3.151
27	18	5.960	4.990	3.156
27	19	5.960	4.990	3.156
27	20	5.960	4.990	3.157
27	21	5.960	5.000	3.125
27	22	5.960	4.980	3.119
27	23	5.960	5.000	3.159
27	24	5.960	4.990	3.156
27	25	5.960	4.970	3.132
27	26	5.960	4.990	3.157
27	27	5.960	5.000	3.130
27	28	5.960	4.990	3.141
27	29	5.960	4.990	3.157
27	30	5.960	4.990	3.172
27	31	5.960	5.000	3.130
27	32	5.960	5.000	3.130
27	33	5.960	5.000	3.146
27	34	5.960	5.000	3.146
27	35	5.960	5.000	3.162
27	36	5.960	5.000	3.159
27	37	5.960	4.990	3.156
27	38	5.960	4.990	3.170
27	39	5.960	4.990	3.156
27	40	5.960	4.990	3.157
27	41	5.960	5.000	3.175
27	42	5.960	4.990	3.167
27	43	5.960	4.990	3.120
27	44	5.960	5.000	3.146
27	45	5.960	4.980	3.167
27	46	5.960	4.990	3.170
27	47	5.960	4.990	3.173
27	48	5.960	4.990	3.154
27	49	5.960	5.000	3.141
27	50	5.960	5.000	3.161
Executing FF Gene Output
27	B	5.96

28	1	5.960	4.840	1.625
28	2	5.960	4.930	2.811
28	3	5.960	4.970	3.073
28	4	5.960	4.980	3.175
28	5	5.960	4.990	3.138
28	6	5.960	5.000	3.120
28	7	5.960	5.000	3.111
28	8	5.960	5.000	3.146
28	9	5.960	5.000	3.108
28	10	5.960	5.000	3.127
28	11	5.960	5.000	3.141
28	12	5.960	5.000	3.170
28	13	5.960	5.000	3.141
28	14	5.960	5.000	3.157
28	15	5.960	5.000	3.133
28	16	5.960	5.000	3.085
28	17	5.960	5.000	3.108
28	18	5.960	5.000	3.153
28	19	5.960	5.000	3.178
28	20	5.960	5.000	3.178
28	21	5.960	5.000	3.153
28	22	5.960	5.000	3.138
28	23	5.960	5.000	3.127
28	24	5.960	5.000	3.138
28	25	5.960	5.000	3.124
28	26	5.960	5.000	3.178
28	27	5.960	5.000	3.162
28	28	5.960	5.000	3.170
28	29	5.960	5.000	3.169
28	30	5.960	5.000	3.178
28	31	5.960	5.000	3.133
28	32	5.960	5.000	3.170
28	33	5.960	5.000	3.149
28	34	5.960	5.000	3.120
28	35	5.960	5.000	3.159
28	36	5.960	5.000	3.124
28	37	5.960	5.000	3.138
28	38	5.960	5.000	3.129
28	39	5.960	5.000	3.148
28	40	5.960	5.000	3.169
28	41	5.960	5.000	3.162
28	42	5.960	5.000	3.146
28	43	5.960	5.000	3.132
28	44	5.960	5.000	3.120
28	45	5.960	5.000	3.099
28	46	5.960	5.000	3.127
28	47	5.960	5.000	3.146
28	48	5.960	5.000	3.138
28	49	5.960	5.000	3.156
28	50	5.960	5.000	3.138
Executing FF Gene Output
28	B	5.96

29	1	5.920	4.880	1.320
29	2	5.920	4.970	2.429
29	3	5.920	4.970	2.947
29	4	5.960	5.000	3.141
29	5	5.960	4.990	3.165
29	6	5.960	4.980	3.125
29	7	5.960	4.970	3.133
29	8	5.960	4.980	3.157
29	9	5.960	4.990	3.140
29	10	5.960	5.000	3.145
29	11	5.960	5.000	3.145
29	12	5.960	5.000	3.145
29	13	5.960	4.990	3.172
29	14	5.960	5.000	3.151
29	15	5.960	5.000	3.169
29	16	5.960	4.980	3.149
29	17	5.960	4.980	3.104
29	18	5.960	5.000	3.162
29	19	5.960	5.000	3.169
29	20	5.960	5.000	3.145
29	21	5.960	5.000	3.145
29	22	5.960	5.000	3.138
29	23	5.960	5.000	3.090
29	24	5.960	5.000	3.146
29	25	5.960	5.000	3.148
29	26	5.960	5.000	3.141
29	27	5.960	5.000	3.125
29	28	5.960	5.000	3.161
29	29	5.960	5.000	3.169
29	30	5.960	4.990	3.161
29	31	5.960	4.990	3.145
29	32	5.960	5.000	3.156
29	33	5.960	5.000	3.177
29	34	5.960	5.000	3.145
29	35	5.960	5.000	3.145
29	36	5.960	5.000	3.172
29	37	5.960	5.000	3.170
29	38	5.960	5.000	3.162
29	39	5.960	5.000	3.164
29	40	5.960	5.000	3.157
29	41	5.960	5.000	3.162
29	42	5.960	5.000	3.145
29	43	5.960	5.000	3.129
29	44	5.960	5.000	3.161
29	45	5.960	5.000	3.170
29	46	5.960	5.000	3.151
29	47	5.960	5.000	3.154
29	48	5.960	5.000	3.162
29	49	5.960	5.000	3.175
29	50	5.960	5.000	3.159
Executing FF Gene Output
29	B	5.96

30	1	5.960	4.760	1.505
30	2	5.960	4.940	2.413
30	3	5.960	4.990	3.083
30	4	5.960	4.970	3.101
30	5	5.960	4.990	3.140
30	6	5.960	4.960	3.102
30	7	5.960	4.970	3.143
30	8	5.960	4.970	3.159
30	9	5.960	4.990	3.145
30	10	5.960	4.980	3.149
30	11	5.960	4.990	3.175
30	12	5.960	4.990	3.161
30	13	5.960	5.000	3.146
30	14	5.960	4.990	3.141
30	15	5.960	4.980	3.149
30	16	5.960	4.980	3.149
30	17	5.960	4.980	3.137
30	18	5.960	4.940	3.134
30	19	5.960	4.960	3.143
30	20	5.960	4.980	3.153
30	21	5.960	4.980	3.164
30	22	5.960	4.960	3.141
30	23	5.960	4.950	3.154
30	24	5.960	4.960	3.165
30	25	5.960	4.990	3.175
30	26	5.960	4.980	3.156
30	27	5.960	5.000	3.130
30	28	5.960	4.990	3.127
30	29	5.960	4.970	3.143
30	30	5.960	4.960	3.165
30	31	5.960	4.980	3.156
30	32	5.960	4.990	3.175
30	33	5.960	5.000	3.162
30	34	5.960	4.980	3.151
30	35	5.960	5.000	3.178
30	36	5.960	4.980	3.146
30	37	5.960	4.980	3.162
30	38	5.960	5.000	3.162
30	39	5.960	4.970	3.127
30	40	5.960	4.960	3.075
30	41	5.960	4.990	3.159
30	42	5.960	4.980	3.146
30	43	5.960	4.990	3.159
30	44	5.960	5.000	3.114
30	45	5.960	4.990	3.138
30	46	5.960	5.000	3.162
30	47	5.960	4.970	3.148
30	48	5.960	4.980	3.167
30	49	5.960	4.990	3.127
30	50	5.960	4.990	3.175
Executing FF Gene Output
30	B	5.96

31	1	5.960	4.880	1.416
31	2	5.960	4.990	2.697
31	3	5.960	4.960	3.071
31	4	5.960	4.980	3.157
31	5	5.960	4.960	3.127
31	6	5.960	5.000	3.164
31	7	5.960	4.990	3.156
31	8	5.960	4.990	3.140
31	9	5.960	5.000	3.162
31	10	5.960	4.990	3.151
31	11	5.960	5.000	3.172
31	12	5.960	4.990	3.148
31	13	5.960	4.990	3.148
31	14	5.960	4.990	3.157
31	15	5.960	5.000	3.140
31	16	5.960	5.000	3.124
31	17	5.960	4.980	3.149
31	18	5.960	4.980	3.159
31	19	5.960	4.960	3.133
31	20	5.960	4.970	3.124
31	21	5.960	4.990	3.132
31	22	5.960	4.990	3.141
31	23	5.960	5.000	3.154
31	24	5.960	4.990	3.146
31	25	5.960	4.990	3.165
31	26	5.960	5.000	3.156
31	27	5.960	4.960	3.151
31	28	5.960	4.990	3.132
31	29	5.960	4.990	3.170
31	30	5.960	4.990	3.148
31	31	5.960	5.000	3.156
31	32	5.960	4.990	3.130
31	33	5.960	5.000	3.154
31	34	5.960	4.990	3.157
31	35	5.960	5.000	3.140
31	36	5.960	4.980	3.132
31	37	5.960	4.980	3.124
31	38	5.960	5.000	3.165
31	39	5.960	5.000	3.162
31	40	5.960	5.000	3.135
31	41	5.960	5.000	3.148
31	42	5.960	4.990	3.154
31	43	5.960	4.990	3.170
31	44	5.960	4.990	3.156
31	45	5.960	4.980	3.125
31	46	5.960	4.990	3.169
31	47	5.960	4.990	3.161
31	48	5.960	4.990	3.138
31	49	5.960	5.000	3.140
31	50	5.960	4.990	3.137
Executing FF Gene Output
31	B	5.96

32	1	5.960	4.750	1.556
32	2	5.960	4.940	2.670
32	3	5.960	4.990	3.116
32	4	5.960	5.000	3.130
32	5	5.960	5.000	3.114
32	6	5.960	5.000	3.162
32	7	5.960	5.000	3.156
32	8	5.960	5.000	3.140
32	9	5.960	5.000	3.138
32	10	5.960	5.000	3.162
32	11	5.960	5.000	3.162
32	12	5.960	5.000	3.146
32	13	5.960	5.000	3.172
32	14	5.960	5.000	3.133
32	15	5.960	5.000	3.140
32	16	5.960	4.990	3.129
32	17	5.960	4.990	3.141
32	18	5.960	5.000	3.148
32	19	5.960	5.000	3.154
32	20	5.960	5.000	3.156
32	21	5.960	5.000	3.146
32	22	5.960	5.000	3.132
32	23	5.960	5.000	3.048
32	24	5.960	4.990	3.145
32	25	5.960	5.000	3.122
32	26	5.960	5.000	3.162
32	27	5.960	5.000	3.138
32	28	5.960	4.990	3.156
32	29	5.960	5.000	3.178
32	30	5.960	5.000	3.140
32	31	5.960	5.000	3.170
32	32	5.960	5.000	3.172
32	33	5.960	5.000	3.170
32	34	5.960	5.000	3.148
32	35	5.960	5.000	3.164
32	36	5.960	4.970	3.138
32	37	5.960	4.990	3.170
32	38	5.960	5.000	3.164
32	39	5.960	5.000	3.172
32	40	5.960	4.990	3.132
32	41	5.960	5.000	3.154
32	42	5.960	5.000	3.164
32	43	5.960	4.980	3.094
32	44	5.960	5.000	3.132
32	45	5.960	4.980	3.138
32	46	5.960	4.980	3.122
32	47	5.960	4.990	3.154
32	48	5.960	5.000	3.178
32	49	5.960	5.000	3.172
32	50	5.960	4.990	3.141
Executing FF Gene Output
32	B	5.96

33	1	5.960	4.830	1.467
33	2	5.960	4.950	2.530
33	3	5.960	4.980	3.096
33	4	5.960	4.980	3.120
33	5	5.960	5.000	3.116
33	6	5.960	5.000	3.148
33	7	5.960	4.990	3.159
33	8	5.960	5.000	3.116
33	9	5.960	4.980	3.120
33	10	5.960	5.000	3.098
33	11	5.960	4.990	3.173
33	12	5.960	4.990	3.157
33	13	5.960	4.990	3.173
33	14	5.960	4.960	3.112
33	15	5.960	4.990	3.141
33	16	5.960	4.980	3.137
33	17	5.960	5.000	3.148
33	18	5.960	4.990	3.140
33	19	5.960	4.980	3.106
33	20	5.960	5.000	3.178
33	21	5.960	4.990	3.157
33	22	5.960	5.000	3.146
33	23	5.960	5.000	3.146
33	24	5.960	4.990	3.111
33	25	5.960	4.990	3.157
33	26	5.960	4.980	3.104
33	27	5.960	5.000	3.146
33	28	5.960	4.990	3.157
33	29	5.960	5.000	3.146
33	30	5.960	4.990	3.157
33	31	5.960	4.980	3.154
33	32	5.960	4.990	3.157
33	33	5.960	5.000	3.114
33	34	5.960	5.000	3.146
33	35	5.960	4.970	3.101
33	36	5.960	5.000	3.148
33	37	5.960	5.000	3.132
33	38	5.960	4.990	3.157
33	39	5.960	4.990	3.157
33	40	5.960	5.000	3.148
33	41	5.960	4.990	3.127
33	42	5.960	5.000	3.130
33	43	5.960	5.000	3.130
33	44	5.960	5.000	3.130
33	45	5.960	5.000	3.149
33	46	5.960	4.990	3.157
33	47	5.960	4.990	3.130
33	48	5.960	5.000	3.162
33	49	5.960	5.000	3.098
33	50	5.960	5.000	3.098
Executing FF Gene Output
33	B	5.96

34	1	5.960	4.870	1.394
34	2	5.960	4.950	2.470
34	3	5.960	4.980	3.013
34	4	5.960	5.000	3.114
34	5	5.960	4.990	3.164
34	6	5.960	5.000	3.172
34	7	5.960	4.990	3.149
34	8	5.960	5.000	3.175
34	9	5.960	4.990	3.154
34	10	5.960	5.000	3.175
34	11	5.960	4.990	3.159
34	12	5.960	4.960	3.114
34	13	5.960	5.000	3.175
34	14	5.960	4.980	3.117
34	15	5.960	5.000	3.156
34	16	5.960	4.970	3.111
34	17	5.960	4.980	3.148
34	18	5.960	5.000	3.159
34	19	5.960	5.000	3.172
34	20	5.960	4.990	3.149
34	21	5.960	5.000	3.172
34	22	5.960	4.980	3.143
34	23	5.960	4.980	3.119
34	24	5.960	4.980	3.153
34	25	5.960	5.000	3.178
34	26	5.960	4.980	3.146
34	27	5.960	5.000	3.172
34	28	5.960	5.000	3.153
34	29	5.960	5.000	3.178
34	30	5.960	5.000	3.178
34	31	5.960	4.990	3.156
34	32	5.960	5.000	3.169
34	33	5.960	5.000	3.130
34	34	5.960	4.980	3.117
34	35	5.960	4.970	3.133
34	36	5.960	4.990	3.161
34	37	5.960	4.980	3.146
34	38	5.960	4.990	3.138
34	39	5.960	5.000	3.146
34	40	5.960	5.000	3.137
34	41	5.960	5.000	3.120
34	42	5.960	5.000	3.124
34	43	5.960	5.000	3.159
34	44	5.960	4.990	3.103
34	45	5.960	5.000	3.159
34	46	5.960	5.000	3.137
34	47	5.960	5.000	3.159
34	48	5.960	5.000	3.149
34	49	5.960	5.000	3.175
34	50	5.960	5.000	3.172
Executing FF Gene Output
34	B	5.96

35	1	5.960	4.840	1.641
35	2	5.960	4.950	2.756
35	3	5.960	4.980	3.078
35	4	5.960	4.980	3.151
35	5	5.960	4.980	3.165
35	6	5.960	4.950	3.120
35	7	5.960	4.990	3.169
35	8	5.960	5.000	3.146
35	9	5.960	4.970	3.133
35	10	5.960	4.960	3.140
35	11	5.960	4.940	3.120
35	12	5.960	4.980	3.159
35	13	5.960	4.960	3.123
35	14	5.960	4.990	3.175
35	15	5.960	4.970	3.167
35	16	5.960	4.970	3.159
35	17	5.960	4.990	3.169
35	18	5.960	4.970	3.117
35	19	5.960	4.970	3.117
35	20	5.960	4.980	3.143
35	21	5.960	4.980	3.159
35	22	5.960	4.980	3.159
35	23	5.960	4.990	3.169
35	24	5.960	4.980	3.159
35	25	5.960	4.990	3.169
35	26	5.960	4.990	3.153
35	27	5.960	5.000	3.162
35	28	5.960	4.980	3.143
35	29	5.960	4.980	3.159
35	30	5.960	4.980	3.159
35	31	5.960	4.970	3.133
35	32	5.960	4.990	3.153
35	33	5.960	4.990	3.169
35	34	5.960	4.970	3.133
35	35	5.960	4.970	3.133
35	36	5.960	4.990	3.137
35	37	5.960	4.980	3.159
35	38	5.960	4.970	3.149
35	39	5.960	4.980	3.159
35	40	5.960	5.000	3.162
35	41	5.960	4.980	3.127
35	42	5.960	4.980	3.094
35	43	5.960	4.960	3.107
35	44	5.960	4.980	3.143
35	45	5.960	4.990	3.137
35	46	5.960	4.990	3.143
35	47	5.960	5.000	3.178
35	48	5.960	5.000	3.178
35	49	5.960	4.970	3.133
35	50	5.960	4.970	3.149
Executing FF Gene Output
35	B	5.96

36	1	5.960	4.870	1.430
36	2	5.960	4.950	2.574
36	3	5.960	5.000	3.043
36	4	5.960	5.000	3.124
36	5	5.960	5.000	3.130
36	6	5.960	5.000	3.140
36	7	5.960	5.000	3.140
36	8	5.960	5.000	3.162
36	9	5.960	5.000	3.178
36	10	5.960	5.000	3.169
36	11	5.960	5.000	3.175
36	12	5.960	5.000	3.162
36	13	5.960	5.000	3.146
36	14	5.960	5.000	3.140
36	15	5.960	5.000	3.130
36	16	5.960	5.000	3.133
36	17	5.960	5.000	3.130
36	18	5.960	5.000	3.143
36	19	5.960	5.000	3.175
36	20	5.960	5.000	3.175
36	21	5.960	5.000	3.162
36	22	5.960	5.000	3.130
36	23	5.960	5.000	3.137
36	24	5.960	5.000	3.178
36	25	5.960	5.000	3.120
36	26	5.960	5.000	3.140
36	27	5.960	5.000	3.111
36	28	5.960	5.000	3.149
36	29	5.960	5.000	3.146
36	30	5.960	5.000	3.127
36	31	5.960	5.000	3.162
36	32	5.960	5.000	3.133
36	33	5.960	5.000	3.154
36	34	5.960	5.000	3.138
36	35	5.960	4.990	3.145
36	36	5.960	5.000	3.146
36	37	5.960	5.000	3.149
36	38	5.960	5.000	3.140
36	39	5.960	5.000	3.162
36	40	5.960	5.000	3.101
36	41	5.960	5.000	3.153
36	42	5.960	5.000	3.122
36	43	5.960	5.000	3.116
36	44	5.960	5.000	3.140
36	45	5.960	5.000	3.109
36	46	5.960	5.000	3.146
36	47	5.960	5.000	3.140
36	48	5.960	4.940	3.141
36	49	5.960	4.950	3.131
36	50	5.960	4.960	3.144
Executing FF Gene Output
36	B	5.96

37	1	5.960	4.800	1.648
37	2	5.960	4.960	2.835
37	3	5.960	4.990	3.103
37	4	5.960	5.000	3.112
37	5	5.960	5.000	3.162
37	6	5.960	5.000	3.159
37	7	5.960	5.000	3.138
37	8	5.960	5.000	3.149
37	9	5.960	5.000	3.148
37	10	5.960	5.000	3.135
37	11	5.960	5.000	3.178
37	12	5.960	5.000	3.146
37	13	5.960	5.000	3.130
37	14	5.960	5.000	3.151
37	15	5.960	5.000	3.161
37	16	5.960	5.000	3.127
37	17	5.960	5.000	3.146
37	18	5.960	5.000	3.143
37	19	5.960	5.000	3.178
37	20	5.960	5.000	3.153
37	21	5.960	5.000	3.154
37	22	5.960	5.000	3.140
37	23	5.960	5.000	3.159
37	24	5.960	5.000	3.169
37	25	5.960	5.000	3.162
37	26	5.960	5.000	3.143
37	27	5.960	5.000	3.178
37	28	5.960	5.000	3.162
37	29	5.960	5.000	3.178
37	30	5.960	5.000	3.153
37	31	5.960	5.000	3.133
37	32	5.960	5.000	3.153
37	33	5.960	5.000	3.154
37	34	5.960	5.000	3.146
37	35	5.960	5.000	3.153
37	36	5.960	5.000	3.130
37	37	5.960	5.000	3.114
37	38	5.960	5.000	3.165
37	39	5.960	5.000	3.133
37	40	5.960	5.000	3.154
37	41	5.960	5.000	3.159
37	42	5.960	5.000	3.140
37	43	5.960	5.000	3.119
37	44	5.960	5.000	3.127
37	45	5.960	5.000	3.104
37	46	5.960	5.000	3.165
37	47	5.960	5.000	3.138
37	48	5.960	5.000	3.156
37	49	5.960	5.000	3.167
37	50	5.960	5.000	3.111
Executing FF Gene Output
37	B	5.96

38	1	5.960	4.920	1.461
38	2	5.960	4.970	2.490
38	3	5.960	5.000	3.023
38	4	5.960	5.000	3.127
38	5	5.960	5.000	3.162
38	6	5.960	5.000	3.178
38	7	5.960	5.000	3.114
38	8	5.960	5.000	3.149
38	9	5.960	4.990	3.135
38	10	5.960	5.000	3.172
38	11	5.960	5.000	3.162
38	12	5.960	4.990	3.169
38	13	5.960	4.990	3.133
38	14	5.960	5.000	3.146
38	15	5.960	5.000	3.156
38	16	5.960	5.000	3.156
38	17	5.960	5.000	3.170
38	18	5.960	5.000	3.172
38	19	5.960	5.000	3.146
38	20	5.960	5.000	3.156
38	21	5.960	5.000	3.172
38	22	5.960	5.000	3.137
38	23	5.960	5.000	3.124
38	24	5.960	5.000	3.162
38	25	5.960	5.000	3.133
38	26	5.960	5.000	3.151
38	27	5.960	5.000	3.172
38	28	5.960	5.000	3.124
38	29	5.960	5.000	3.154
38	30	5.960	5.000	3.156
38	31	5.960	5.000	3.178
38	32	5.960	5.000	3.178
38	33	5.960	5.000	3.146
38	34	5.960	5.000	3.162
38	35	5.960	5.000	3.172
38	36	5.960	5.000	3.170
38	37	5.960	5.000	3.156
38	38	5.960	5.000	3.162
38	39	5.960	5.000	3.175
38	40	5.960	5.000	3.120
38	41	5.960	5.000	3.149
38	42	5.960	5.000	3.149
38	43	5.960	5.000	3.127
38	44	5.960	5.000	3.137
38	45	5.960	5.000	3.127
38	46	5.960	5.000	3.149
38	47	5.960	5.000	3.117
38	48	5.960	5.000	3.149
38	49	5.960	5.000	3.124
38	50	5.960	5.000	3.146
Executing FF Gene Output
38	B	5.96

39	1	5.960	4.860	1.231
39	2	5.960	4.950	2.589
39	3	5.960	4.990	2.990
39	4	5.960	5.000	3.159
39	5	5.960	5.000	3.156
39	6	5.960	5.000	3.130
39	7	5.960	5.000	3.146
39	8	5.960	5.000	3.146
39	9	5.960	5.000	3.146
39	10	5.960	5.000	3.162
39	11	5.960	5.000	3.130
39	12	5.960	4.990	3.107
39	13	5.960	5.000	3.130
39	14	5.960	5.000	3.098
39	15	5.960	5.000	3.081
39	16	5.960	5.000	3.098
39	17	5.960	5.000	3.162
39	18	5.960	5.000	3.130
39	19	5.960	5.000	3.162
39	20	5.960	5.000	3.178
39	21	5.960	5.000	3.130
39	22	5.960	5.000	3.146
39	23	5.960	5.000	3.146
39	24	5.960	5.000	3.114
39	25	5.960	5.000	3.146
39	26	5.960	5.000	3.146
39	27	5.960	5.000	3.146
39	28	5.960	5.000	3.130
39	29	5.960	5.000	3.130
39	30	5.960	5.000	3.146
39	31	5.960	5.000	3.098
39	32	5.960	5.000	3.146
39	33	5.960	5.000	3.162
39	34	5.960	5.000	3.162
39	35	5.960	5.000	3.114
39	36	5.960	5.000	3.114
39	37	5.960	5.000	3.162
39	38	5.960	5.000	3.130
39	39	5.960	5.000	3.130
39	40	5.960	5.000	3.146
39	41	5.960	5.000	3.167
39	42	5.960	5.000	3.103
39	43	5.960	5.000	3.146
39	44	5.960	5.000	3.162
39	45	5.960	5.000	3.114
39	46	5.960	5.000	3.146
39	47	5.960	5.000	3.130
39	48	5.960	5.000	3.130
39	49	5.960	5.000	3.162
39	50	5.960	5.000	3.130
Executing FF Gene Output
39	B	5.96

40	1	5.960	4.810	1.650
40	2	5.960	4.950	2.814
40	3	5.960	5.000	3.083
40	4	5.960	5.000	3.122
40	5	5.960	5.000	3.167
40	6	5.960	5.000	3.162
40	7	5.960	5.000	3.161
40	8	5.960	5.000	3.178
40	9	5.960	5.000	3.175
40	10	5.960	5.000	3.146
40	11	5.960	5.000	3.175
40	12	5.960	5.000	3.170
40	13	5.960	5.000	3.178
40	14	5.960	5.000	3.169
40	15	5.960	5.000	3.143
40	16	5.960	5.000	3.120
40	17	5.960	5.000	3.172
40	18	5.960	5.000	3.157
40	19	5.960	5.000	3.172
40	20	5.960	5.000	3.167
40	21	5.960	5.000	3.129
40	22	5.960	5.000	3.146
40	23	5.960	5.000	3.156
40	24	5.960	5.000	3.146
40	25	5.960	5.000	3.172
40	26	5.960	5.000	3.178
40	27	5.960	5.000	3.156
40	28	5.960	5.000	3.153
40	29	5.960	5.000	3.151
40	30	5.960	5.000	3.178
40	31	5.960	5.000	3.146
40	32	5.960	5.000	3.154
40	33	5.960	5.000	3.154
40	34	5.960	5.000	3.141
40	35	5.960	5.000	3.145
40	36	5.960	5.000	3.156
40	37	5.960	5.000	3.178
40	38	5.960	5.000	3.172
40	39	5.960	5.000	3.141
40	40	5.960	5.000	3.164
40	41	5.960	5.000	3.132
40	42	5.960	5.000	3.129
40	43	5.960	5.000	3.178
40	44	5.960	5.000	3.127
40	45	5.960	5.000	3.161
40	46	5.960	5.000	3.161
40	47	5.960	5.000	3.162
40	48	5.960	5.000	3.162
40	49	5.960	5.000	3.156
40	50	5.960	5.000	3.156
Executing FF Gene Output
40	B	5.96

41	1	5.960	4.830	1.491
41	2	5.960	4.970	2.363
41	3	5.960	4.990	2.981
41	4	5.960	5.000	3.120
41	5	5.960	4.990	3.157
41	6	5.960	5.000	3.125
41	7	5.960	5.000	3.108
41	8	5.960	5.000	3.129
41	9	5.960	5.000	3.151
41	10	5.960	5.000	3.117
41	11	5.960	5.000	3.135
41	12	5.960	5.000	3.129
41	13	5.960	5.000	3.117
41	14	5.960	5.000	3.151
41	15	5.960	5.000	3.124
41	16	5.960	5.000	3.122
41	17	5.960	5.000	3.094
41	18	5.960	5.000	3.078
41	19	5.960	5.000	3.106
41	20	5.960	5.000	3.178
41	21	5.960	5.000	3.167
41	22	5.960	4.990	3.148
41	23	5.960	5.000	3.145
41	24	5.960	5.000	3.151
41	25	5.960	5.000	3.156
41	26	5.960	5.000	3.143
41	27	5.960	5.000	3.127
41	28	5.960	5.000	3.106
41	29	5.960	5.000	3.117
41	30	5.960	5.000	3.140
41	31	5.960	5.000	3.156
41	32	5.960	5.000	3.151
41	33	5.960	5.000	3.145
41	34	5.960	5.000	3.145
41	35	5.960	5.000	3.096
41	36	5.960	5.000	3.101
41	37	5.960	5.000	3.106
41	38	5.960	5.000	3.122
41	39	5.960	5.000	3.140
41	40	5.960	5.000	3.151
41	41	5.960	5.000	3.140
41	42	5.960	5.000	3.119
41	43	5.960	5.000	3.146
41	44	5.960	5.000	3.127
41	45	5.960	5.000	3.135
41	46	5.960	5.000	3.153
41	47	5.960	5.000	3.165
41	48	5.960	5.000	3.154
41	49	5.960	5.000	3.109
41	50	5.960	5.000	3.070
Executing FF Gene Output
41	B	5.96

42	1	5.960	4.870	1.368
42	2	5.960	4.970	2.480
42	3	5.960	4.940	3.016
42	4	5.960	4.930	3.062
42	5	5.960	4.950	3.131
42	6	5.960	4.960	3.130
42	7	5.960	5.000	3.146
42	8	5.960	5.000	3.130
42	9	5.960	4.980	3.122
42	10	5.960	5.000	3.130
42	11	5.960	5.000	3.146
42	12	5.960	5.000	3.130
42	13	5.960	4.960	3.130
42	14	5.960	4.980	3.138
42	15	5.960	5.000	3.162
42	16	5.960	5.000	3.162
42	17	5.960	5.000	3.114
42	18	5.960	4.980	3.122
42	19	5.960	4.980	3.154
42	20	5.960	4.980	3.138
42	21	5.960	4.980	3.170
42	22	5.960	4.980	3.170
42	23	5.960	5.000	3.146
42	24	5.960	5.000	3.098
42	25	5.960	4.980	3.138
42	26	5.960	4.940	3.089
42	27	5.960	4.980	3.106
42	28	5.960	5.000	3.130
42	29	5.960	4.980	3.122
42	30	5.960	4.960	3.146
42	31	5.960	4.960	3.146
42	32	5.960	4.960	3.162
42	33	5.960	4.960	3.162
42	34	5.960	5.000	3.146
42	35	5.960	5.000	3.178
42	36	5.960	5.000	3.178
42	37	5.960	4.980	3.130
42	38	5.960	4.960	3.120
42	39	5.960	4.980	3.161
42	40	5.960	5.000	3.120
42	41	5.960	5.000	3.165
42	42	5.960	5.000	3.085
42	43	5.960	5.000	3.130
42	44	5.960	5.000	3.114
42	45	5.960	5.000	3.175
42	46	5.960	5.000	3.114
42	47	5.960	5.000	3.143
42	48	5.960	5.000	3.146
42	49	5.960	5.000	3.114
42	50	5.960	5.000	3.146
Executing FF Gene Output
42	B	5.96

43	1	5.960	4.830	1.375
43	2	5.960	4.970	2.350
43	3	5.960	4.980	2.969
43	4	5.960	4.990	3.132
43	5	5.960	4.990	3.167
43	6	5.960	5.000	3.165
43	7	5.960	5.000	3.153
43	8	5.960	5.000	3.156
43	9	5.960	5.000	3.146
43	10	5.960	5.000	3.140
43	11	5.960	4.990	3.173
43	12	5.960	5.000	3.133
43	13	5.960	5.000	3.149
43	14	5.960	5.000	3.153
43	15	5.960	4.990	3.109
43	16	5.960	5.000	3.153
43	17	5.960	4.990	3.157
43	18	5.960	4.990	3.156
43	19	5.960	4.990	3.138
43	20	5.960	4.970	3.151
43	21	5.960	4.960	3.159
43	22	5.960	5.000	3.178
43	23	5.960	5.000	3.159
43	24	5.960	4.990	3.164
43	25	5.960	5.000	3.156
43	26	5.960	5.000	3.140
43	27	5.960	5.000	3.169
43	28	5.960	4.980	3.153
43	29	5.960	5.000	3.178
43	30	5.960	5.000	3.159
43	31	5.960	4.980	3.140
43	32	5.960	5.000	3.169
43	33	5.960	5.000	3.172
43	34	5.960	4.990	3.173
43	35	5.960	4.990	3.173
43	36	5.960	5.000	3.159
43	37	5.960	4.990	3.132
43	38	5.960	4.980	3.146
43	39	5.960	5.000	3.143
43	40	5.960	5.000	3.120
43	41	5.960	4.980	3.149
43	42	5.960	5.000	3.162
43	43	5.960	4.990	3.157
43	44	5.960	4.990	3.154
43	45	5.960	4.990	3.167
43	46	5.960	4.990	3.167
43	47	5.960	5.000	3.169
43	48	5.960	5.000	3.169
43	49	5.960	4.990	3.154
43	50	5.960	5.000	3.130
Executing FF Gene Output
43	B	5.96

44	1	5.960	4.860	1.592
44	2	5.960	4.970	2.843
44	3	5.960	4.990	3.094
44	4	5.960	5.000	3.103
44	5	5.960	5.000	3.109
44	6	5.960	5.000	3.149
44	7	5.960	5.000	3.145
44	8	5.960	5.000	3.145
44	9	5.960	5.000	3.153
44	10	5.960	5.000	3.129
44	11	5.960	5.000	3.169
44	12	5.960	5.000	3.169
44	13	5.960	5.000	3.140
44	14	5.960	5.000	3.143
44	15	5.960	5.000	3.130
44	16	5.960	5.000	3.112
44	17	5.960	5.000	3.137
44	18	5.960	5.000	3.120
44	19	5.960	5.000	3.162
44	20	5.960	5.000	3.130
44	21	5.960	5.000	3.111
44	22	5.960	5.000	3.146
44	23	5.960	5.000	3.146
44	24	5.960	5.000	3.103
44	25	5.960	5.000	3.154
44	26	5.960	5.000	3.154
44	27	5.960	5.000	3.124
44	28	5.960	5.000	3.149
44	29	5.960	5.000	3.130
44	30	5.960	5.000	3.108
44	31	5.960	5.000	3.081
44	32	5.960	5.000	3.162
44	33	5.960	5.000	3.133
44	34	5.960	5.000	3.149
44	35	5.960	5.000	3.148
44	36	5.960	5.000	3.109
44	37	5.960	5.000	3.140
44	38	5.960	5.000	3.169
44	39	5.960	5.000	3.153
44	40	5.960	5.000	3.130
44	41	5.960	5.000	3.137
44	42	5.960	5.000	3.165
44	43	5.960	5.000	3.154
44	44	5.960	5.000	3.178
44	45	5.960	5.000	3.153
44	46	5.960	5.000	3.161
44	47	5.960	5.000	3.143
44	48	5.960	5.000	3.178
44	49	5.960	5.000	3.178
44	50	5.960	5.000	3.148
Executing FF Gene Output
44	B	5.96

45	1	5.960	4.840	1.434
45	2	5.960	4.980	2.383
45	3	5.960	4.990	3.032
45	4	5.960	4.980	3.125
45	5	5.960	4.990	3.165
45	6	5.960	4.970	3.149
45	7	5.960	4.990	3.156
45	8	5.960	5.000	3.140
45	9	5.960	5.000	3.165
45	10	5.960	4.990	3.140
45	11	5.960	5.000	3.146
45	12	5.960	5.000	3.140
45	13	5.960	4.980	3.153
45	14	5.960	4.970	3.143
45	15	5.960	4.980	3.165
45	16	5.960	4.980	3.153
45	17	5.960	4.990	3.156
45	18	5.960	5.000	3.159
45	19	5.960	5.000	3.146
45	20	5.960	5.000	3.172
45	21	5.960	5.000	3.153
45	22	5.960	5.000	3.159
45	23	5.960	5.000	3.175
45	24	5.960	5.000	3.137
45	25	5.960	5.000	3.133
45	26	5.960	5.000	3.133
45	27	5.960	5.000	3.162
45	28	5.960	5.000	3.120
45	29	5.960	5.000	3.140
45	30	5.960	5.000	3.108
45	31	5.960	5.000	3.143
45	32	5.960	5.000	3.153
45	33	5.960	5.000	3.149
45	34	5.960	5.000	3.127
45	35	5.960	5.000	3.178
45	36	5.960	5.000	3.117
45	37	5.960	5.000	3.175
45	38	5.960	5.000	3.175
45	39	5.960	5.000	3.156
45	40	5.960	5.000	3.137
45	41	5.960	5.000	3.120
45	42	5.960	5.000	3.156
45	43	5.960	5.000	3.120
45	44	5.960	5.000	3.120
45	45	5.960	5.000	3.127
45	46	5.960	5.000	3.149
45	47	5.960	5.000	3.169
45	48	5.960	5.000	3.108
45	49	5.960	5.000	3.124
45	50	5.960	5.000	3.098
Executing FF Gene Output
45	B	5.96

46	1	5.960	4.890	1.317
46	2	5.960	4.950	2.384
46	3	5.960	4.980	3.012
46	4	5.960	4.980	3.114
46	5	5.960	5.000	3.154
46	6	5.960	5.000	3.161
46	7	5.960	5.000	3.159
46	8	5.960	5.000	3.157
46	9	5.960	5.000	3.140
46	10	5.960	5.000	3.178
46	11	5.960	5.000	3.170
46	12	5.960	5.000	3.157
46	13	5.960	5.000	3.169
46	14	5.960	5.000	3.125
46	15	5.960	5.000	3.162
46	16	5.960	5.000	3.153
46	17	5.960	5.000	3.149
46	18	5.960	5.000	3.125
46	19	5.960	5.000	3.117
46	20	5.960	5.000	3.088
46	21	5.960	5.000	3.124
46	22	5.960	5.000	3.138
46	23	5.960	5.000	3.170
46	24	5.960	5.000	3.141
46	25	5.960	5.000	3.146
46	26	5.960	5.000	3.141
46	27	5.960	5.000	3.127
46	28	5.960	5.000	3.137
46	29	5.960	5.000	3.146
46	30	5.960	5.000	3.130
46	31	5.960	5.000	3.132
46	32	5.960	5.000	3.149
46	33	5.960	5.000	3.178
46	34	5.960	5.000	3.154
46	35	5.960	5.000	3.162
46	36	5.960	5.000	3.162
46	37	5.960	5.000	3.159
46	38	5.960	5.000	3.172
46	39	5.960	5.000	3.146
46	40	5.960	5.000	3.162
46	41	5.960	5.000	3.178
46	42	5.960	5.000	3.127
46	43	5.960	5.000	3.072
46	44	5.960	5.000	3.081
46	45	5.960	5.000	3.124
46	46	5.960	5.000	3.172
46	47	5.960	5.000	3.172
46	48	5.960	5.000	3.130
46	49	5.960	5.000	3.140
46	50	5.960	5.000	3.133
Executing FF Gene Output
46	B	5.96

47	1	5.960	4.760	1.454
47	2	5.960	4.910	2.479
47	3	5.960	4.920	3.031
47	4	5.960	4.980	3.145
47	5	5.960	5.000	3.133
47	6	5.960	5.000	3.153
47	7	5.960	5.000	3.135
47	8	5.960	5.000	3.162
47	9	5.960	5.000	3.153
47	10	5.960	4.960	3.104
47	11	5.960	5.000	3.170
47	12	5.960	5.000	3.154
47	13	5.960	5.000	3.169
47	14	5.960	4.970	3.132
47	15	5.960	5.000	3.153
47	16	5.960	5.000	3.162
47	17	5.960	5.000	3.175
47	18	5.960	5.000	3.178
47	19	5.960	4.990	3.154
47	20	5.960	5.000	3.117
47	21	5.960	5.000	3.172
47	22	5.960	5.000	3.151
47	23	5.960	5.000	3.162
47	24	5.960	4.980	3.137
47	25	5.960	4.980	3.137
47	26	5.960	5.000	3.167
47	27	5.960	4.980	3.132
47	28	5.960	4.990	3.124
47	29	5.960	4.990	3.153
47	30	5.960	4.990	3.162
47	31	5.960	5.000	3.170
47	32	5.960	5.000	3.170
47	33	5.960	5.000	3.178
47	34	5.960	4.990	3.154
47	35	5.960	5.000	3.170
47	36	5.960	5.000	3.178
47	37	5.960	4.990	3.172
47	38	5.960	5.000	3.141
47	39	5.960	5.000	3.159
47	40	5.960	5.000	3.151
47	41	5.960	5.000	3.170
47	42	5.960	5.000	3.153
47	43	5.960	4.990	3.138
47	44	5.960	5.000	3.162
47	45	5.960	4.990	3.172
47	46	5.960	5.000	3.170
47	47	5.960	5.000	3.137
47	48	5.960	4.960	3.120
47	49	5.960	4.980	3.156
47	50	5.960	4.990	3.132
Executing FF Gene Output
47	B	5.96

48	1	5.960	4.810	1.408
48	2	5.960	4.980	2.496
48	3	5.960	4.990	3.030
48	4	5.960	5.000	3.106
48	5	5.960	5.000	3.146
48	6	5.960	5.000	3.146
48	7	5.960	5.000	3.169
48	8	5.960	5.000	3.143
48	9	5.960	5.000	3.154
48	10	5.960	5.000	3.130
48	11	5.960	5.000	3.161
48	12	5.960	5.000	3.143
48	13	5.960	5.000	3.130
48	14	5.960	5.000	3.146
48	15	5.960	5.000	3.146
48	16	5.960	4.990	3.157
48	17	5.960	5.000	3.154
48	18	5.960	4.990	3.119
48	19	5.960	5.000	3.143
48	20	5.960	4.990	3.153
48	21	5.960	5.000	3.178
48	22	5.960	5.000	3.143
48	23	5.960	5.000	3.137
48	24	5.960	5.000	3.151
48	25	5.960	5.000	3.153
48	26	5.960	4.980	3.124
48	27	5.960	5.000	3.111
48	28	5.960	4.990	3.132
48	29	5.960	5.000	3.170
48	30	5.960	5.000	3.169
48	31	5.960	4.980	3.138
48	32	5.960	5.000	3.169
48	33	5.960	5.000	3.125
48	34	5.960	5.000	3.116
48	35	5.960	4.990	3.156
48	36	5.960	5.000	3.170
48	37	5.960	5.000	3.154
48	38	5.960	4.990	3.149
48	39	5.960	4.990	3.154
48	40	5.960	5.000	3.135
48	41	5.960	5.000	3.170
48	42	5.960	4.990	3.173
48	43	5.960	5.000	3.167
48	44	5.960	4.990	3.165
48	45	5.960	5.000	3.162
48	46	5.960	5.000	3.153
48	47	5.960	5.000	3.169
48	48	5.960	4.990	3.125
48	49	5.960	4.990	3.172
48	50	5.960	4.990	3.164
Executing FF Gene Output
48	B	5.96

49	1	5.960	4.880	1.465
49	2	5.960	4.990	2.648
49	3	5.960	4.980	3.065
49	4	5.960	4.980	3.153
49	5	5.960	4.960	3.146
49	6	5.960	4.980	3.153
49	7	5.960	4.940	3.136
49	8	5.960	4.990	3.140
49	9	5.960	4.980	3.169
49	10	5.960	4.980	3.146
49	11	5.960	4.980	3.154
49	12	5.960	4.960	3.146
49	13	5.960	4.990	3.133
49	14	5.960	4.980	3.161
49	15	5.960	4.980	3.138
49	16	5.960	5.000	3.156
49	17	5.960	4.960	3.160
49	18	5.960	4.960	3.156
49	19	5.960	5.000	3.165
49	20	5.960	5.000	3.164
49	21	5.960	5.000	3.156
49	22	5.960	4.980	3.128
49	23	5.960	4.990	3.153
49	24	5.960	4.980	3.141
49	25	5.960	5.000	3.162
49	26	5.960	4.980	3.165
49	27	5.960	4.980	3.157
49	28	5.960	4.960	3.138
49	29	5.960	4.980	3.138
49	30	5.960	4.990	3.172
49	31	5.960	4.960	3.136
49	32	5.960	5.000	3.172
49	33	5.960	5.000	3.164
49	34	5.960	4.990	3.170
49	35	5.960	5.000	3.178
49	36	5.960	4.990	3.165
49	37	5.960	4.990	3.172
49	38	5.960	4.990	3.172
49	39	5.960	4.980	3.149
49	40	5.960	4.990	3.172
49	41	5.960	4.990	3.172
49	42	5.960	5.000	3.156
49	43	5.960	4.980	3.132
49	44	5.960	4.970	3.120
49	45	5.960	4.980	3.133
49	46	5.960	4.970	3.136
49	47	5.960	4.970	3.153
49	48	5.960	4.980	3.153
49	49	5.960	4.990	3.165
49	50	5.960	4.990	3.149
Executing FF Gene Output
49	B	5.96

50	1	5.960	4.820	1.540
50	2	5.960	4.970	2.548
50	3	5.960	4.990	2.946
50	4	5.960	5.000	3.137
50	5	5.960	4.980	3.138
50	6	5.960	4.900	3.117
50	7	5.960	4.900	3.119
50	8	5.960	4.940	3.152
50	9	5.960	4.950	3.155
50	10	5.960	4.920	3.145
50	11	5.960	4.900	3.135
50	12	5.960	5.000	3.178
50	13	5.960	5.000	3.178
50	14	5.960	4.960	3.144
50	15	5.960	4.940	3.152
50	16	5.960	4.940	3.134
50	17	5.960	4.980	3.170
50	18	5.960	4.980	3.159
50	19	5.960	5.000	3.167
50	20	5.960	4.980	3.159
50	21	5.960	4.980	3.159
50	22	5.960	5.000	3.151
50	23	5.960	5.000	3.112
50	24	5.960	4.980	3.148
50	25	5.960	4.980	3.125
50	26	5.960	4.980	3.109
50	27	5.960	5.000	3.140
50	28	5.960	5.000	3.143
50	29	5.960	5.000	3.133
50	30	5.960	5.000	3.167
50	31	5.960	5.000	3.156
50	32	5.960	5.000	3.151
50	33	5.960	5.000	3.132
50	34	5.960	5.000	3.146
50	35	5.960	5.000	3.094
50	36	5.960	5.000	3.138
50	37	5.960	5.000	3.125
50	38	5.960	5.000	3.127
50	39	5.960	5.000	3.138
50	40	5.960	5.000	3.167
50	41	5.960	5.000	3.127
50	42	5.960	5.000	3.162
50	43	5.960	5.000	3.124
50	44	5.960	5.000	3.129
50	45	5.960	5.000	3.165
50	46	5.960	5.000	3.124
50	47	5.960	5.000	3.146
50	48	5.960	5.000	3.169
50	49	5.960	5.000	3.151
50	50	5.960	5.000	3.178
Executing FF Gene Output
50	B	5.96

Over All:
	Average Run Average Fitness: 4
	Average Run Best Fitness: 5
	Best Fitness: 5.96
	Best Chromo: Run 1: Generation 1: 0 0 0 0 0 0 0 0 1 0 0 0 0 0 1 1 0 1 1 1 0 0 0 0 0 0 1 0 1 1 0 0 1 0 0 0 1 0 1 0 0 0 0 1 0 0 0 1 1 0 1 1 0 1 1 0 1 0 1 0 1 1 1 1 1 0 1 1 0 0 1 1 1 1 0 1 1 0 1 1 1 1 0 0 1 0 1 0 0 0 0 0 0 0 1 1 1 1 1 0 0 0 0 1 0 1 0 0 0 1 0 0 0 1 1 1 1 1 0 0 1 1 0 1 0 1 0 0 0 1 0 0 0 0 0 1 1 0 1 1 1 1 1 1 1 1 1 1 1 1 1 1 0 1 0 1 0 0 1 0 0 1 1 1 0 1 1 0 0 1 1 1 1 0 0 1 0 0 1 1 1 1 0 0 1 1 0 0 1 0 1 1 0 1 0 1 0 1 1 1 0 1 1 1 1 1 0 1 0 1 1 1 0 0 0 0 1 1 1 1 1 1 1 1 1 0 1 0 1 0 0 1 1 0 0 0 0 1 0 0 1 0 1 1 0 1 0 0 0 0 0 1 1 1 0 0 
Start:  Mon Mar 21 11:16:44 EDT 2016
End  :  Mon Mar 21 11:17:24 EDT 2016
