
Parameter File Name is: hw3_prob_d.params

Setting up Fitness Function.....Iterated Prisoner's Dilemma
1	1	2.980	1.480	1.197
1	2	2.980	1.920	1.212
1	3	2.980	1.940	1.469
1	4	2.980	1.980	1.627
1	5	2.980	2.000	1.685
1	6	2.980	2.000	1.688
1	7	2.980	2.000	1.658
1	8	2.980	2.000	1.617
1	9	2.980	2.000	1.645
1	10	2.980	1.990	1.608
1	11	2.980	2.000	1.576
1	12	2.980	2.000	1.655
1	13	2.980	2.000	1.658
1	14	2.980	2.000	1.602
1	15	2.980	2.000	1.676
1	16	2.980	2.000	1.685
1	17	2.980	2.000	1.755
1	18	2.980	2.000	1.729
1	19	2.980	2.000	1.761
1	20	2.980	2.000	1.764
1	21	2.980	2.000	1.803
1	22	2.980	2.000	1.798
1	23	2.980	2.000	1.755
1	24	2.980	2.000	1.812
1	25	2.980	2.000	1.817
1	26	2.980	2.000	1.803
1	27	2.980	2.000	1.798
1	28	2.980	2.000	1.792
1	29	2.980	2.000	1.772
1	30	2.980	2.000	1.747
1	31	2.980	1.990	1.809
1	32	2.980	1.990	1.781
1	33	2.980	2.000	1.795
1	34	2.980	2.000	1.820
1	35	2.980	2.000	1.775
1	36	2.980	2.000	1.784
1	37	2.980	1.990	1.775
1	38	2.980	1.990	1.826
1	39	2.980	2.000	1.840
1	40	2.980	2.000	1.869
1	41	2.980	2.000	1.864
1	42	2.980	2.000	1.859
1	43	2.980	1.990	1.867
1	44	2.980	2.000	1.902
1	45	2.980	2.000	1.859
1	46	2.980	2.000	1.867
1	47	2.980	2.000	1.880
1	48	2.980	2.000	1.880
1	49	2.980	2.000	1.853
1	50	2.980	2.000	1.878
Executing FF Gene Output
1	B	2.98

2	1	2.980	1.560	1.127
2	2	2.980	1.770	1.313
2	3	2.980	1.940	1.594
2	4	2.980	1.960	1.711
2	5	2.980	1.970	1.842
2	6	2.980	1.970	1.869
2	7	2.980	1.990	1.853
2	8	2.980	1.970	1.869
2	9	2.980	1.990	1.896
2	10	2.980	1.990	1.880
2	11	2.980	1.980	1.850
2	12	2.980	1.970	1.875
2	13	2.980	1.980	1.909
2	14	2.980	1.990	1.907
2	15	2.980	2.000	1.875
2	16	2.980	1.990	1.834
2	17	2.980	1.990	1.902
2	18	2.980	2.000	1.861
2	19	2.980	1.990	1.867
2	20	2.980	2.000	1.891
2	21	2.980	1.990	1.864
2	22	2.980	1.980	1.888
2	23	2.980	1.980	1.842
2	24	2.980	1.980	1.899
2	25	2.980	1.980	1.848
2	26	2.980	1.980	1.894
2	27	2.980	1.980	1.880
2	28	2.980	1.960	1.820
2	29	2.980	1.980	1.886
2	30	2.980	1.950	1.861
2	31	2.980	1.960	1.885
2	32	2.980	1.970	1.847
2	33	2.980	2.000	1.869
2	34	2.980	2.000	1.951
2	35	2.980	2.000	1.944
2	36	2.980	1.990	1.962
2	37	2.980	2.000	1.954
2	38	2.980	2.000	1.972
2	39	2.980	1.990	1.957
2	40	2.980	1.990	1.957
2	41	2.980	2.000	1.959
2	42	2.980	2.000	1.944
2	43	2.980	2.000	1.941
2	44	2.980	2.000	1.972
2	45	2.980	2.000	1.964
2	46	2.980	2.000	1.964
2	47	2.980	2.000	1.992
2	48	2.980	2.000	1.980
2	49	2.980	2.000	1.946
2	50	2.980	2.000	1.964
Executing FF Gene Output
2	B	2.98

3	1	2.980	1.590	1.133
3	2	2.980	1.870	1.430
3	3	2.980	1.960	1.803
3	4	2.980	2.000	1.840
3	5	2.980	2.000	1.815
3	6	2.980	2.000	1.837
3	7	2.980	2.000	1.840
3	8	2.980	1.980	1.789
3	9	2.980	2.000	1.869
3	10	2.980	2.000	1.775
3	11	2.980	2.000	1.880
3	12	2.980	2.000	1.878
3	13	2.980	2.000	1.896
3	14	2.980	2.000	1.864
3	15	2.980	2.000	1.861
3	16	2.980	2.000	1.856
3	17	2.980	2.000	1.820
3	18	2.980	2.000	1.878
3	19	2.980	2.000	1.883
3	20	2.980	2.000	1.845
3	21	2.980	2.000	1.803
3	22	2.980	2.000	1.837
3	23	2.980	2.000	1.853
3	24	2.980	2.000	1.812
3	25	2.980	1.990	1.842
3	26	2.980	1.980	1.853
3	27	2.980	2.000	1.840
3	28	2.980	1.990	1.795
3	29	2.980	1.990	1.820
3	30	2.980	1.990	1.831
3	31	2.980	2.000	1.820
3	32	2.980	2.000	1.823
3	33	2.980	2.000	1.837
3	34	2.980	2.000	1.831
3	35	2.980	2.000	1.829
3	36	2.980	1.990	1.842
3	37	2.980	1.980	1.823
3	38	2.980	1.990	1.812
3	39	2.980	2.000	1.831
3	40	2.980	2.000	1.831
3	41	2.980	2.000	1.848
3	42	2.980	2.000	1.837
3	43	2.980	2.000	1.842
3	44	2.980	2.000	1.878
3	45	2.980	2.000	1.875
3	46	2.980	2.000	1.891
3	47	2.980	2.000	1.845
3	48	2.980	2.000	1.859
3	49	2.980	2.000	1.869
3	50	2.980	2.000	1.891
Executing FF Gene Output
3	B	2.98

4	1	2.940	1.550	1.118
4	2	2.980	1.850	1.250
4	3	2.980	1.990	1.694
4	4	2.980	2.000	1.772
4	5	2.980	2.000	1.738
4	6	2.980	2.000	1.789
4	7	2.980	2.000	1.798
4	8	2.980	2.000	1.806
4	9	2.980	2.000	1.812
4	10	2.980	1.990	1.755
4	11	2.980	2.000	1.792
4	12	2.980	2.000	1.820
4	13	2.980	2.000	1.817
4	14	2.980	1.990	1.784
4	15	2.980	2.000	1.795
4	16	2.980	1.990	1.801
4	17	2.980	2.000	1.732
4	18	2.980	2.000	1.812
4	19	2.980	2.000	1.761
4	20	2.980	1.950	1.749
4	21	2.980	1.990	1.752
4	22	2.980	2.000	1.720
4	23	2.980	1.980	1.720
4	24	2.980	2.000	1.691
4	25	2.980	1.970	1.778
4	26	2.980	1.990	1.789
4	27	2.980	2.000	1.747
4	28	2.980	2.000	1.726
4	29	2.980	1.970	1.795
4	30	2.980	1.990	1.738
4	31	2.980	1.980	1.705
4	32	2.980	1.990	1.661
4	33	2.980	1.990	1.744
4	34	2.980	1.990	1.729
4	35	2.980	1.990	1.741
4	36	2.980	1.980	1.746
4	37	2.980	2.000	1.744
4	38	2.980	2.000	1.709
4	39	2.980	2.000	1.697
4	40	2.980	1.990	1.673
4	41	2.980	1.990	1.755
4	42	2.980	1.980	1.723
4	43	2.980	1.990	1.726
4	44	2.980	1.990	1.755
4	45	2.980	2.000	1.752
4	46	2.980	2.000	1.706
4	47	2.980	1.990	1.752
4	48	2.980	1.990	1.703
4	49	2.980	1.990	1.767
4	50	2.980	2.000	1.770
Executing FF Gene Output
4	B	2.98

5	1	2.980	1.530	1.146
5	2	2.980	1.890	1.487
5	3	2.980	1.950	1.800
5	4	2.980	2.000	1.917
5	5	2.980	1.980	1.933
5	6	2.980	2.000	1.875
5	7	2.980	1.990	1.896
5	8	2.980	1.990	1.925
5	9	2.980	1.980	1.928
5	10	2.980	1.990	1.928
5	11	2.980	1.990	1.899
5	12	2.980	1.980	1.941
5	13	2.980	1.960	1.883
5	14	2.980	1.990	1.928
5	15	2.980	2.000	1.931
5	16	2.980	1.990	1.941
5	17	2.980	1.950	1.882
5	18	2.980	2.000	1.883
5	19	2.980	1.990	1.949
5	20	2.980	1.990	1.938
5	21	2.980	1.990	1.938
5	22	2.980	1.980	1.917
5	23	2.980	2.000	1.949
5	24	2.980	1.990	1.954
5	25	2.980	2.000	1.969
5	26	2.980	2.000	1.959
5	27	2.980	2.000	1.962
5	28	2.980	1.990	1.944
5	29	2.980	1.980	1.964
5	30	2.980	1.990	1.962
5	31	2.980	1.990	1.931
5	32	2.980	2.000	1.917
5	33	2.980	2.000	1.938
5	34	2.980	2.000	1.954
5	35	2.980	1.980	1.920
5	36	2.980	1.990	1.931
5	37	2.980	2.000	1.923
5	38	2.980	1.990	1.933
5	39	2.980	1.980	1.917
5	40	2.980	1.990	1.896
5	41	2.980	2.000	1.931
5	42	2.980	1.990	1.949
5	43	2.980	1.990	1.944
5	44	2.980	1.990	1.923
5	45	2.980	1.980	1.946
5	46	2.980	1.990	1.910
5	47	2.980	1.990	1.915
5	48	2.980	1.980	1.951
5	49	2.980	1.980	1.967
5	50	2.980	1.990	1.931
Executing FF Gene Output
5	B	2.98

6	1	2.780	1.540	1.141
6	2	2.940	1.830	1.334
6	3	2.980	1.950	1.290
6	4	2.980	1.890	1.340
6	5	2.980	1.770	1.438
6	6	2.980	1.800	1.414
6	7	2.980	1.820	1.452
6	8	2.980	1.690	1.454
6	9	2.980	1.850	1.493
6	10	2.980	1.910	1.630
6	11	2.980	1.850	1.620
6	12	2.980	1.970	1.812
6	13	2.980	1.980	1.749
6	14	2.980	1.930	1.796
6	15	2.980	1.940	1.731
6	16	2.980	1.990	1.758
6	17	2.980	1.980	1.769
6	18	2.980	1.960	1.766
6	19	2.980	2.000	1.795
6	20	2.980	1.960	1.766
6	21	2.980	1.940	1.743
6	22	2.980	1.950	1.717
6	23	2.980	1.990	1.789
6	24	2.980	1.960	1.732
6	25	2.980	1.950	1.766
6	26	2.980	1.970	1.743
6	27	2.980	1.940	1.788
6	28	2.980	1.930	1.771
6	29	2.980	1.940	1.771
6	30	2.980	1.940	1.722
6	31	2.980	1.970	1.761
6	32	2.980	1.970	1.723
6	33	2.980	1.990	1.817
6	34	2.980	1.990	1.703
6	35	2.980	1.960	1.666
6	36	2.980	1.910	1.767
6	37	2.980	1.920	1.710
6	38	2.980	1.950	1.693
6	39	2.980	1.920	1.677
6	40	2.980	1.960	1.789
6	41	2.980	1.980	1.738
6	42	2.980	1.930	1.719
6	43	2.980	1.930	1.742
6	44	2.980	1.880	1.638
6	45	2.980	1.950	1.687
6	46	2.980	1.860	1.658
6	47	2.980	1.900	1.633
6	48	2.980	1.930	1.671
6	49	2.980	1.940	1.656
6	50	2.980	1.900	1.714
Executing FF Gene Output
6	B	2.98

7	1	2.660	1.590	1.069
7	2	2.960	1.880	1.266
7	3	2.980	1.980	1.517
7	4	2.980	2.000	1.614
7	5	2.980	1.990	1.636
7	6	2.980	1.980	1.657
7	7	2.980	1.990	1.639
7	8	2.980	1.930	1.647
7	9	2.980	1.990	1.664
7	10	2.980	1.970	1.620
7	11	2.980	1.940	1.638
7	12	2.980	1.940	1.705
7	13	2.980	1.940	1.607
7	14	2.980	1.980	1.583
7	15	2.980	2.000	1.658
7	16	2.980	1.990	1.554
7	17	2.980	1.980	1.627
7	18	2.980	1.980	1.614
7	19	2.980	1.980	1.660
7	20	2.980	2.000	1.661
7	21	2.980	1.970	1.636
7	22	2.980	1.860	1.551
7	23	2.980	1.940	1.613
7	24	2.980	1.980	1.685
7	25	2.980	1.990	1.554
7	26	2.980	1.960	1.675
7	27	2.980	2.000	1.761
7	28	2.980	2.000	1.670
7	29	2.980	1.990	1.761
7	30	2.980	1.990	1.720
7	31	2.980	1.980	1.705
7	32	2.980	2.000	1.614
7	33	2.980	1.960	1.717
7	34	2.980	1.950	1.699
7	35	2.980	2.000	1.611
7	36	2.980	1.990	1.679
7	37	2.980	1.990	1.732
7	38	2.980	1.980	1.705
7	39	2.980	1.990	1.691
7	40	2.980	1.990	1.741
7	41	2.980	1.970	1.654
7	42	2.980	1.970	1.657
7	43	2.980	2.000	1.661
7	44	2.980	2.000	1.729
7	45	2.980	2.000	1.673
7	46	2.980	1.980	1.664
7	47	2.980	1.980	1.744
7	48	2.980	1.980	1.679
7	49	2.980	1.980	1.645
7	50	2.980	1.960	1.626
Executing FF Gene Output
7	B	2.98

8	1	2.620	1.520	1.105
8	2	2.780	1.870	1.026
8	3	2.860	1.820	1.218
8	4	2.960	1.860	1.303
8	5	2.980	1.930	1.523
8	6	2.980	1.970	1.582
8	7	2.980	1.930	1.600
8	8	2.980	2.000	1.741
8	9	2.980	1.990	1.767
8	10	2.980	1.980	1.764
8	11	2.980	1.980	1.764
8	12	2.980	2.000	1.792
8	13	2.980	1.980	1.784
8	14	2.980	2.000	1.820
8	15	2.980	1.990	1.772
8	16	2.980	2.000	1.729
8	17	2.980	1.980	1.764
8	18	2.980	2.000	1.723
8	19	2.980	1.990	1.789
8	20	2.980	1.990	1.749
8	21	2.980	1.990	1.792
8	22	2.980	1.990	1.738
8	23	2.980	1.990	1.815
8	24	2.980	2.000	1.764
8	25	2.980	2.000	1.798
8	26	2.980	2.000	1.803
8	27	2.980	2.000	1.829
8	28	2.980	2.000	1.775
8	29	2.980	2.000	1.729
8	30	2.980	2.000	1.831
8	31	2.980	2.000	1.829
8	32	2.980	1.990	1.784
8	33	2.980	2.000	1.842
8	34	2.980	1.990	1.820
8	35	2.980	2.000	1.894
8	36	2.980	2.000	1.820
8	37	2.980	2.000	1.853
8	38	2.980	2.000	1.775
8	39	2.980	1.980	1.831
8	40	2.980	1.990	1.861
8	41	2.980	2.000	1.744
8	42	2.980	1.980	1.806
8	43	2.980	1.980	1.826
8	44	2.980	1.970	1.845
8	45	2.980	1.980	1.823
8	46	2.980	1.990	1.896
8	47	2.980	2.000	1.834
8	48	2.980	2.000	1.848
8	49	2.980	1.990	1.850
8	50	2.980	2.000	1.856
Executing FF Gene Output
8	B	2.98

9	1	2.820	1.490	1.189
9	2	2.940	1.790	1.254
9	3	2.940	1.990	1.554
9	4	2.940	2.000	1.642
9	5	2.980	1.990	1.595
9	6	2.960	1.990	1.617
9	7	2.960	1.980	1.487
9	8	2.980	1.990	1.544
9	9	2.960	2.000	1.511
9	10	2.980	1.990	1.514
9	11	2.940	1.980	1.579
9	12	2.980	2.000	1.658
9	13	2.980	1.940	1.578
9	14	2.980	1.980	1.504
9	15	2.980	1.960	1.442
9	16	2.960	1.940	1.476
9	17	2.980	1.940	1.441
9	18	2.980	1.940	1.459
9	19	2.980	1.990	1.491
9	20	2.960	1.990	1.474
9	21	2.940	1.980	1.382
9	22	2.980	1.990	1.524
9	23	2.980	1.980	1.563
9	24	2.980	1.990	1.573
9	25	2.980	1.970	1.608
9	26	2.980	1.980	1.550
9	27	2.980	1.960	1.543
9	28	2.980	1.980	1.579
9	29	2.980	1.950	1.666
9	30	2.980	1.960	1.604
9	31	2.980	1.980	1.598
9	32	2.980	1.990	1.691
9	33	2.980	2.000	1.744
9	34	2.980	2.000	1.767
9	35	2.960	2.000	1.775
9	36	2.960	2.000	1.738
9	37	2.980	1.990	1.732
9	38	2.960	2.000	1.761
9	39	2.980	2.000	1.764
9	40	2.980	2.000	1.744
9	41	2.980	2.000	1.772
9	42	2.980	1.990	1.778
9	43	2.980	1.990	1.803
9	44	2.980	2.000	1.755
9	45	2.980	2.000	1.767
9	46	2.980	2.000	1.697
9	47	2.980	1.970	1.699
9	48	2.980	2.000	1.747
9	49	2.980	2.000	1.747
9	50	2.980	1.990	1.778
Executing FF Gene Output
9	B	2.98

10	1	2.820	1.580	1.084
10	2	2.980	1.910	1.203
10	3	2.980	1.950	1.513
10	4	2.980	1.950	1.566
10	5	2.980	2.000	1.679
10	6	2.980	1.990	1.673
10	7	2.980	2.000	1.655
10	8	2.980	2.000	1.661
10	9	2.980	1.960	1.614
10	10	2.980	1.970	1.651
10	11	2.980	1.990	1.661
10	12	2.980	1.980	1.664
10	13	2.980	1.980	1.586
10	14	2.980	2.000	1.676
10	15	2.980	2.000	1.648
10	16	2.980	2.000	1.729
10	17	2.980	2.000	1.878
10	18	2.980	2.000	1.904
10	19	2.980	1.990	1.915
10	20	2.980	1.990	1.931
10	21	2.980	2.000	1.925
10	22	2.980	2.000	1.912
10	23	2.980	1.990	1.951
10	24	2.980	2.000	1.964
10	25	2.980	1.990	1.933
10	26	2.980	2.000	1.938
10	27	2.980	2.000	1.904
10	28	2.980	1.990	1.910
10	29	2.980	2.000	1.886
10	30	2.980	1.990	1.938
10	31	2.980	1.990	1.920
10	32	2.980	1.990	1.925
10	33	2.980	1.980	1.944
10	34	2.980	2.000	1.964
10	35	2.980	2.000	1.946
10	36	2.980	1.990	1.954
10	37	2.980	2.000	1.949
10	38	2.980	2.000	1.910
10	39	2.980	2.000	1.949
10	40	2.980	1.990	1.928
10	41	2.980	2.000	1.951
10	42	2.980	2.000	1.936
10	43	2.980	1.980	1.949
10	44	2.980	1.980	1.912
10	45	2.980	1.990	1.957
10	46	2.980	1.960	1.901
10	47	2.980	1.970	1.946
10	48	2.980	1.970	1.933
10	49	2.980	1.990	1.912
10	50	2.980	2.000	1.949
Executing FF Gene Output
10	B	2.98

11	1	2.980	1.620	1.157
11	2	2.980	1.900	1.491
11	3	2.980	1.970	1.663
11	4	2.980	1.970	1.723
11	5	2.980	1.940	1.786
11	6	2.980	1.950	1.757
11	7	2.980	1.930	1.736
11	8	2.980	1.940	1.819
11	9	2.980	1.970	1.778
11	10	2.980	1.990	1.878
11	11	2.980	1.980	1.831
11	12	2.980	1.930	1.827
11	13	2.980	1.990	1.864
11	14	2.980	1.930	1.810
11	15	2.980	1.960	1.850
11	16	2.980	1.920	1.771
11	17	2.980	1.900	1.806
11	18	2.980	1.890	1.760
11	19	2.980	1.900	1.694
11	20	2.980	1.930	1.782
11	21	2.980	1.910	1.787
11	22	2.980	1.910	1.770
11	23	2.980	1.880	1.777
11	24	2.980	1.980	1.806
11	25	2.980	1.980	1.837
11	26	2.980	2.000	1.820
11	27	2.980	1.980	1.831
11	28	2.980	2.000	1.781
11	29	2.980	2.000	1.850
11	30	2.980	1.990	1.850
11	31	2.980	2.000	1.894
11	32	2.980	1.980	1.828
11	33	2.980	2.000	1.831
11	34	2.980	2.000	1.878
11	35	2.980	1.990	1.831
11	36	2.980	1.980	1.875
11	37	2.980	1.990	1.789
11	38	2.980	2.000	1.842
11	39	2.980	1.990	1.859
11	40	2.980	1.980	1.848
11	41	2.980	1.990	1.848
11	42	2.980	1.990	1.792
11	43	2.980	1.990	1.823
11	44	2.980	2.000	1.837
11	45	2.980	1.970	1.825
11	46	2.980	1.950	1.786
11	47	2.980	1.960	1.839
11	48	2.980	1.990	1.899
11	49	2.980	1.990	1.850
11	50	2.980	1.990	1.883
Executing FF Gene Output
11	B	2.98

12	1	2.920	1.570	1.170
12	2	2.980	1.880	1.423
12	3	2.980	2.000	1.688
12	4	2.980	2.000	1.840
12	5	2.980	1.990	1.778
12	6	2.980	1.990	1.755
12	7	2.980	1.970	1.828
12	8	2.980	1.990	1.869
12	9	2.980	2.000	1.829
12	10	2.980	2.000	1.856
12	11	2.980	2.000	1.803
12	12	2.980	2.000	1.781
12	13	2.980	2.000	1.770
12	14	2.980	2.000	1.803
12	15	2.980	2.000	1.778
12	16	2.980	2.000	1.789
12	17	2.980	1.960	1.803
12	18	2.980	1.990	1.826
12	19	2.980	2.000	1.803
12	20	2.980	1.990	1.806
12	21	2.980	1.990	1.784
12	22	2.980	1.990	1.823
12	23	2.980	2.000	1.803
12	24	2.980	1.970	1.872
12	25	2.980	1.990	1.915
12	26	2.980	2.000	1.964
12	27	2.980	2.000	1.964
12	28	2.980	2.000	1.977
12	29	2.980	2.000	1.975
12	30	2.980	2.000	1.964
12	31	2.980	2.000	1.957
12	32	2.980	2.000	1.954
12	33	2.980	1.990	1.972
12	34	2.980	2.000	1.967
12	35	2.980	1.990	1.951
12	36	2.980	2.000	1.936
12	37	2.980	2.000	1.980
12	38	2.980	2.000	1.949
12	39	2.980	1.990	1.985
12	40	2.980	2.000	1.951
12	41	2.980	2.000	1.949
12	42	2.980	2.000	1.964
12	43	2.980	2.000	1.936
12	44	2.980	2.000	1.957
12	45	2.980	2.000	1.964
12	46	2.980	2.000	1.969
12	47	2.980	2.000	1.959
12	48	2.980	2.000	1.972
12	49	2.980	2.000	1.959
12	50	2.980	2.000	1.969
Executing FF Gene Output
12	B	2.98

13	1	2.560	1.650	1.014
13	2	2.860	1.920	1.098
13	3	2.820	1.980	1.235
13	4	2.880	2.000	1.227
13	5	2.860	1.990	1.378
13	6	2.880	1.990	1.341
13	7	2.820	1.990	1.363
13	8	2.940	2.000	1.491
13	9	2.940	2.000	1.487
13	10	2.960	2.000	1.467
13	11	2.940	2.000	1.518
13	12	2.900	2.000	1.501
13	13	2.880	2.000	1.550
13	14	2.940	2.000	1.521
13	15	2.880	2.000	1.481
13	16	2.920	2.000	1.494
13	17	2.920	2.000	1.583
13	18	2.960	2.000	1.583
13	19	2.980	2.000	1.586
13	20	2.980	2.000	1.639
13	21	2.960	2.000	1.691
13	22	2.940	2.000	1.712
13	23	2.940	2.000	1.685
13	24	2.940	2.000	1.679
13	25	2.960	2.000	1.712
13	26	2.920	2.000	1.723
13	27	2.980	2.000	1.747
13	28	2.960	2.000	1.772
13	29	2.980	2.000	1.717
13	30	2.960	2.000	1.717
13	31	2.920	2.000	1.682
13	32	2.960	2.000	1.717
13	33	2.960	2.000	1.697
13	34	2.940	1.990	1.691
13	35	2.940	2.000	1.703
13	36	2.960	2.000	1.697
13	37	2.940	2.000	1.709
13	38	2.940	2.000	1.676
13	39	2.920	1.990	1.717
13	40	2.960	2.000	1.655
13	41	2.960	2.000	1.630
13	42	2.960	2.000	1.700
13	43	2.960	1.990	1.764
13	44	2.960	1.990	1.667
13	45	2.960	1.990	1.685
13	46	2.980	2.000	1.789
13	47	2.980	2.000	1.915
13	48	2.980	1.980	1.969
13	49	2.980	2.000	1.977
13	50	2.980	2.000	1.962
Executing FF Gene Output
13	B	2.98

14	1	2.640	1.540	1.123
14	2	2.880	1.900	1.096
14	3	2.860	1.850	1.100
14	4	2.920	1.860	1.263
14	5	2.820	1.840	1.233
14	6	2.980	1.950	1.167
14	7	2.980	1.920	1.292
14	8	2.920	1.910	1.315
14	9	2.980	1.880	1.281
14	10	2.980	1.900	1.418
14	11	2.980	1.860	1.382
14	12	2.980	1.880	1.332
14	13	2.960	1.860	1.356
14	14	2.920	1.900	1.414
14	15	2.980	1.890	1.410
14	16	2.980	1.890	1.480
14	17	2.980	1.910	1.371
14	18	2.920	1.860	1.463
14	19	2.980	1.860	1.453
14	20	2.980	1.860	1.514
14	21	2.980	1.880	1.499
14	22	2.980	1.840	1.568
14	23	2.980	1.850	1.510
14	24	2.980	1.840	1.555
14	25	2.960	1.880	1.496
14	26	2.980	1.910	1.593
14	27	2.980	1.800	1.639
14	28	2.980	1.930	1.677
14	29	2.980	1.880	1.788
14	30	2.980	1.910	1.796
14	31	2.980	1.920	1.802
14	32	2.980	1.930	1.822
14	33	2.980	1.900	1.815
14	34	2.980	1.920	1.813
14	35	2.980	1.950	1.888
14	36	2.980	1.930	1.852
14	37	2.980	1.930	1.860
14	38	2.980	1.950	1.822
14	39	2.980	1.910	1.878
14	40	2.980	1.950	1.817
14	41	2.980	1.930	1.898
14	42	2.980	1.950	1.896
14	43	2.980	1.980	1.883
14	44	2.980	1.950	1.880
14	45	2.980	1.960	1.825
14	46	2.980	1.980	1.867
14	47	2.980	1.990	1.912
14	48	2.980	2.000	1.917
14	49	2.980	1.990	1.891
14	50	2.980	2.000	1.910
Executing FF Gene Output
14	B	2.98

15	1	2.480	1.500	1.124
15	2	2.760	1.840	1.017
15	3	2.760	1.900	1.142
15	4	2.760	1.970	1.210
15	5	2.820	1.970	1.185
15	6	2.840	1.990	1.239
15	7	2.800	1.980	1.263
15	8	2.880	1.980	1.247
15	9	2.960	2.000	1.267
15	10	2.800	2.000	1.259
15	11	2.920	1.980	1.231
15	12	2.800	1.970	1.267
15	13	2.880	1.980	1.310
15	14	2.920	1.970	1.325
15	15	2.860	1.980	1.341
15	16	2.820	1.990	1.310
15	17	2.840	2.000	1.318
15	18	2.840	2.000	1.310
15	19	2.880	1.990	1.318
15	20	2.880	2.000	1.360
15	21	2.880	2.000	1.382
15	22	2.920	1.990	1.337
15	23	2.920	2.000	1.385
15	24	2.960	1.990	1.414
15	25	2.900	1.990	1.508
15	26	2.900	1.990	1.608
15	27	2.920	2.000	1.595
15	28	2.960	1.980	1.602
15	29	2.980	2.000	1.636
15	30	2.960	2.000	1.673
15	31	2.920	2.000	1.592
15	32	2.920	2.000	1.586
15	33	2.940	2.000	1.611
15	34	2.940	2.000	1.667
15	35	2.940	2.000	1.642
15	36	2.960	2.000	1.639
15	37	2.940	2.000	1.639
15	38	2.920	2.000	1.679
15	39	2.940	2.000	1.658
15	40	2.960	2.000	1.583
15	41	2.920	2.000	1.648
15	42	2.980	2.000	1.664
15	43	2.920	1.990	1.670
15	44	2.920	2.000	1.679
15	45	2.960	1.990	1.691
15	46	2.940	2.000	1.697
15	47	2.920	2.000	1.648
15	48	2.960	2.000	1.605
15	49	2.920	2.000	1.633
15	50	2.980	1.990	1.676
Executing FF Gene Output
15	B	2.98

16	1	2.780	1.640	1.087
16	2	2.940	1.880	1.258
16	3	2.960	1.980	1.514
16	4	2.980	2.000	1.709
16	5	2.980	2.000	1.755
16	6	2.980	2.000	1.787
16	7	2.980	2.000	1.738
16	8	2.980	1.990	1.761
16	9	2.980	2.000	1.755
16	10	2.980	2.000	1.755
16	11	2.980	1.990	1.749
16	12	2.980	2.000	1.655
16	13	2.980	2.000	1.726
16	14	2.980	2.000	1.714
16	15	2.980	2.000	1.758
16	16	2.980	1.990	1.738
16	17	2.980	2.000	1.744
16	18	2.960	2.000	1.755
16	19	2.980	2.000	1.781
16	20	2.980	2.000	1.703
16	21	2.980	2.000	1.792
16	22	2.980	2.000	1.764
16	23	2.960	2.000	1.784
16	24	2.980	2.000	1.770
16	25	2.980	2.000	1.758
16	26	2.980	2.000	1.744
16	27	2.960	2.000	1.795
16	28	2.940	1.990	1.784
16	29	2.980	2.000	1.726
16	30	2.980	2.000	1.764
16	31	2.980	1.990	1.803
16	32	2.960	2.000	1.778
16	33	2.980	2.000	1.755
16	34	2.980	2.000	1.744
16	35	2.980	2.000	1.764
16	36	2.980	2.000	1.781
16	37	2.980	2.000	1.787
16	38	2.960	2.000	1.812
16	39	2.960	2.000	1.842
16	40	2.980	2.000	1.803
16	41	2.980	2.000	1.812
16	42	2.960	2.000	1.817
16	43	2.980	2.000	1.834
16	44	2.980	2.000	1.853
16	45	2.980	2.000	1.817
16	46	2.980	2.000	1.872
16	47	2.980	2.000	1.845
16	48	2.980	2.000	1.831
16	49	2.960	2.000	1.831
16	50	2.960	2.000	1.872
Executing FF Gene Output
16	B	2.98

17	1	2.980	1.560	1.140
17	2	2.980	1.850	1.290
17	3	2.980	1.980	1.749
17	4	2.980	1.980	1.886
17	5	2.980	1.980	1.896
17	6	2.980	1.990	1.886
17	7	2.980	1.960	1.877
17	8	2.980	1.980	1.907
17	9	2.980	1.980	1.883
17	10	2.980	1.980	1.867
17	11	2.980	1.990	1.894
17	12	2.980	1.990	1.902
17	13	2.980	1.990	1.850
17	14	2.980	1.830	1.821
17	15	2.980	1.900	1.778
17	16	2.980	1.950	1.890
17	17	2.980	1.930	1.838
17	18	2.980	1.960	1.872
17	19	2.980	1.950	1.869
17	20	2.980	1.990	1.823
17	21	2.980	1.980	1.798
17	22	2.980	1.960	1.847
17	23	2.980	2.000	1.853
17	24	2.980	1.980	1.853
17	25	2.980	1.950	1.844
17	26	2.980	1.960	1.831
17	27	2.980	1.960	1.872
17	28	2.980	1.960	1.880
17	29	2.980	1.990	1.878
17	30	2.980	1.980	1.856
17	31	2.980	1.960	1.855
17	32	2.980	1.980	1.861
17	33	2.980	1.980	1.834
17	34	2.980	1.980	1.608
17	35	2.980	1.950	1.725
17	36	2.980	1.980	1.869
17	37	2.980	1.990	1.891
17	38	2.980	1.980	1.886
17	39	2.980	1.990	1.869
17	40	2.980	1.990	1.899
17	41	2.980	1.980	1.880
17	42	2.980	1.990	1.896
17	43	2.980	1.990	1.859
17	44	2.980	2.000	1.861
17	45	2.980	1.990	1.923
17	46	2.980	2.000	1.915
17	47	2.980	1.990	1.951
17	48	2.980	2.000	1.990
17	49	2.980	2.000	1.951
17	50	2.980	2.000	1.931
Executing FF Gene Output
17	B	2.98

18	1	2.980	1.580	1.089
18	2	2.980	1.870	1.257
18	3	2.980	1.950	1.546
18	4	2.980	1.960	1.642
18	5	2.980	1.940	1.594
18	6	2.980	1.960	1.592
18	7	2.980	1.990	1.570
18	8	2.980	1.990	1.667
18	9	2.980	1.960	1.660
18	10	2.980	1.980	1.573
18	11	2.980	1.970	1.617
18	12	2.980	1.950	1.629
18	13	2.980	1.980	1.738
18	14	2.980	1.990	1.720
18	15	2.980	1.980	1.758
18	16	2.980	1.990	1.826
18	17	2.980	1.980	1.828
18	18	2.980	2.000	1.886
18	19	2.980	2.000	1.896
18	20	2.980	2.000	1.872
18	21	2.980	2.000	1.886
18	22	2.980	2.000	1.875
18	23	2.980	2.000	1.880
18	24	2.980	2.000	1.912
18	25	2.980	1.990	1.896
18	26	2.980	2.000	1.941
18	27	2.980	2.000	1.933
18	28	2.980	2.000	1.954
18	29	2.980	2.000	1.920
18	30	2.980	2.000	1.920
18	31	2.980	2.000	1.936
18	32	2.980	1.990	1.904
18	33	2.980	2.000	1.936
18	34	2.980	2.000	1.936
18	35	2.980	2.000	1.912
18	36	2.980	2.000	1.967
18	37	2.980	2.000	1.946
18	38	2.980	2.000	1.931
18	39	2.980	2.000	1.977
18	40	2.980	2.000	1.967
18	41	2.980	2.000	1.941
18	42	2.980	2.000	1.917
18	43	2.980	2.000	1.957
18	44	2.980	2.000	1.925
18	45	2.980	2.000	1.962
18	46	2.980	2.000	1.938
18	47	2.980	2.000	1.938
18	48	2.980	2.000	1.951
18	49	2.980	2.000	1.951
18	50	2.980	2.000	1.936
Executing FF Gene Output
18	B	2.98

19	1	2.880	1.600	1.110
19	2	2.980	1.810	1.257
19	3	2.980	1.910	1.670
19	4	2.980	2.000	1.812
19	5	2.980	2.000	1.829
19	6	2.980	2.000	1.826
19	7	2.980	1.990	1.845
19	8	2.980	2.000	1.823
19	9	2.980	2.000	1.829
19	10	2.980	2.000	1.817
19	11	2.980	2.000	1.902
19	12	2.980	2.000	1.859
19	13	2.980	2.000	1.826
19	14	2.980	2.000	1.864
19	15	2.980	2.000	1.888
19	16	2.980	2.000	1.848
19	17	2.980	2.000	1.899
19	18	2.980	2.000	1.859
19	19	2.980	2.000	1.820
19	20	2.980	2.000	1.896
19	21	2.980	2.000	1.883
19	22	2.980	2.000	1.896
19	23	2.980	2.000	1.869
19	24	2.980	2.000	1.878
19	25	2.980	2.000	1.867
19	26	2.980	2.000	1.902
19	27	2.980	2.000	1.853
19	28	2.980	2.000	1.856
19	29	2.980	2.000	1.770
19	30	2.980	2.000	1.787
19	31	2.980	2.000	1.781
19	32	2.980	2.000	1.781
19	33	2.980	2.000	1.738
19	34	2.980	2.000	1.752
19	35	2.980	1.990	1.806
19	36	2.980	2.000	1.801
19	37	2.980	2.000	1.749
19	38	2.980	2.000	1.735
19	39	2.980	2.000	1.837
19	40	2.980	1.990	1.758
19	41	2.980	2.000	1.764
19	42	2.980	1.990	1.828
19	43	2.980	1.980	1.744
19	44	2.980	1.990	1.798
19	45	2.980	2.000	1.752
19	46	2.980	1.990	1.781
19	47	2.980	1.980	1.746
19	48	2.980	2.000	1.820
19	49	2.980	2.000	1.726
19	50	2.980	2.000	1.744
Executing FF Gene Output
19	B	2.98

20	1	2.860	1.560	1.179
20	2	2.980	1.890	1.377
20	3	2.980	1.970	1.869
20	4	2.980	2.000	1.817
20	5	2.980	2.000	1.883
20	6	2.980	2.000	1.859
20	7	2.980	2.000	1.842
20	8	2.980	1.990	1.815
20	9	2.980	2.000	1.856
20	10	2.980	1.990	1.521
20	11	2.980	1.990	1.456
20	12	2.980	1.980	1.579
20	13	2.980	1.950	1.517
20	14	2.980	1.990	1.497
20	15	2.980	1.950	1.406
20	16	2.980	1.980	1.442
20	17	2.980	1.960	1.527
20	18	2.980	1.980	1.541
20	19	2.980	1.970	1.592
20	20	2.980	1.960	1.585
20	21	2.980	1.930	1.597
20	22	2.980	1.950	1.657
20	23	2.980	1.990	1.586
20	24	2.980	1.980	1.636
20	25	2.980	1.990	1.720
20	26	2.980	1.980	1.772
20	27	2.980	2.000	1.741
20	28	2.980	2.000	1.747
20	29	2.980	1.990	1.703
20	30	2.980	1.990	1.714
20	31	2.980	2.000	1.703
20	32	2.980	2.000	1.741
20	33	2.980	2.000	1.787
20	34	2.980	1.970	1.735
20	35	2.980	1.980	1.786
20	36	2.980	1.970	1.749
20	37	2.980	1.980	1.772
20	38	2.980	1.990	1.801
20	39	2.980	2.000	1.869
20	40	2.980	2.000	1.798
20	41	2.980	2.000	1.883
20	42	2.980	1.980	1.891
20	43	2.980	2.000	1.859
20	44	2.980	2.000	1.902
20	45	2.980	1.990	1.848
20	46	2.980	1.970	1.867
20	47	2.980	1.980	1.875
20	48	2.980	1.990	1.853
20	49	2.980	2.000	1.801
20	50	2.980	2.000	1.848
Executing FF Gene Output
20	B	2.98

21	1	2.960	1.560	1.113
21	2	2.940	1.850	1.201
21	3	2.980	1.890	1.266
21	4	2.980	1.930	1.412
21	5	2.980	1.920	1.485
21	6	2.980	1.950	1.490
21	7	2.980	1.900	1.524
21	8	2.980	1.950	1.442
21	9	2.980	1.980	1.477
21	10	2.980	1.950	1.513
21	11	2.980	1.960	1.547
21	12	2.980	1.960	1.514
21	13	2.980	1.980	1.494
21	14	2.980	1.990	1.463
21	15	2.980	1.960	1.582
21	16	2.980	1.990	1.630
21	17	2.980	1.950	1.588
21	18	2.980	1.980	1.583
21	19	2.980	1.970	1.560
21	20	2.980	2.000	1.617
21	21	2.980	2.000	1.595
21	22	2.980	1.960	1.563
21	23	2.980	1.950	1.559
21	24	2.980	2.000	1.524
21	25	2.980	1.980	1.589
21	26	2.980	1.980	1.570
21	27	2.980	1.980	1.537
21	28	2.980	2.000	1.557
21	29	2.980	1.990	1.614
21	30	2.980	1.990	1.527
21	31	2.980	2.000	1.617
21	32	2.980	1.980	1.487
21	33	2.980	1.990	1.602
21	34	2.980	1.990	1.524
21	35	2.980	1.990	1.573
21	36	2.980	1.970	1.586
21	37	2.980	1.990	1.573
21	38	2.980	1.990	1.487
21	39	2.980	1.980	1.527
21	40	2.980	2.000	1.580
21	41	2.980	1.990	1.491
21	42	2.980	1.990	1.592
21	43	2.980	1.980	1.583
21	44	2.980	1.990	1.589
21	45	2.980	1.990	1.583
21	46	2.980	2.000	1.605
21	47	2.980	1.990	1.537
21	48	2.980	1.970	1.560
21	49	2.980	1.970	1.573
21	50	2.980	1.980	1.576
Executing FF Gene Output
21	B	2.98

22	1	2.700	1.540	1.132
22	2	2.980	1.880	1.335
22	3	2.980	1.910	1.528
22	4	2.980	1.850	1.614
22	5	2.980	1.920	1.643
22	6	2.980	1.960	1.681
22	7	2.980	1.990	1.726
22	8	2.980	1.990	1.755
22	9	2.980	2.000	1.775
22	10	2.980	2.000	1.803
22	11	2.980	2.000	1.755
22	12	2.980	1.980	1.755
22	13	2.980	1.990	1.781
22	14	2.980	2.000	1.735
22	15	2.980	2.000	1.772
22	16	2.980	2.000	1.738
22	17	2.980	2.000	1.834
22	18	2.980	1.970	1.738
22	19	2.980	1.970	1.717
22	20	2.980	1.990	1.752
22	21	2.980	1.990	1.720
22	22	2.980	1.990	1.685
22	23	2.980	2.000	1.752
22	24	2.980	2.000	1.775
22	25	2.980	2.000	1.837
22	26	2.980	2.000	1.867
22	27	2.980	1.990	1.853
22	28	2.980	2.000	1.834
22	29	2.980	2.000	1.829
22	30	2.980	2.000	1.840
22	31	2.980	2.000	1.812
22	32	2.980	2.000	1.817
22	33	2.980	2.000	1.789
22	34	2.980	2.000	1.809
22	35	2.980	2.000	1.747
22	36	2.980	2.000	1.823
22	37	2.980	1.980	1.758
22	38	2.980	2.000	1.729
22	39	2.980	2.000	1.747
22	40	2.980	1.990	1.784
22	41	2.980	2.000	1.764
22	42	2.980	1.990	1.801
22	43	2.980	2.000	1.744
22	44	2.980	1.980	1.732
22	45	2.980	1.980	1.798
22	46	2.980	2.000	1.801
22	47	2.980	2.000	1.815
22	48	2.980	2.000	1.778
22	49	2.980	2.000	1.806
22	50	2.980	2.000	1.842
Executing FF Gene Output
22	B	2.98

23	1	2.900	1.540	1.132
23	2	2.960	1.870	1.212
23	3	2.980	1.950	1.601
23	4	2.980	2.000	1.682
23	5	2.980	2.000	1.685
23	6	2.980	2.000	1.709
23	7	2.980	2.000	1.670
23	8	2.980	2.000	1.717
23	9	2.980	2.000	1.621
23	10	2.980	2.000	1.688
23	11	2.960	1.990	1.654
23	12	2.980	2.000	1.658
23	13	2.980	1.980	1.726
23	14	2.980	2.000	1.667
23	15	2.980	2.000	1.688
23	16	2.980	1.990	1.717
23	17	2.960	2.000	1.758
23	18	2.980	2.000	1.723
23	19	2.980	1.990	1.717
23	20	2.980	2.000	1.744
23	21	2.980	1.990	1.803
23	22	2.980	1.980	1.803
23	23	2.980	1.960	1.746
23	24	2.980	1.990	1.764
23	25	2.980	1.970	1.781
23	26	2.980	1.980	1.778
23	27	2.980	1.980	1.746
23	28	2.980	1.960	1.778
23	29	2.980	2.000	1.738
23	30	2.980	2.000	1.764
23	31	2.980	2.000	1.752
23	32	2.980	1.980	1.735
23	33	2.980	1.970	1.761
23	34	2.980	1.950	1.737
23	35	2.960	2.000	1.729
23	36	2.980	2.000	1.789
23	37	2.980	2.000	1.823
23	38	2.980	1.990	1.834
23	39	2.980	2.000	1.899
23	40	2.980	1.990	1.864
23	41	2.980	1.980	1.848
23	42	2.980	1.970	1.867
23	43	2.980	2.000	1.949
23	44	2.980	2.000	1.980
23	45	2.980	2.000	1.997
23	46	2.980	2.000	1.995
23	47	2.980	2.000	2.003
23	48	2.980	2.000	2.005
23	49	2.980	2.000	2.003
23	50	2.980	2.000	2.008
Executing FF Gene Output
23	B	2.98

24	1	2.820	1.640	1.101
24	2	2.980	1.850	1.230
24	3	2.980	1.920	1.458
24	4	2.980	1.970	1.501
24	5	2.980	1.950	1.638
24	6	2.980	1.990	1.617
24	7	2.980	1.960	1.608
24	8	2.980	2.000	1.621
24	9	2.980	1.980	1.645
24	10	2.980	1.990	1.627
24	11	2.980	1.990	1.617
24	12	2.980	2.000	1.621
24	13	2.980	2.000	1.673
24	14	2.980	2.000	1.658
24	15	2.980	1.990	1.654
24	16	2.980	1.990	1.617
24	17	2.980	2.000	1.664
24	18	2.980	1.990	1.688
24	19	2.980	1.990	1.624
24	20	2.980	2.000	1.599
24	21	2.980	1.980	1.642
24	22	2.980	1.980	1.642
24	23	2.980	1.990	1.563
24	24	2.980	1.990	1.630
24	25	2.980	1.960	1.629
24	26	2.980	1.990	1.633
24	27	2.980	1.990	1.608
24	28	2.980	2.000	1.617
24	29	2.980	1.940	1.549
24	30	2.980	1.980	1.639
24	31	2.980	1.990	1.648
24	32	2.980	1.980	1.667
24	33	2.980	1.990	1.658
24	34	2.980	2.000	1.583
24	35	2.980	1.960	1.601
24	36	2.980	1.970	1.633
24	37	2.980	1.960	1.648
24	38	2.980	1.970	1.582
24	39	2.980	1.980	1.691
24	40	2.980	1.910	1.612
24	41	2.980	1.960	1.598
24	42	2.980	1.930	1.519
24	43	2.980	1.970	1.507
24	44	2.980	1.940	1.597
24	45	2.980	1.940	1.591
24	46	2.980	1.870	1.600
24	47	2.980	1.890	1.500
24	48	2.980	1.940	1.575
24	49	2.980	1.910	1.561
24	50	2.980	1.900	1.563
Executing FF Gene Output
24	B	2.98

25	1	2.980	1.550	1.175
25	2	2.980	1.850	1.278
25	3	2.980	1.980	1.550
25	4	2.980	1.950	1.517
25	5	2.980	1.950	1.527
25	6	2.980	1.960	1.592
25	7	2.980	1.950	1.556
25	8	2.980	1.930	1.552
25	9	2.980	1.870	1.574
25	10	2.980	1.930	1.591
25	11	2.980	1.960	1.556
25	12	2.980	1.930	1.542
25	13	2.980	1.910	1.618
25	14	2.980	1.920	1.482
25	15	2.980	1.930	1.572
25	16	2.980	1.960	1.494
25	17	2.980	1.850	1.530
25	18	2.980	1.890	1.563
25	19	2.980	1.930	1.516
25	20	2.980	1.850	1.556
25	21	2.980	1.800	1.586
25	22	2.980	1.930	1.523
25	23	2.980	1.900	1.589
25	24	2.980	1.860	1.573
25	25	2.980	1.880	1.604
25	26	2.980	1.800	1.679
25	27	2.980	1.900	1.639
25	28	2.980	1.920	1.671
25	29	2.980	1.980	1.823
25	30	2.980	2.000	1.837
25	31	2.980	2.000	1.837
25	32	2.980	2.000	1.880
25	33	2.980	2.000	1.861
25	34	2.980	2.000	1.845
25	35	2.980	2.000	1.875
25	36	2.980	2.000	1.861
25	37	2.980	2.000	1.864
25	38	2.980	2.000	1.910
25	39	2.980	1.990	1.875
25	40	2.980	2.000	1.848
25	41	2.980	2.000	1.896
25	42	2.980	2.000	1.864
25	43	2.980	2.000	1.915
25	44	2.980	2.000	1.891
25	45	2.980	2.000	1.812
25	46	2.980	2.000	1.869
25	47	2.980	2.000	1.842
25	48	2.980	2.000	1.820
25	49	2.980	1.990	1.820
25	50	2.980	1.990	1.867
Executing FF Gene Output
25	B	2.98

26	1	2.980	1.570	1.166
26	2	2.980	1.870	1.386
26	3	2.980	1.950	1.777
26	4	2.980	2.000	1.829
26	5	2.980	2.000	1.880
26	6	2.980	2.000	1.880
26	7	2.980	2.000	1.904
26	8	2.980	2.000	1.872
26	9	2.980	2.000	1.826
26	10	2.980	2.000	1.891
26	11	2.980	1.990	1.902
26	12	2.980	2.000	1.904
26	13	2.980	1.990	1.867
26	14	2.980	2.000	1.853
26	15	2.980	1.990	1.912
26	16	2.980	1.990	1.872
26	17	2.980	1.990	1.828
26	18	2.980	2.000	1.878
26	19	2.980	2.000	1.902
26	20	2.980	2.000	1.880
26	21	2.980	2.000	1.878
26	22	2.980	1.990	1.826
26	23	2.980	2.000	1.856
26	24	2.980	2.000	1.875
26	25	2.980	2.000	1.886
26	26	2.980	2.000	1.917
26	27	2.980	1.990	1.891
26	28	2.980	1.990	1.888
26	29	2.980	2.000	1.840
26	30	2.980	2.000	1.861
26	31	2.980	1.970	1.845
26	32	2.980	1.980	1.872
26	33	2.980	2.000	1.915
26	34	2.980	2.000	1.912
26	35	2.980	2.000	1.925
26	36	2.980	2.000	1.938
26	37	2.980	2.000	1.946
26	38	2.980	2.000	1.938
26	39	2.980	2.000	1.944
26	40	2.980	2.000	1.917
26	41	2.980	2.000	1.910
26	42	2.980	2.000	1.917
26	43	2.980	2.000	1.928
26	44	2.980	2.000	1.941
26	45	2.980	1.990	1.938
26	46	2.980	2.000	1.925
26	47	2.980	2.000	1.933
26	48	2.980	2.000	1.915
26	49	2.980	2.000	1.896
26	50	2.980	1.990	1.928
Executing FF Gene Output
26	B	2.98

27	1	2.980	1.550	1.158
27	2	2.980	1.830	1.190
27	3	2.980	1.970	1.560
27	4	2.980	1.890	1.588
27	5	2.980	1.900	1.700
27	6	2.980	1.900	1.685
27	7	2.980	1.910	1.649
27	8	2.980	1.940	1.582
27	9	2.980	1.850	1.638
27	10	2.980	1.860	1.621
27	11	2.980	1.650	1.626
27	12	2.980	1.830	1.667
27	13	2.980	1.800	1.611
27	14	2.980	1.770	1.559
27	15	2.980	1.780	1.694
27	16	2.980	1.740	1.673
27	17	2.980	1.740	1.691
27	18	2.980	1.770	1.613
27	19	2.980	1.800	1.673
27	20	2.980	1.800	1.714
27	21	2.980	1.760	1.634
27	22	2.980	1.860	1.703
27	23	2.980	1.820	1.681
27	24	2.980	1.790	1.581
27	25	2.980	1.800	1.667
27	26	2.980	1.870	1.747
27	27	2.980	1.890	1.681
27	28	2.980	1.990	1.767
27	29	2.980	1.990	1.775
27	30	2.980	1.990	1.761
27	31	2.980	1.990	1.787
27	32	2.980	2.000	1.735
27	33	2.980	1.980	1.758
27	34	2.980	2.000	1.806
27	35	2.980	1.990	1.767
27	36	2.980	2.000	1.831
27	37	2.980	2.000	1.781
27	38	2.980	1.990	1.795
27	39	2.980	2.000	1.815
27	40	2.980	1.990	1.798
27	41	2.980	2.000	1.770
27	42	2.980	1.980	1.769
27	43	2.980	2.000	1.834
27	44	2.980	1.970	1.732
27	45	2.980	1.910	1.724
27	46	2.980	1.930	1.710
27	47	2.980	1.930	1.713
27	48	2.980	1.960	1.663
27	49	2.980	1.920	1.802
27	50	2.980	1.950	1.783
Executing FF Gene Output
27	B	2.98

28	1	2.980	1.500	1.189
28	2	2.980	1.900	1.414
28	3	2.980	1.970	1.806
28	4	2.980	1.980	1.946
28	5	2.980	2.000	1.959
28	6	2.980	2.000	1.954
28	7	2.980	2.000	1.987
28	8	2.980	2.000	1.995
28	9	2.980	2.000	1.941
28	10	2.980	2.000	1.931
28	11	2.980	2.000	1.949
28	12	2.980	2.000	1.959
28	13	2.980	2.000	1.951
28	14	2.980	2.000	1.957
28	15	2.980	2.000	1.951
28	16	2.980	2.000	1.977
28	17	2.980	2.000	1.975
28	18	2.980	2.000	1.975
28	19	2.980	2.000	1.954
28	20	2.980	2.000	1.944
28	21	2.980	2.000	1.967
28	22	2.980	2.000	1.964
28	23	2.980	2.000	1.949
28	24	2.980	2.000	1.962
28	25	2.980	2.000	1.982
28	26	2.980	2.000	1.967
28	27	2.980	2.000	1.990
28	28	2.980	2.000	1.975
28	29	2.980	2.000	1.936
28	30	2.980	1.990	1.936
28	31	2.980	2.000	1.975
28	32	2.980	2.000	1.962
28	33	2.980	1.970	1.985
28	34	2.980	2.000	1.985
28	35	2.980	2.000	1.985
28	36	2.980	2.000	1.995
28	37	2.980	2.000	2.000
28	38	2.980	2.000	1.959
28	39	2.980	2.000	1.982
28	40	2.980	2.000	1.975
28	41	2.980	2.000	1.969
28	42	2.980	2.000	1.987
28	43	2.980	2.000	1.990
28	44	2.980	2.000	1.990
28	45	2.980	2.000	1.975
28	46	2.980	2.000	1.977
28	47	2.980	2.000	1.964
28	48	2.980	2.000	1.977
28	49	2.980	2.000	1.985
28	50	2.980	2.000	1.982
Executing FF Gene Output
28	B	2.98

29	1	2.720	1.570	1.094
29	2	2.980	1.880	1.148
29	3	2.980	1.990	1.789
29	4	2.980	2.000	1.902
29	5	2.980	1.980	1.891
29	6	2.980	1.990	1.907
29	7	2.980	2.000	1.915
29	8	2.980	2.000	1.875
29	9	2.980	2.000	1.904
29	10	2.980	2.000	1.896
29	11	2.980	1.990	1.933
29	12	2.980	2.000	1.910
29	13	2.980	2.000	1.910
29	14	2.980	2.000	1.861
29	15	2.980	1.980	1.864
29	16	2.980	1.990	1.894
29	17	2.980	1.990	1.896
29	18	2.980	2.000	1.925
29	19	2.980	2.000	1.842
29	20	2.980	1.990	1.861
29	21	2.980	1.980	1.850
29	22	2.980	2.000	1.817
29	23	2.980	2.000	1.875
29	24	2.980	2.000	1.856
29	25	2.980	2.000	1.853
29	26	2.980	1.990	1.806
29	27	2.980	1.980	1.842
29	28	2.980	1.990	1.850
29	29	2.980	2.000	1.861
29	30	2.980	2.000	1.883
29	31	2.980	2.000	1.899
29	32	2.980	1.990	1.853
29	33	2.980	2.000	1.872
29	34	2.980	1.980	1.864
29	35	2.980	1.990	1.886
29	36	2.980	1.990	1.806
29	37	2.980	1.980	1.834
29	38	2.980	1.980	1.869
29	39	2.980	2.000	1.848
29	40	2.980	2.000	1.848
29	41	2.980	2.000	1.842
29	42	2.980	1.980	1.902
29	43	2.980	1.990	1.834
29	44	2.980	1.980	1.853
29	45	2.980	1.980	1.861
29	46	2.980	1.980	1.795
29	47	2.980	2.000	1.856
29	48	2.980	1.980	1.848
29	49	2.980	1.970	1.877
29	50	2.980	1.990	1.850
Executing FF Gene Output
29	B	2.98

30	1	2.800	1.630	1.070
30	2	2.980	1.840	1.220
30	3	2.980	1.720	1.404
30	4	2.980	1.800	1.453
30	5	2.980	1.650	1.480
30	6	2.980	1.660	1.391
30	7	2.980	1.630	1.376
30	8	2.980	1.690	1.535
30	9	2.980	1.870	1.461
30	10	2.980	1.840	1.571
30	11	2.980	1.770	1.533
30	12	2.980	1.820	1.513
30	13	2.980	1.900	1.567
30	14	2.960	1.810	1.489
30	15	2.980	1.890	1.497
30	16	2.980	1.940	1.553
30	17	2.980	2.000	1.544
30	18	2.980	1.990	1.541
30	19	2.980	1.990	1.602
30	20	2.980	1.970	1.579
30	21	2.980	2.000	1.576
30	22	2.980	1.980	1.511
30	23	2.980	1.970	1.582
30	24	2.960	1.990	1.617
30	25	2.980	1.980	1.602
30	26	2.980	2.000	1.661
30	27	2.980	2.000	1.570
30	28	2.980	1.990	1.608
30	29	2.980	2.000	1.645
30	30	2.980	1.980	1.537
30	31	2.980	1.990	1.573
30	32	2.980	2.000	1.621
30	33	2.980	2.000	1.848
30	34	2.980	1.990	1.826
30	35	2.980	1.990	1.795
30	36	2.980	2.000	1.784
30	37	2.980	1.990	1.817
30	38	2.980	1.990	1.770
30	39	2.980	1.990	1.792
30	40	2.980	1.990	1.817
30	41	2.980	2.000	1.867
30	42	2.980	2.000	1.752
30	43	2.980	2.000	1.795
30	44	2.980	2.000	1.781
30	45	2.980	2.000	1.761
30	46	2.980	1.990	1.798
30	47	2.980	1.990	1.815
30	48	2.980	1.980	1.828
30	49	2.980	1.990	1.787
30	50	2.980	2.000	1.798
Executing FF Gene Output
30	B	2.98

31	1	2.980	1.530	1.123
31	2	2.980	1.920	1.485
31	3	2.980	1.960	1.681
31	4	2.980	1.970	1.720
31	5	2.980	2.000	1.787
31	6	2.980	1.990	1.761
31	7	2.980	2.000	1.820
31	8	2.980	2.000	1.787
31	9	2.980	2.000	1.842
31	10	2.980	1.990	1.823
31	11	2.980	1.990	1.789
31	12	2.980	2.000	1.820
31	13	2.980	2.000	1.848
31	14	2.980	1.980	1.789
31	15	2.980	2.000	1.720
31	16	2.980	2.000	1.767
31	17	2.980	2.000	1.789
31	18	2.980	1.990	1.772
31	19	2.980	2.000	1.787
31	20	2.980	2.000	1.856
31	21	2.980	2.000	1.789
31	22	2.980	1.990	1.792
31	23	2.980	2.000	1.809
31	24	2.980	2.000	1.823
31	25	2.980	1.990	1.798
31	26	2.980	1.980	1.809
31	27	2.980	1.980	1.746
31	28	2.980	2.000	1.798
31	29	2.980	1.990	1.784
31	30	2.980	1.990	1.809
31	31	2.980	2.000	1.735
31	32	2.980	2.000	1.778
31	33	2.980	1.990	1.789
31	34	2.980	1.990	1.817
31	35	2.980	2.000	1.798
31	36	2.980	1.980	1.817
31	37	2.980	2.000	1.803
31	38	2.980	2.000	1.864
31	39	2.980	2.000	1.888
31	40	2.980	2.000	1.861
31	41	2.980	1.990	1.801
31	42	2.980	2.000	1.829
31	43	2.980	1.990	1.787
31	44	2.980	1.990	1.792
31	45	2.980	2.000	1.735
31	46	2.980	2.000	1.792
31	47	2.980	1.990	1.798
31	48	2.980	2.000	1.842
31	49	2.980	1.990	1.806
31	50	2.980	1.990	1.803
Executing FF Gene Output
31	B	2.98

32	1	2.860	1.540	1.171
32	2	2.980	1.890	1.290
32	3	2.980	1.960	1.666
32	4	2.980	1.950	1.645
32	5	2.980	1.990	1.639
32	6	2.980	1.990	1.694
32	7	2.980	1.980	1.598
32	8	2.980	2.000	1.691
32	9	2.980	1.980	1.579
32	10	2.980	1.990	1.651
32	11	2.980	2.000	1.691
32	12	2.980	1.980	1.598
32	13	2.980	1.970	1.702
32	14	2.980	1.970	1.595
32	15	2.980	1.970	1.651
32	16	2.980	2.000	1.550
32	17	2.980	1.960	1.648
32	18	2.980	1.990	1.627
32	19	2.980	1.960	1.642
32	20	2.980	1.970	1.735
32	21	2.980	1.960	1.623
32	22	2.980	1.980	1.567
32	23	2.980	1.970	1.614
32	24	2.980	1.980	1.608
32	25	2.980	1.980	1.685
32	26	2.980	1.990	1.694
32	27	2.980	1.980	1.694
32	28	2.980	2.000	1.723
32	29	2.980	2.000	1.664
32	30	2.980	1.990	1.761
32	31	2.980	2.000	1.729
32	32	2.980	2.000	1.735
32	33	2.980	1.990	1.676
32	34	2.980	1.990	1.720
32	35	2.980	2.000	1.738
32	36	2.980	2.000	1.670
32	37	2.980	2.000	1.729
32	38	2.980	1.980	1.645
32	39	2.980	1.990	1.694
32	40	2.980	1.980	1.714
32	41	2.980	1.980	1.758
32	42	2.980	1.990	1.720
32	43	2.980	2.000	1.770
32	44	2.980	1.990	1.732
32	45	2.980	1.980	1.694
32	46	2.980	2.000	1.655
32	47	2.980	1.990	1.717
32	48	2.980	1.990	1.717
32	49	2.980	1.990	1.784
32	50	2.980	2.000	1.697
Executing FF Gene Output
32	B	2.98

33	1	2.980	1.600	1.119
33	2	2.980	1.840	1.297
33	3	2.980	1.940	1.523
33	4	2.980	1.930	1.616
33	5	2.980	1.950	1.717
33	6	2.980	1.910	1.571
33	7	2.980	1.940	1.626
33	8	2.980	1.940	1.659
33	9	2.980	1.920	1.600
33	10	2.980	1.920	1.542
33	11	2.980	1.950	1.617
33	12	2.980	1.950	1.556
33	13	2.980	1.960	1.510
33	14	2.980	1.950	1.623
33	15	2.980	1.880	1.610
33	16	2.980	1.910	1.697
33	17	2.980	1.870	1.555
33	18	2.980	1.910	1.652
33	19	2.980	1.910	1.609
33	20	2.980	1.890	1.654
33	21	2.980	1.960	1.746
33	22	2.980	1.980	1.688
33	23	2.980	1.980	1.752
33	24	2.980	2.000	1.744
33	25	2.980	1.990	1.772
33	26	2.980	1.990	1.767
33	27	2.980	2.000	1.735
33	28	2.980	1.990	1.792
33	29	2.980	1.970	1.772
33	30	2.980	1.980	1.708
33	31	2.980	1.960	1.797
33	32	2.980	1.990	1.772
33	33	2.980	1.990	1.764
33	34	2.980	1.980	1.755
33	35	2.980	1.980	1.752
33	36	2.980	1.980	1.738
33	37	2.980	1.990	1.869
33	38	2.980	1.990	1.761
33	39	2.980	1.990	1.732
33	40	2.980	1.990	1.812
33	41	2.980	1.990	1.815
33	42	2.980	1.990	1.789
33	43	2.980	1.960	1.681
33	44	2.980	1.980	1.705
33	45	2.980	1.980	1.839
33	46	2.980	1.990	1.869
33	47	2.980	1.980	1.848
33	48	2.980	2.000	1.789
33	49	2.980	1.970	1.861
33	50	2.980	1.970	1.823
Executing FF Gene Output
33	B	2.98

34	1	2.620	1.510	1.163
34	2	2.940	1.740	1.138
34	3	2.980	1.760	1.327
34	4	2.980	1.800	1.330
34	5	2.980	1.780	1.528
34	6	2.980	1.830	1.439
34	7	2.980	1.730	1.448
34	8	2.980	1.750	1.517
34	9	2.980	1.830	1.453
34	10	2.980	1.890	1.556
34	11	2.980	1.930	1.479
34	12	2.980	1.870	1.535
34	13	2.980	1.930	1.568
34	14	2.980	1.920	1.600
34	15	2.980	1.920	1.637
34	16	2.980	1.880	1.575
34	17	2.980	1.940	1.536
34	18	2.980	1.850	1.550
34	19	2.980	1.920	1.502
34	20	2.980	1.910	1.627
34	21	2.980	1.870	1.548
34	22	2.980	1.880	1.539
34	23	2.980	1.920	1.489
34	24	2.980	1.940	1.666
34	25	2.980	1.960	1.651
34	26	2.980	1.970	1.633
34	27	2.980	1.900	1.709
34	28	2.980	1.930	1.689
34	29	2.980	1.970	1.798
34	30	2.980	1.950	1.746
34	31	2.980	1.990	1.717
34	32	2.980	1.940	1.805
34	33	2.980	1.950	1.792
34	34	2.980	1.960	1.740
34	35	2.980	1.960	1.795
34	36	2.980	1.980	1.815
34	37	2.980	1.990	1.767
34	38	2.980	1.950	1.746
34	39	2.980	1.970	1.806
34	40	2.980	1.990	1.789
34	41	2.980	1.990	1.812
34	42	2.980	1.980	1.795
34	43	2.980	1.970	1.812
34	44	2.980	1.990	1.767
34	45	2.980	1.950	1.746
34	46	2.980	1.970	1.786
34	47	2.980	1.970	1.784
34	48	2.980	1.960	1.817
34	49	2.980	1.970	1.825
34	50	2.980	1.960	1.763
Executing FF Gene Output
34	B	2.98

35	1	2.800	1.470	1.163
35	2	2.980	1.840	1.229
35	3	2.980	1.880	1.689
35	4	2.980	1.880	1.683
35	5	2.980	1.890	1.772
35	6	2.980	1.810	1.719
35	7	2.980	1.910	1.810
35	8	2.980	1.930	1.791
35	9	2.980	1.950	1.752
35	10	2.980	1.960	1.825
35	11	2.980	1.900	1.764
35	12	2.980	1.870	1.829
35	13	2.980	1.850	1.737
35	14	2.980	1.910	1.759
35	15	2.980	1.850	1.702
35	16	2.980	1.890	1.763
35	17	2.980	1.890	1.743
35	18	2.980	1.820	1.763
35	19	2.980	1.840	1.707
35	20	2.980	1.800	1.747
35	21	2.980	1.900	1.787
35	22	2.980	1.850	1.775
35	23	2.980	1.810	1.753
35	24	2.980	1.910	1.697
35	25	2.980	1.850	1.723
35	26	2.980	1.880	1.716
35	27	2.980	1.890	1.675
35	28	2.980	1.850	1.728
35	29	2.980	1.850	1.731
35	30	2.980	1.900	1.729
35	31	2.980	1.910	1.676
35	32	2.980	1.880	1.674
35	33	2.980	1.940	1.693
35	34	2.980	1.850	1.711
35	35	2.980	1.870	1.625
35	36	2.980	1.820	1.657
35	37	2.980	1.770	1.591
35	38	2.980	1.900	1.729
35	39	2.980	1.850	1.708
35	40	2.980	1.850	1.711
35	41	2.980	1.830	1.655
35	42	2.980	1.910	1.730
35	43	2.980	1.890	1.617
35	44	2.980	1.860	1.744
35	45	2.980	1.880	1.739
35	46	2.980	1.840	1.680
35	47	2.980	1.880	1.725
35	48	2.980	1.870	1.677
35	49	2.980	1.890	1.654
35	50	2.980	1.870	1.698
Executing FF Gene Output
35	B	2.98

36	1	2.980	1.630	1.143
36	2	2.980	1.930	1.739
36	3	2.980	1.980	1.894
36	4	2.980	1.970	1.872
36	5	2.980	2.000	1.872
36	6	2.980	1.970	1.885
36	7	2.980	2.000	1.878
36	8	2.980	1.990	1.798
36	9	2.980	1.960	1.872
36	10	2.980	1.990	1.888
36	11	2.980	1.980	1.883
36	12	2.980	1.980	1.817
36	13	2.980	1.970	1.850
36	14	2.980	2.000	1.856
36	15	2.980	1.990	1.845
36	16	2.980	1.990	1.904
36	17	2.980	2.000	1.904
36	18	2.980	1.950	1.882
36	19	2.980	2.000	1.912
36	20	2.980	1.970	1.885
36	21	2.980	1.970	1.883
36	22	2.980	1.980	1.915
36	23	2.980	1.970	1.915
36	24	2.980	1.980	1.823
36	25	2.980	1.990	1.896
36	26	2.980	1.990	1.839
36	27	2.980	1.980	1.853
36	28	2.980	1.990	1.850
36	29	2.980	1.980	1.902
36	30	2.980	1.980	1.875
36	31	2.980	1.990	1.872
36	32	2.980	2.000	1.888
36	33	2.980	2.000	1.853
36	34	2.980	1.980	1.883
36	35	2.980	2.000	1.925
36	36	2.980	1.990	1.917
36	37	2.980	2.000	1.883
36	38	2.980	1.990	1.848
36	39	2.980	1.990	1.875
36	40	2.980	1.980	1.904
36	41	2.980	1.990	1.886
36	42	2.980	1.990	1.875
36	43	2.980	1.990	1.888
36	44	2.980	1.940	1.882
36	45	2.980	1.960	1.904
36	46	2.980	1.980	1.933
36	47	2.980	1.990	1.869
36	48	2.980	1.980	1.907
36	49	2.980	1.990	1.894
36	50	2.980	2.000	1.888
Executing FF Gene Output
36	B	2.98

37	1	2.880	1.560	1.157
37	2	2.940	1.860	1.314
37	3	2.980	1.870	1.364
37	4	2.980	1.950	1.449
37	5	2.980	2.000	1.599
37	6	2.980	2.000	1.723
37	7	2.960	2.000	1.831
37	8	2.980	2.000	1.837
37	9	2.980	2.000	1.853
37	10	2.980	2.000	1.840
37	11	2.980	2.000	1.842
37	12	2.980	2.000	1.856
37	13	2.980	2.000	1.853
37	14	2.980	2.000	1.815
37	15	2.960	2.000	1.848
37	16	2.980	2.000	1.886
37	17	2.980	2.000	1.842
37	18	2.980	2.000	1.834
37	19	2.980	2.000	1.820
37	20	2.980	2.000	1.850
37	21	2.980	2.000	1.820
37	22	2.980	2.000	1.842
37	23	2.980	2.000	1.823
37	24	2.980	2.000	1.861
37	25	2.980	2.000	1.845
37	26	2.980	2.000	1.831
37	27	2.980	2.000	1.823
37	28	2.980	2.000	1.817
37	29	2.980	2.000	1.861
37	30	2.980	2.000	1.826
37	31	2.980	2.000	1.834
37	32	2.980	2.000	1.837
37	33	2.980	2.000	1.823
37	34	2.980	2.000	1.801
37	35	2.960	2.000	1.772
37	36	2.980	2.000	1.784
37	37	2.980	2.000	1.812
37	38	2.980	2.000	1.829
37	39	2.960	2.000	1.806
37	40	2.960	2.000	1.869
37	41	2.960	2.000	1.878
37	42	2.960	2.000	1.823
37	43	2.980	2.000	1.787
37	44	2.980	2.000	1.815
37	45	2.980	2.000	1.894
37	46	2.980	2.000	1.995
37	47	2.980	2.000	1.985
37	48	2.980	2.000	1.957
37	49	2.980	2.000	1.977
37	50	2.980	2.000	1.985
Executing FF Gene Output
37	B	2.98

38	1	2.920	1.660	1.061
38	2	2.980	1.880	1.324
38	3	2.980	1.970	1.487
38	4	2.980	1.990	1.711
38	5	2.980	1.990	1.573
38	6	2.980	1.980	1.651
38	7	2.980	1.990	1.651
38	8	2.980	2.000	1.700
38	9	2.980	2.000	1.732
38	10	2.980	2.000	1.789
38	11	2.980	1.990	1.778
38	12	2.980	2.000	1.755
38	13	2.980	2.000	1.772
38	14	2.980	2.000	1.915
38	15	2.980	2.000	1.907
38	16	2.980	2.000	1.936
38	17	2.980	2.000	1.917
38	18	2.980	2.000	1.904
38	19	2.980	2.000	1.864
38	20	2.980	2.000	1.883
38	21	2.980	2.000	1.928
38	22	2.980	2.000	1.923
38	23	2.980	2.000	1.896
38	24	2.980	2.000	1.894
38	25	2.980	2.000	1.894
38	26	2.980	2.000	1.867
38	27	2.980	2.000	1.917
38	28	2.980	2.000	1.894
38	29	2.980	2.000	1.888
38	30	2.980	2.000	1.902
38	31	2.980	2.000	1.880
38	32	2.980	2.000	1.925
38	33	2.980	2.000	1.907
38	34	2.980	2.000	1.902
38	35	2.980	2.000	1.888
38	36	2.980	2.000	1.899
38	37	2.980	2.000	1.920
38	38	2.980	2.000	1.928
38	39	2.980	2.000	1.944
38	40	2.980	2.000	1.915
38	41	2.980	2.000	1.867
38	42	2.980	2.000	1.946
38	43	2.980	2.000	1.912
38	44	2.980	2.000	1.910
38	45	2.980	2.000	1.941
38	46	2.980	2.000	1.928
38	47	2.980	2.000	1.917
38	48	2.980	2.000	1.920
38	49	2.980	2.000	1.880
38	50	2.980	2.000	1.912
Executing FF Gene Output
38	B	2.98

39	1	2.620	1.620	1.076
39	2	2.980	1.890	1.048
39	3	2.980	1.920	1.401
39	4	2.980	1.920	1.716
39	5	2.980	1.950	1.769
39	6	2.980	1.970	1.778
39	7	2.980	1.940	1.751
39	8	2.980	1.950	1.808
39	9	2.980	1.950	1.817
39	10	2.980	1.950	1.850
39	11	2.980	1.980	1.682
39	12	2.980	1.910	1.776
39	13	2.980	1.910	1.829
39	14	2.980	1.960	1.755
39	15	2.980	1.920	1.768
39	16	2.980	1.960	1.820
39	17	2.980	1.920	1.804
39	18	2.980	1.980	1.820
39	19	2.980	1.960	1.786
39	20	2.980	1.970	1.781
39	21	2.980	1.950	1.775
39	22	2.980	1.940	1.805
39	23	2.980	1.940	1.777
39	24	2.980	1.930	1.719
39	25	2.980	1.960	1.803
39	26	2.980	1.940	1.822
39	27	2.980	1.960	1.809
39	28	2.980	1.960	1.743
39	29	2.980	1.910	1.762
39	30	2.980	1.990	1.755
39	31	2.980	1.950	1.814
39	32	2.980	1.960	1.723
39	33	2.980	1.950	1.803
39	34	2.980	1.960	1.780
39	35	2.980	1.960	1.797
39	36	2.980	1.960	1.723
39	37	2.980	1.950	1.783
39	38	2.980	1.990	1.801
39	39	2.980	1.970	1.766
39	40	2.980	1.960	1.792
39	41	2.980	1.980	1.969
39	42	2.980	2.000	1.957
39	43	2.980	1.990	1.946
39	44	2.980	1.990	1.962
39	45	2.980	1.990	1.951
39	46	2.980	2.000	1.957
39	47	2.980	1.980	1.964
39	48	2.980	1.980	1.925
39	49	2.980	1.990	1.896
39	50	2.980	1.980	1.923
Executing FF Gene Output
39	B	2.98

40	1	2.900	1.600	1.073
40	2	2.820	1.810	1.212
40	3	2.960	1.910	1.284
40	4	2.980	1.910	1.379
40	5	2.980	1.940	1.489
40	6	2.980	1.970	1.741
40	7	2.980	1.980	1.864
40	8	2.980	2.000	1.878
40	9	2.980	1.990	1.938
40	10	2.980	2.000	1.931
40	11	2.980	2.000	1.936
40	12	2.980	2.000	1.923
40	13	2.980	2.000	1.925
40	14	2.980	2.000	1.912
40	15	2.980	1.990	1.912
40	16	2.980	2.000	1.936
40	17	2.980	2.000	1.907
40	18	2.980	1.980	1.915
40	19	2.980	1.990	1.912
40	20	2.980	2.000	1.907
40	21	2.980	1.990	1.925
40	22	2.980	1.980	1.899
40	23	2.980	1.980	1.969
40	24	2.980	1.990	1.944
40	25	2.980	1.980	1.891
40	26	2.980	2.000	1.938
40	27	2.980	1.990	1.891
40	28	2.980	1.990	1.920
40	29	2.980	1.980	1.899
40	30	2.980	2.000	1.957
40	31	2.980	2.000	1.912
40	32	2.980	2.000	1.923
40	33	2.980	2.000	1.949
40	34	2.980	1.990	1.910
40	35	2.980	2.000	1.931
40	36	2.980	1.990	1.925
40	37	2.980	1.980	1.951
40	38	2.980	2.000	1.917
40	39	2.980	1.980	1.949
40	40	2.980	2.000	1.954
40	41	2.980	1.980	1.925
40	42	2.980	2.000	1.936
40	43	2.980	1.990	1.912
40	44	2.980	1.990	1.912
40	45	2.980	1.990	1.907
40	46	2.980	2.000	1.923
40	47	2.980	2.000	1.912
40	48	2.980	1.990	1.923
40	49	2.980	1.980	1.875
40	50	2.980	2.000	1.912
Executing FF Gene Output
40	B	2.98

41	1	2.800	1.580	1.089
41	2	2.980	1.880	1.245
41	3	2.980	1.970	1.708
41	4	2.980	1.990	1.711
41	5	2.980	1.980	1.767
41	6	2.980	2.000	1.787
41	7	2.980	2.000	1.775
41	8	2.980	2.000	1.823
41	9	2.980	2.000	1.781
41	10	2.980	2.000	1.781
41	11	2.980	2.000	1.767
41	12	2.980	1.990	1.831
41	13	2.980	2.000	1.795
41	14	2.980	1.990	1.667
41	15	2.980	2.000	1.767
41	16	2.980	2.000	1.691
41	17	2.980	2.000	1.720
41	18	2.980	2.000	1.749
41	19	2.980	2.000	1.749
41	20	2.980	1.990	1.726
41	21	2.980	2.000	1.747
41	22	2.980	2.000	1.685
41	23	2.980	2.000	1.744
41	24	2.980	1.990	1.726
41	25	2.980	2.000	1.744
41	26	2.980	2.000	1.726
41	27	2.980	1.990	1.732
41	28	2.980	2.000	1.714
41	29	2.980	2.000	1.798
41	30	2.980	1.990	1.732
41	31	2.980	1.990	1.778
41	32	2.980	2.000	1.758
41	33	2.980	2.000	1.772
41	34	2.980	1.980	1.738
41	35	2.980	1.990	1.806
41	36	2.980	1.990	1.732
41	37	2.980	2.000	1.755
41	38	2.980	2.000	1.664
41	39	2.980	2.000	1.717
41	40	2.980	1.990	1.691
41	41	2.980	2.000	1.688
41	42	2.980	1.990	1.645
41	43	2.980	1.980	1.624
41	44	2.980	1.950	1.669
41	45	2.980	1.980	1.614
41	46	2.980	1.920	1.692
41	47	2.980	1.970	1.645
41	48	2.980	1.960	1.639
41	49	2.980	1.990	1.767
41	50	2.980	1.990	1.697
Executing FF Gene Output
41	B	2.98

42	1	2.980	1.610	1.109
42	2	2.980	1.840	1.416
42	3	2.980	1.910	1.709
42	4	2.980	1.930	1.689
42	5	2.980	1.970	1.693
42	6	2.980	1.910	1.712
42	7	2.980	1.940	1.666
42	8	2.980	1.930	1.748
42	9	2.980	1.960	1.720
42	10	2.980	1.960	1.769
42	11	2.980	1.960	1.740
42	12	2.980	1.870	1.733
42	13	2.980	1.860	1.694
42	14	2.980	1.960	1.734
42	15	2.980	1.880	1.745
42	16	2.980	1.880	1.616
42	17	2.980	1.900	1.667
42	18	2.980	1.870	1.704
42	19	2.980	1.900	1.700
42	20	2.980	1.950	1.717
42	21	2.980	1.940	1.653
42	22	2.980	1.940	1.760
42	23	2.980	1.910	1.688
42	24	2.980	1.940	1.707
42	25	2.980	1.930	1.647
42	26	2.980	1.930	1.674
42	27	2.980	1.970	1.764
42	28	2.980	1.960	1.720
42	29	2.980	1.940	1.702
42	30	2.980	1.970	1.746
42	31	2.980	1.960	1.763
42	32	2.980	1.970	1.749
42	33	2.980	2.000	1.812
42	34	2.980	1.980	1.786
42	35	2.980	1.990	1.761
42	36	2.980	2.000	1.820
42	37	2.980	1.990	1.749
42	38	2.980	1.970	1.720
42	39	2.980	2.000	1.755
42	40	2.980	1.990	1.747
42	41	2.980	1.990	1.812
42	42	2.980	2.000	1.712
42	43	2.980	2.000	1.775
42	44	2.980	1.990	1.772
42	45	2.980	1.990	1.839
42	46	2.980	2.000	1.861
42	47	2.980	1.980	1.861
42	48	2.980	1.990	1.837
42	49	2.980	1.980	1.869
42	50	2.980	1.980	1.894
Executing FF Gene Output
42	B	2.98

43	1	2.900	1.530	1.132
43	2	2.940	1.900	1.235
43	3	2.980	1.990	1.583
43	4	2.980	2.000	1.732
43	5	2.980	2.000	1.878
43	6	2.980	2.000	1.888
43	7	2.980	2.000	1.880
43	8	2.980	1.990	1.894
43	9	2.980	2.000	1.850
43	10	2.980	2.000	1.904
43	11	2.980	2.000	1.904
43	12	2.980	1.990	1.859
43	13	2.980	2.000	1.925
43	14	2.980	2.000	1.904
43	15	2.980	1.970	1.917
43	16	2.980	1.990	1.904
43	17	2.980	2.000	1.946
43	18	2.980	1.990	1.949
43	19	2.980	1.990	1.925
43	20	2.980	2.000	1.954
43	21	2.980	2.000	1.936
43	22	2.980	2.000	1.951
43	23	2.980	2.000	1.925
43	24	2.980	2.000	1.980
43	25	2.980	2.000	1.980
43	26	2.980	2.000	1.954
43	27	2.980	2.000	1.964
43	28	2.980	1.990	1.946
43	29	2.980	2.000	1.954
43	30	2.980	2.000	1.980
43	31	2.980	2.000	1.959
43	32	2.980	2.000	1.980
43	33	2.980	2.000	1.962
43	34	2.980	2.000	1.949
43	35	2.980	2.000	1.967
43	36	2.980	2.000	1.946
43	37	2.980	2.000	1.954
43	38	2.980	1.990	1.954
43	39	2.980	2.000	1.967
43	40	2.980	2.000	1.987
43	41	2.980	2.000	1.951
43	42	2.980	2.000	1.969
43	43	2.980	2.000	1.969
43	44	2.980	2.000	1.975
43	45	2.980	2.000	1.969
43	46	2.980	2.000	1.975
43	47	2.980	2.000	1.954
43	48	2.980	1.990	1.944
43	49	2.980	1.990	1.957
43	50	2.980	2.000	1.985
Executing FF Gene Output
43	B	2.98

44	1	2.880	1.630	1.070
44	2	2.980	1.800	1.271
44	3	2.980	1.880	1.482
44	4	2.980	1.790	1.493
44	5	2.980	1.860	1.498
44	6	2.980	1.790	1.395
44	7	2.980	1.800	1.456
44	8	2.980	1.810	1.499
44	9	2.980	1.760	1.454
44	10	2.980	1.770	1.441
44	11	2.980	1.750	1.483
44	12	2.980	1.780	1.440
44	13	2.980	1.860	1.531
44	14	2.980	1.760	1.471
44	15	2.980	1.860	1.446
44	16	2.980	1.790	1.469
44	17	2.980	1.840	1.458
44	18	2.980	1.780	1.495
44	19	2.980	1.810	1.478
44	20	2.980	1.820	1.473
44	21	2.980	1.870	1.502
44	22	2.980	1.850	1.480
44	23	2.980	1.860	1.477
44	24	2.980	1.730	1.496
44	25	2.980	1.770	1.473
44	26	2.980	1.760	1.474
44	27	2.980	1.790	1.441
44	28	2.980	1.810	1.405
44	29	2.980	1.810	1.416
44	30	2.980	1.730	1.402
44	31	2.980	1.780	1.501
44	32	2.980	1.720	1.386
44	33	2.980	1.750	1.510
44	34	2.980	1.780	1.379
44	35	2.980	1.810	1.475
44	36	2.980	1.710	1.445
44	37	2.980	1.790	1.402
44	38	2.980	1.740	1.360
44	39	2.980	1.780	1.433
44	40	2.980	1.800	1.407
44	41	2.980	1.790	1.523
44	42	2.980	1.850	1.503
44	43	2.980	1.850	1.476
44	44	2.980	1.870	1.461
44	45	2.980	1.810	1.509
44	46	2.980	1.790	1.458
44	47	2.980	1.810	1.478
44	48	2.980	1.780	1.478
44	49	2.980	1.830	1.583
44	50	2.980	1.810	1.499
Executing FF Gene Output
44	B	2.98

45	1	2.980	1.600	1.155
45	2	2.980	1.790	1.285
45	3	2.980	1.940	1.830
45	4	2.980	1.980	1.877
45	5	2.980	1.980	1.899
45	6	2.980	1.990	1.938
45	7	2.980	2.000	1.938
45	8	2.980	2.000	1.907
45	9	2.980	2.000	1.928
45	10	2.980	2.000	1.907
45	11	2.980	2.000	1.944
45	12	2.980	2.000	1.954
45	13	2.980	2.000	1.894
45	14	2.980	2.000	1.925
45	15	2.980	2.000	1.949
45	16	2.980	2.000	1.951
45	17	2.980	2.000	1.941
45	18	2.980	2.000	1.920
45	19	2.980	2.000	1.946
45	20	2.980	2.000	1.936
45	21	2.980	2.000	1.928
45	22	2.980	2.000	1.923
45	23	2.980	2.000	1.928
45	24	2.980	2.000	1.941
45	25	2.980	2.000	1.920
45	26	2.980	2.000	1.896
45	27	2.980	2.000	1.941
45	28	2.980	2.000	1.915
45	29	2.980	2.000	1.957
45	30	2.980	2.000	1.917
45	31	2.980	2.000	1.933
45	32	2.980	2.000	1.917
45	33	2.980	2.000	1.904
45	34	2.980	2.000	1.951
45	35	2.980	2.000	1.907
45	36	2.980	1.990	1.878
45	37	2.980	2.000	1.923
45	38	2.980	2.000	1.938
45	39	2.980	2.000	1.917
45	40	2.980	2.000	1.954
45	41	2.980	2.000	1.915
45	42	2.980	2.000	1.894
45	43	2.980	1.990	1.902
45	44	2.980	2.000	1.899
45	45	2.980	2.000	1.946
45	46	2.980	2.000	1.915
45	47	2.980	2.000	1.904
45	48	2.980	2.000	1.888
45	49	2.980	2.000	1.896
45	50	2.980	2.000	1.933
Executing FF Gene Output
45	B	2.98

46	1	2.980	1.510	1.155
46	2	2.980	1.860	1.287
46	3	2.980	1.930	1.689
46	4	2.980	1.980	1.639
46	5	2.980	1.950	1.663
46	6	2.980	1.980	1.744
46	7	2.980	1.950	1.708
46	8	2.980	1.980	1.798
46	9	2.980	1.960	1.660
46	10	2.980	1.980	1.741
46	11	2.980	1.980	1.775
46	12	2.980	2.000	1.726
46	13	2.980	1.980	1.685
46	14	2.980	1.970	1.714
46	15	2.980	1.970	1.723
46	16	2.980	2.000	1.700
46	17	2.980	1.990	1.726
46	18	2.980	2.000	1.787
46	19	2.980	1.940	1.681
46	20	2.980	1.970	1.669
46	21	2.980	1.940	1.687
46	22	2.980	1.980	1.741
46	23	2.980	1.960	1.743
46	24	2.980	1.940	1.716
46	25	2.980	1.980	1.744
46	26	2.980	1.970	1.726
46	27	2.980	1.960	1.672
46	28	2.980	1.970	1.738
46	29	2.980	1.980	1.723
46	30	2.980	1.950	1.717
46	31	2.980	1.970	1.746
46	32	2.980	1.960	1.761
46	33	2.980	1.960	1.660
46	34	2.980	1.940	1.760
46	35	2.980	1.960	1.669
46	36	2.980	1.950	1.755
46	37	2.980	1.980	1.664
46	38	2.980	1.970	1.657
46	39	2.980	1.960	1.732
46	40	2.980	1.970	1.684
46	41	2.980	1.980	1.749
46	42	2.980	1.980	1.735
46	43	2.980	1.980	1.738
46	44	2.980	1.980	1.703
46	45	2.980	1.980	1.729
46	46	2.980	1.970	1.755
46	47	2.980	1.990	1.697
46	48	2.980	1.970	1.729
46	49	2.980	1.960	1.651
46	50	2.980	1.960	1.678
Executing FF Gene Output
46	B	2.98

47	1	2.800	1.540	1.136
47	2	2.980	1.830	1.264
47	3	2.980	1.950	1.595
47	4	2.980	2.000	1.720
47	5	2.980	2.000	1.703
47	6	2.980	1.990	1.749
47	7	2.980	1.990	1.709
47	8	2.980	2.000	1.723
47	9	2.980	1.990	1.792
47	10	2.980	2.000	1.761
47	11	2.980	2.000	1.840
47	12	2.980	2.000	1.831
47	13	2.980	1.990	1.801
47	14	2.980	1.990	1.839
47	15	2.980	2.000	1.784
47	16	2.980	1.990	1.831
47	17	2.980	1.970	1.766
47	18	2.980	2.000	1.784
47	19	2.980	2.000	1.831
47	20	2.980	2.000	1.775
47	21	2.980	1.980	1.784
47	22	2.980	2.000	1.770
47	23	2.980	2.000	1.735
47	24	2.980	2.000	1.709
47	25	2.980	2.000	1.636
47	26	2.980	1.990	1.711
47	27	2.980	1.990	1.755
47	28	2.980	1.960	1.705
47	29	2.980	1.950	1.672
47	30	2.980	1.970	1.636
47	31	2.980	1.980	1.651
47	32	2.980	1.940	1.684
47	33	2.980	1.920	1.609
47	34	2.980	1.950	1.708
47	35	2.980	1.960	1.684
47	36	2.980	2.000	1.706
47	37	2.980	1.970	1.723
47	38	2.980	2.000	1.744
47	39	2.980	1.990	1.729
47	40	2.980	2.000	1.747
47	41	2.980	2.000	1.726
47	42	2.980	1.980	1.769
47	43	2.980	1.990	1.798
47	44	2.980	1.980	1.769
47	45	2.980	2.000	1.770
47	46	2.980	2.000	1.806
47	47	2.980	2.000	1.726
47	48	2.980	1.990	1.732
47	49	2.980	1.980	1.749
47	50	2.980	2.000	1.764
Executing FF Gene Output
47	B	2.98

48	1	2.720	1.550	1.118
48	2	2.980	1.740	1.207
48	3	2.980	1.880	1.496
48	4	2.980	1.970	1.651
48	5	2.980	2.000	1.648
48	6	2.980	1.980	1.633
48	7	2.980	2.000	1.732
48	8	2.980	2.000	1.605
48	9	2.980	2.000	1.712
48	10	2.980	2.000	1.792
48	11	2.980	2.000	1.697
48	12	2.980	2.000	1.679
48	13	2.980	1.980	1.738
48	14	2.980	1.980	1.682
48	15	2.980	2.000	1.712
48	16	2.980	2.000	1.735
48	17	2.980	2.000	1.789
48	18	2.980	1.990	1.747
48	19	2.980	1.990	1.744
48	20	2.980	2.000	1.772
48	21	2.980	1.980	1.764
48	22	2.980	1.990	1.738
48	23	2.980	1.990	1.682
48	24	2.980	1.980	1.660
48	25	2.980	2.000	1.621
48	26	2.980	1.990	1.676
48	27	2.980	2.000	1.639
48	28	2.980	1.990	1.764
48	29	2.980	2.000	1.738
48	30	2.980	2.000	1.758
48	31	2.980	1.960	1.629
48	32	2.980	1.990	1.614
48	33	2.980	2.000	1.706
48	34	2.980	2.000	1.741
48	35	2.980	1.990	1.711
48	36	2.980	2.000	1.784
48	37	2.980	2.000	1.789
48	38	2.980	2.000	1.723
48	39	2.980	2.000	1.749
48	40	2.980	2.000	1.738
48	41	2.980	2.000	1.795
48	42	2.980	2.000	1.798
48	43	2.980	1.990	1.803
48	44	2.980	2.000	1.778
48	45	2.980	2.000	1.764
48	46	2.980	2.000	1.845
48	47	2.980	2.000	1.820
48	48	2.980	2.000	1.826
48	49	2.980	2.000	1.829
48	50	2.980	2.000	1.778
Executing FF Gene Output
48	B	2.98

49	1	2.980	1.520	1.189
49	2	2.980	1.850	1.537
49	3	2.980	1.960	1.746
49	4	2.980	1.990	1.888
49	5	2.980	1.990	1.902
49	6	2.980	2.000	1.910
49	7	2.980	1.980	1.875
49	8	2.980	1.980	1.936
49	9	2.980	1.980	1.883
49	10	2.980	1.990	1.925
49	11	2.980	1.990	1.944
49	12	2.980	2.000	1.907
49	13	2.980	1.980	1.872
49	14	2.980	2.000	1.859
49	15	2.980	2.000	1.917
49	16	2.980	2.000	1.933
49	17	2.980	1.980	1.931
49	18	2.980	1.990	1.872
49	19	2.980	1.980	1.912
49	20	2.980	1.990	1.954
49	21	2.980	1.970	1.856
49	22	2.980	1.980	1.912
49	23	2.980	1.980	1.909
49	24	2.980	2.000	1.899
49	25	2.980	2.000	1.920
49	26	2.980	2.000	1.867
49	27	2.980	1.980	1.904
49	28	2.980	2.000	1.931
49	29	2.980	1.990	1.925
49	30	2.980	2.000	1.904
49	31	2.980	1.930	1.857
49	32	2.980	1.940	1.866
49	33	2.980	1.930	1.802
49	34	2.980	1.940	1.849
49	35	2.980	1.970	1.893
49	36	2.980	1.990	1.951
49	37	2.980	2.000	1.992
49	38	2.980	2.000	1.997
49	39	2.980	2.000	1.967
49	40	2.980	2.000	1.962
49	41	2.980	2.000	1.987
49	42	2.980	2.000	1.990
49	43	2.980	2.000	1.990
49	44	2.980	1.990	1.972
49	45	2.980	2.000	1.977
49	46	2.980	2.000	1.992
49	47	2.980	2.000	1.992
49	48	2.980	2.000	1.995
49	49	2.980	2.000	1.987
49	50	2.980	2.000	1.941
Executing FF Gene Output
49	B	2.98

50	1	2.680	1.510	1.159
50	2	2.980	1.820	1.242
50	3	2.980	1.960	1.497
50	4	2.980	1.990	1.717
50	5	2.980	2.000	1.729
50	6	2.980	2.000	1.726
50	7	2.980	2.000	1.772
50	8	2.980	2.000	1.726
50	9	2.980	2.000	1.700
50	10	2.980	2.000	1.770
50	11	2.980	2.000	1.772
50	12	2.980	2.000	1.749
50	13	2.980	2.000	1.798
50	14	2.980	2.000	1.878
50	15	2.980	2.000	1.904
50	16	2.980	2.000	1.917
50	17	2.980	2.000	1.931
50	18	2.980	2.000	1.954
50	19	2.980	2.000	1.954
50	20	2.980	2.000	1.923
50	21	2.960	2.000	1.923
50	22	2.980	2.000	1.925
50	23	2.980	2.000	1.941
50	24	2.980	2.000	1.917
50	25	2.980	2.000	1.944
50	26	2.980	2.000	1.928
50	27	2.980	2.000	1.920
50	28	2.980	2.000	1.925
50	29	2.980	2.000	1.936
50	30	2.980	2.000	1.923
50	31	2.980	2.000	1.933
50	32	2.980	2.000	1.931
50	33	2.980	2.000	1.928
50	34	2.980	2.000	1.912
50	35	2.980	2.000	1.910
50	36	2.980	2.000	1.928
50	37	2.980	2.000	1.928
50	38	2.980	2.000	1.899
50	39	2.960	2.000	1.944
50	40	2.980	2.000	1.938
50	41	2.980	2.000	1.946
50	42	2.980	2.000	1.933
50	43	2.980	2.000	1.894
50	44	2.980	2.000	1.902
50	45	2.980	2.000	1.910
50	46	2.980	2.000	1.904
50	47	2.980	2.000	1.894
50	48	2.980	2.000	1.925
50	49	2.980	2.000	1.951
50	50	2.980	2.000	1.967
Executing FF Gene Output
50	B	2.98

Over All:
	Average Run Average Fitness: 1
	Average Run Best Fitness: 2
	Best Fitness: 2.98
	Best Chromo: Run 1: Generation 1: 335 936 3082 9449 7420 1867 5842 5721 8086 8128 2502 7074 7429 7200 3111 7976 8920 6121 2902 8432 4606 9041 9953 6900 6481 1653 1055 1836 3815 3248 5734 1838 2194 1245 565 6828 7844 6284 1076 9619 6212 1202 4942 3159 5495 5556 9975 7618 4333 287 2674 4949 7418 1253 5061 2543 1629 6748 7837 3493 4920 7342 8822 5451 4014 227 5246 5127 7094 9601 6989 9046 4532 2028 6164 414 6020 3075 4187 6592 5461 3976 1210 9567 5750 8993 9328 2871 1988 5661 4648 5340 9897 7819 7004 828 2123 4398 7620 6190 7932 4177 302 212 6490 2153 5216 2480 2722 4556 1276 7624 1636 7798 1280 3226 4355 6842 5335 9673 6979 722 8472 8657 2550 1738 8141 3466 1702 5090 755 4393 5793 2943 6213 3260 8519 789 3285 5363 6774 3753 6955 8597 6192 9386 2288 2356 5826 5928 4724 32 9313 1108 3277 4929 323 4051 1784 9206 1247 1867 437 9725 1436 6802 2022 7543 6974 7733 8329 5527 5931 2115 453 847 2201 5920 2153 4605 2179 4718 5223 9333 5369 3316 840 3530 5587 7890 850 7168 8209 3411 3094 2788 1946 7014 7746 7289 7029 9859 3932 5925 3884 8025 2083 8165 3685 2135 7727 7262 2537 3617 2086 1279 425 8334 8715 5165 1659 2805 4757 9272 4377 6023 1631 9422 1840 4288 9746 8276 7766 2045 9328 4237 4285 7685 2715 4782 1341 1307 4680 6846 5188 6233 2820 8906 3018 1048 9524 6312 3174 4120 8191 5161 
Start:  Sun Mar 20 23:06:01 EDT 2016
End  :  Sun Mar 20 23:07:45 EDT 2016
