
Parameter File Name is: hw3_t4t_all.params

Setting up Fitness Function.....Iterated Prisoner's Dilemma
1	1	4.871	3.900	1.923
1	2	4.938	3.970	2.307
1	3	4.938	3.950	2.568
1	4	4.958	4.000	2.839
1	5	4.958	4.000	2.837
1	6	4.958	3.960	2.653
1	7	4.958	4.000	2.841
1	8	4.958	4.000	2.843
1	9	4.958	4.000	2.841
1	10	4.958	4.000	2.693
1	11	4.958	4.000	2.701
1	12	4.958	4.000	2.689
1	13	4.958	4.000	2.843
1	14	4.958	4.000	2.843
1	15	4.958	4.000	2.843
1	16	4.999	3.990	2.682
1	17	4.999	4.000	2.843
1	18	4.999	4.000	2.843
1	19	4.999	4.000	2.843
1	20	4.999	4.000	2.682
1	21	4.999	4.000	2.843
1	22	4.999	4.000	2.843
1	23	4.999	4.000	2.843
1	24	4.999	4.000	2.843
1	25	4.999	4.000	2.841
1	26	4.999	4.000	2.843
1	27	4.999	4.000	2.843
1	28	4.999	4.000	2.843
1	29	4.999	4.000	2.725
1	30	4.999	4.000	2.839
1	31	4.999	4.000	2.715
1	32	4.999	4.000	2.843
1	33	4.999	4.000	2.843
1	34	4.999	4.000	2.598
1	35	4.999	4.000	2.564
1	36	4.999	4.000	2.594
1	37	4.999	4.000	2.841
1	38	4.999	4.000	2.754
1	39	4.999	4.000	2.843
1	40	4.999	4.000	2.841
1	41	4.999	4.000	2.841
1	42	4.999	4.000	2.843
1	43	4.999	4.000	2.843
1	44	4.999	4.000	2.843
1	45	4.999	4.000	2.843
1	46	4.999	4.000	2.841
1	47	4.999	4.000	2.843
1	48	4.999	4.000	2.843
1	49	4.999	4.000	2.841
1	50	4.999	4.000	2.843
Executing FF Gene Output
1	B	4.9991666666666665

2	1	4.917	3.880	1.855
2	2	4.918	3.960	2.155
2	3	4.923	3.960	2.582
2	4	4.944	4.000	2.836
2	5	4.944	4.000	2.839
2	6	4.949	3.990	2.827
2	7	4.958	4.000	2.843
2	8	4.958	4.000	2.843
2	9	4.958	4.000	2.843
2	10	4.958	4.000	2.843
2	11	4.958	4.000	2.843
2	12	4.958	4.000	2.843
2	13	4.958	4.000	2.843
2	14	4.958	4.000	2.843
2	15	4.958	4.000	2.843
2	16	4.958	4.000	2.828
2	17	4.958	4.000	2.843
2	18	4.958	4.000	2.843
2	19	4.958	4.000	2.841
2	20	4.958	4.000	2.843
2	21	4.958	4.000	2.841
2	22	4.958	4.000	2.828
2	23	4.958	3.990	2.828
2	24	4.958	4.000	2.841
2	25	4.958	4.000	2.843
2	26	4.958	4.000	2.843
2	27	4.958	4.000	2.843
2	28	4.958	4.000	2.843
2	29	4.958	4.000	2.843
2	30	4.958	3.980	2.814
2	31	4.958	4.000	2.841
2	32	4.958	4.000	2.841
2	33	4.958	3.990	2.836
2	34	4.958	3.990	2.832
2	35	4.958	4.000	2.843
2	36	4.958	4.000	2.841
2	37	4.958	3.990	2.823
2	38	4.958	4.000	2.843
2	39	4.958	4.000	2.841
2	40	4.958	4.000	2.837
2	41	4.958	3.990	2.834
2	42	4.958	3.990	2.819
2	43	4.958	4.000	2.843
2	44	4.958	4.000	2.839
2	45	4.958	4.000	2.841
2	46	4.958	4.000	2.843
2	47	4.958	4.000	2.841
2	48	4.958	4.000	2.832
2	49	4.958	4.000	2.832
2	50	4.958	4.000	2.843
Executing FF Gene Output
2	B	4.958333333333333

3	1	4.789	3.900	1.772
3	2	4.982	4.000	2.566
3	3	4.958	4.000	2.789
3	4	4.958	4.000	2.839
3	5	4.958	4.000	2.841
3	6	4.958	4.000	2.843
3	7	4.958	4.000	2.841
3	8	4.958	4.000	2.782
3	9	4.958	4.000	2.805
3	10	4.958	4.000	2.841
3	11	4.958	4.000	2.837
3	12	4.958	4.000	2.837
3	13	4.958	4.000	2.843
3	14	4.958	4.000	2.841
3	15	4.958	4.000	2.841
3	16	4.972	4.000	2.836
3	17	4.972	4.000	2.839
3	18	4.972	4.000	2.843
3	19	4.972	4.000	2.841
3	20	4.972	4.000	2.843
3	21	4.983	4.000	2.843
3	22	4.983	4.000	2.841
3	23	4.983	4.000	2.841
3	24	4.983	4.000	2.828
3	25	4.983	4.000	2.841
3	26	4.983	4.000	2.841
3	27	4.983	4.000	2.839
3	28	4.998	4.000	2.841
3	29	4.998	4.000	2.841
3	30	4.998	4.000	2.841
3	31	4.998	4.000	2.843
3	32	4.998	4.000	2.827
3	33	4.998	4.000	2.796
3	34	4.998	4.000	2.843
3	35	4.998	4.000	2.843
3	36	4.998	4.000	2.843
3	37	4.998	4.000	2.828
3	38	4.998	4.000	2.843
3	39	4.998	4.000	2.843
3	40	4.998	4.000	2.843
3	41	4.998	4.000	2.825
3	42	4.998	4.000	2.843
3	43	4.998	4.000	2.843
3	44	4.998	4.000	2.843
3	45	4.998	4.000	2.843
3	46	4.998	4.000	2.843
3	47	4.998	4.000	2.843
3	48	4.998	4.000	2.843
3	49	4.998	4.000	2.841
3	50	4.998	4.000	2.841
Executing FF Gene Output
3	B	4.998333333333334

4	1	4.892	3.860	1.853
4	2	4.978	4.000	2.684
4	3	4.978	4.000	2.836
4	4	4.978	4.000	2.837
4	5	4.978	4.000	2.827
4	6	4.978	4.000	2.843
4	7	4.978	4.000	2.841
4	8	4.978	4.000	2.841
4	9	4.983	4.000	2.843
4	10	4.983	4.000	2.836
4	11	4.998	4.000	2.843
4	12	4.998	4.000	2.843
4	13	4.998	4.000	2.816
4	14	4.998	4.000	2.830
4	15	4.998	4.000	2.843
4	16	4.998	4.000	2.841
4	17	4.998	3.980	2.819
4	18	4.998	3.990	2.836
4	19	4.998	4.000	2.843
4	20	4.998	4.000	2.841
4	21	4.998	3.990	2.834
4	22	4.998	4.000	2.843
4	23	4.998	4.000	2.843
4	24	4.998	4.000	2.839
4	25	4.998	4.000	2.841
4	26	4.998	4.000	2.841
4	27	4.998	4.000	2.841
4	28	4.998	4.000	2.823
4	29	4.998	4.000	2.843
4	30	4.998	4.000	2.843
4	31	4.998	4.000	2.843
4	32	4.998	4.000	2.839
4	33	4.998	4.000	2.843
4	34	4.998	3.990	2.841
4	35	4.998	3.990	2.841
4	36	4.998	4.000	2.843
4	37	4.998	4.000	2.843
4	38	4.998	4.000	2.803
4	39	4.998	4.000	2.841
4	40	4.998	4.000	2.843
4	41	4.998	4.000	2.843
4	42	4.998	4.000	2.843
4	43	4.998	4.000	2.843
4	44	4.998	4.000	2.843
4	45	4.998	4.000	2.816
4	46	4.998	4.000	2.843
4	47	4.998	4.000	2.843
4	48	4.998	4.000	2.843
4	49	4.998	4.000	2.809
4	50	4.998	4.000	2.843
Executing FF Gene Output
4	B	4.998333333333334

5	1	4.788	3.870	1.787
5	2	4.955	4.000	2.605
5	3	4.963	3.990	2.697
5	4	4.963	3.930	2.686
5	5	4.966	3.990	2.803
5	6	4.994	4.000	2.837
5	7	4.998	3.990	2.814
5	8	4.998	3.990	2.825
5	9	4.998	4.000	2.841
5	10	4.998	4.000	2.837
5	11	4.998	4.000	2.841
5	12	4.998	3.990	2.823
5	13	4.998	4.000	2.839
5	14	4.998	4.000	2.839
5	15	4.998	4.000	2.841
5	16	4.998	4.000	2.843
5	17	4.998	4.000	2.843
5	18	4.998	3.820	2.544
5	19	4.998	3.890	2.685
5	20	4.998	4.000	2.841
5	21	4.998	3.850	2.685
5	22	4.998	4.000	2.843
5	23	4.998	4.000	2.843
5	24	4.998	4.000	2.843
5	25	4.998	4.000	2.843
5	26	4.998	4.000	2.843
5	27	4.998	4.000	2.843
5	28	4.998	3.920	2.727
5	29	4.998	4.000	2.843
5	30	4.998	3.910	2.723
5	31	4.998	4.000	2.843
5	32	4.998	4.000	2.843
5	33	4.998	3.860	2.650
5	34	4.998	4.000	2.843
5	35	4.998	4.000	2.843
5	36	4.998	4.000	2.843
5	37	4.998	4.000	2.843
5	38	4.998	3.930	2.761
5	39	4.998	3.760	2.563
5	40	4.998	3.890	2.681
5	41	4.998	4.000	2.843
5	42	4.998	4.000	2.843
5	43	4.998	3.940	2.728
5	44	4.998	3.990	2.828
5	45	4.998	4.000	2.843
5	46	4.998	4.000	2.843
5	47	4.998	4.000	2.843
5	48	4.998	3.870	2.648
5	49	4.998	4.000	2.843
5	50	4.998	4.000	2.843
Executing FF Gene Output
5	B	4.9975

6	1	4.815	3.840	1.863
6	2	4.958	3.980	2.576
6	3	4.958	3.990	2.778
6	4	4.958	4.000	2.837
6	5	4.958	4.000	2.839
6	6	4.958	3.980	2.823
6	7	4.966	3.990	2.839
6	8	4.966	4.000	2.841
6	9	4.967	4.000	2.819
6	10	4.967	4.000	2.843
6	11	4.967	4.000	2.841
6	12	4.967	4.000	2.843
6	13	4.972	4.000	2.843
6	14	4.972	4.000	2.843
6	15	4.978	4.000	2.843
6	16	4.978	4.000	2.843
6	17	4.978	4.000	2.841
6	18	4.978	4.000	2.843
6	19	4.978	4.000	2.823
6	20	4.978	4.000	2.821
6	21	4.978	4.000	2.823
6	22	4.978	4.000	2.823
6	23	4.983	4.000	2.800
6	24	4.983	4.000	2.825
6	25	4.983	4.000	2.841
6	26	4.983	4.000	2.843
6	27	4.983	4.000	2.843
6	28	4.983	4.000	2.843
6	29	4.998	4.000	2.843
6	30	4.998	4.000	2.843
6	31	4.998	3.980	2.767
6	32	4.998	4.000	2.843
6	33	4.998	4.000	2.843
6	34	4.999	4.000	2.843
6	35	4.999	4.000	2.843
6	36	4.999	4.000	2.825
6	37	4.999	4.000	2.825
6	38	4.999	4.000	2.843
6	39	4.999	4.000	2.841
6	40	4.999	4.000	2.843
6	41	4.999	4.000	2.841
6	42	4.999	4.000	2.843
6	43	4.999	4.000	2.843
6	44	4.999	4.000	2.843
6	45	4.999	4.000	2.830
6	46	4.999	4.000	2.841
6	47	4.999	4.000	2.843
6	48	4.999	4.000	2.843
6	49	4.999	4.000	2.843
6	50	4.999	4.000	2.843
Executing FF Gene Output
6	B	4.9991666666666665

7	1	4.840	3.890	1.831
7	2	4.944	4.000	2.433
7	3	4.944	4.000	2.730
7	4	4.958	4.000	2.839
7	5	4.971	4.000	2.843
7	6	4.971	4.000	2.843
7	7	4.971	4.000	2.841
7	8	4.971	4.000	2.841
7	9	4.971	4.000	2.843
7	10	4.971	4.000	2.843
7	11	4.971	4.000	2.843
7	12	4.971	3.890	2.743
7	13	4.971	4.000	2.843
7	14	4.971	4.000	2.841
7	15	4.971	4.000	2.843
7	16	4.971	4.000	2.843
7	17	4.971	4.000	2.843
7	18	4.971	4.000	2.841
7	19	4.971	4.000	2.841
7	20	4.971	3.920	2.724
7	21	4.971	4.000	2.843
7	22	4.971	4.000	2.843
7	23	4.971	3.990	2.803
7	24	4.971	4.000	2.843
7	25	4.971	4.000	2.843
7	26	4.971	4.000	2.843
7	27	4.971	4.000	2.843
7	28	4.971	4.000	2.841
7	29	4.971	3.930	2.658
7	30	4.971	3.900	2.704
7	31	4.971	4.000	2.843
7	32	4.971	3.900	2.706
7	33	4.971	4.000	2.841
7	34	4.971	4.000	2.841
7	35	4.971	4.000	2.843
7	36	4.971	4.000	2.843
7	37	4.971	4.000	2.843
7	38	4.971	3.990	2.796
7	39	4.971	4.000	2.843
7	40	4.971	4.000	2.843
7	41	4.971	4.000	2.841
7	42	4.971	3.930	2.647
7	43	4.971	4.000	2.843
7	44	4.971	4.000	2.843
7	45	4.971	4.000	2.843
7	46	4.971	4.000	2.843
7	47	4.971	4.000	2.843
7	48	4.971	4.000	2.843
7	49	4.971	4.000	2.843
7	50	4.971	4.000	2.843
Executing FF Gene Output
7	B	4.970833333333334

8	1	4.908	3.910	1.832
8	2	4.958	3.990	2.640
8	3	4.958	3.990	2.661
8	4	4.958	4.000	2.837
8	5	4.958	4.000	2.841
8	6	4.966	4.000	2.843
8	7	4.966	4.000	2.843
8	8	4.972	4.000	2.821
8	9	4.972	4.000	2.825
8	10	4.972	4.000	2.839
8	11	4.978	4.000	2.841
8	12	4.978	4.000	2.843
8	13	4.978	4.000	2.843
8	14	4.978	4.000	2.843
8	15	4.978	4.000	2.843
8	16	4.978	4.000	2.825
8	17	4.978	4.000	2.792
8	18	4.998	4.000	2.843
8	19	4.998	4.000	2.841
8	20	4.998	4.000	2.843
8	21	4.998	4.000	2.818
8	22	4.998	4.000	2.843
8	23	4.998	4.000	2.843
8	24	4.998	4.000	2.841
8	25	4.998	4.000	2.841
8	26	4.998	4.000	2.839
8	27	4.998	4.000	2.841
8	28	4.998	4.000	2.825
8	29	4.998	4.000	2.839
8	30	4.998	4.000	2.843
8	31	4.998	4.000	2.841
8	32	4.998	4.000	2.843
8	33	4.998	4.000	2.843
8	34	4.998	4.000	2.828
8	35	4.998	4.000	2.803
8	36	4.998	4.000	2.843
8	37	4.998	4.000	2.841
8	38	4.998	4.000	2.843
8	39	4.998	4.000	2.807
8	40	4.998	4.000	2.843
8	41	4.998	4.000	2.841
8	42	4.998	4.000	2.843
8	43	4.998	4.000	2.843
8	44	4.998	4.000	2.843
8	45	4.998	4.000	2.843
8	46	4.998	4.000	2.823
8	47	4.998	4.000	2.843
8	48	4.998	4.000	2.843
8	49	4.998	4.000	2.827
8	50	4.998	4.000	2.843
Executing FF Gene Output
8	B	4.998333333333334

9	1	4.891	3.850	1.940
9	2	4.943	3.970	2.468
9	3	4.972	4.000	2.651
9	4	4.972	4.000	2.837
9	5	4.972	4.000	2.834
9	6	4.972	3.990	2.751
9	7	4.972	4.000	2.839
9	8	4.972	4.000	2.827
9	9	4.972	4.000	2.828
9	10	4.972	4.000	2.828
9	11	4.972	4.000	2.834
9	12	4.972	4.000	2.827
9	13	4.972	4.000	2.834
9	14	4.972	4.000	2.830
9	15	4.972	4.000	2.828
9	16	4.972	3.990	2.712
9	17	4.972	3.980	2.758
9	18	4.972	4.000	2.811
9	19	4.972	4.000	2.836
9	20	4.972	4.000	2.839
9	21	4.972	4.000	2.832
9	22	4.972	4.000	2.805
9	23	4.972	4.000	2.782
9	24	4.972	4.000	2.807
9	25	4.972	4.000	2.837
9	26	4.972	4.000	2.836
9	27	4.972	4.000	2.837
9	28	4.972	4.000	2.836
9	29	4.972	4.000	2.805
9	30	4.972	4.000	2.834
9	31	4.972	4.000	2.818
9	32	4.972	4.000	2.827
9	33	4.972	4.000	2.836
9	34	4.972	4.000	2.830
9	35	4.972	4.000	2.827
9	36	4.972	4.000	2.832
9	37	4.972	4.000	2.615
9	38	4.972	4.000	2.834
9	39	4.972	4.000	2.738
9	40	4.972	4.000	2.708
9	41	4.972	4.000	2.839
9	42	4.972	4.000	2.669
9	43	4.972	4.000	2.836
9	44	4.972	4.000	2.665
9	45	4.972	4.000	2.830
9	46	4.972	4.000	2.837
9	47	4.972	4.000	2.682
9	48	4.972	3.990	2.689
9	49	4.972	4.000	2.836
9	50	4.972	4.000	2.689
Executing FF Gene Output
9	B	4.971666666666667

10	1	4.936	3.900	2.156
10	2	4.963	3.970	2.597
10	3	4.963	4.000	2.836
10	4	4.997	4.000	2.839
10	5	4.997	4.000	2.836
10	6	4.997	4.000	2.843
10	7	4.997	4.000	2.839
10	8	4.997	4.000	2.839
10	9	4.998	4.000	2.837
10	10	4.998	4.000	2.839
10	11	4.998	4.000	2.839
10	12	4.998	4.000	2.837
10	13	4.998	4.000	2.837
10	14	4.998	4.000	2.843
10	15	4.998	3.880	2.675
10	16	4.998	4.000	2.843
10	17	4.998	4.000	2.836
10	18	4.998	4.000	2.839
10	19	4.998	4.000	2.837
10	20	4.998	4.000	2.837
10	21	4.998	4.000	2.843
10	22	4.998	4.000	2.839
10	23	4.998	3.950	2.672
10	24	4.998	4.000	2.841
10	25	4.998	3.940	2.705
10	26	4.998	3.910	2.699
10	27	4.998	4.000	2.843
10	28	4.998	4.000	2.841
10	29	4.998	4.000	2.837
10	30	4.998	4.000	2.841
10	31	4.998	3.990	2.743
10	32	4.998	3.990	2.751
10	33	4.998	4.000	2.836
10	34	4.998	4.000	2.836
10	35	4.998	4.000	2.832
10	36	4.998	4.000	2.839
10	37	4.998	4.000	2.837
10	38	4.998	4.000	2.839
10	39	4.998	4.000	2.839
10	40	4.998	4.000	2.839
10	41	4.998	3.990	2.825
10	42	4.998	3.990	2.827
10	43	4.998	4.000	2.843
10	44	4.998	4.000	2.843
10	45	4.998	4.000	2.836
10	46	4.998	4.000	2.839
10	47	4.998	4.000	2.837
10	48	4.998	4.000	2.843
10	49	4.998	3.990	2.837
10	50	4.998	4.000	2.837
Executing FF Gene Output
10	B	4.998333333333334

11	1	4.883	3.860	1.899
11	2	4.951	3.980	2.433
11	3	4.972	4.000	2.834
11	4	4.972	4.000	2.841
11	5	4.972	4.000	2.843
11	6	4.972	4.000	2.843
11	7	4.972	4.000	2.843
11	8	4.972	4.000	2.843
11	9	4.972	4.000	2.841
11	10	4.972	4.000	2.843
11	11	4.972	4.000	2.841
11	12	4.972	4.000	2.841
11	13	4.972	4.000	2.843
11	14	4.972	4.000	2.830
11	15	4.972	4.000	2.843
11	16	4.972	4.000	2.843
11	17	4.972	4.000	2.843
11	18	4.972	4.000	2.839
11	19	4.972	4.000	2.843
11	20	4.972	4.000	2.843
11	21	4.972	4.000	2.843
11	22	4.972	3.990	2.837
11	23	4.972	3.990	2.841
11	24	4.972	4.000	2.839
11	25	4.972	4.000	2.843
11	26	4.972	4.000	2.843
11	27	4.972	4.000	2.843
11	28	4.972	4.000	2.841
11	29	4.972	4.000	2.843
11	30	4.972	3.990	2.839
11	31	4.972	4.000	2.843
11	32	4.972	4.000	2.841
11	33	4.972	4.000	2.841
11	34	4.972	4.000	2.843
11	35	4.972	4.000	2.827
11	36	4.972	4.000	2.825
11	37	4.972	4.000	2.807
11	38	4.972	4.000	2.827
11	39	4.972	4.000	2.841
11	40	4.972	4.000	2.839
11	41	4.972	4.000	2.841
11	42	4.972	4.000	2.841
11	43	4.972	4.000	2.841
11	44	4.972	4.000	2.843
11	45	4.972	4.000	2.843
11	46	4.972	4.000	2.843
11	47	4.972	4.000	2.843
11	48	4.972	4.000	2.843
11	49	4.972	4.000	2.841
11	50	4.972	4.000	2.843
Executing FF Gene Output
11	B	4.971666666666667

12	1	4.883	3.920	1.937
12	2	4.962	3.990	2.605
12	3	4.962	4.000	2.828
12	4	4.962	4.000	2.765
12	5	4.962	3.990	2.773
12	6	4.962	4.000	2.834
12	7	4.962	4.000	2.836
12	8	4.962	4.000	2.796
12	9	4.962	4.000	2.796
12	10	4.962	4.000	2.837
12	11	4.962	4.000	2.836
12	12	4.962	4.000	2.776
12	13	4.962	4.000	2.839
12	14	4.962	4.000	2.836
12	15	4.962	4.000	2.834
12	16	4.962	4.000	2.839
12	17	4.978	4.000	2.830
12	18	4.978	4.000	2.832
12	19	4.983	4.000	2.834
12	20	4.983	4.000	2.836
12	21	4.983	4.000	2.837
12	22	4.983	4.000	2.839
12	23	4.983	4.000	2.841
12	24	4.983	4.000	2.843
12	25	4.983	4.000	2.843
12	26	4.983	4.000	2.843
12	27	4.983	4.000	2.841
12	28	4.983	4.000	2.839
12	29	4.983	3.940	2.726
12	30	4.983	4.000	2.841
12	31	4.983	4.000	2.837
12	32	4.983	4.000	2.843
12	33	4.983	3.930	2.686
12	34	4.983	4.000	2.843
12	35	4.983	4.000	2.843
12	36	4.983	3.990	2.776
12	37	4.983	4.000	2.843
12	38	4.983	4.000	2.843
12	39	4.983	4.000	2.841
12	40	4.983	4.000	2.758
12	41	4.983	3.980	2.599
12	42	4.983	4.000	2.719
12	43	4.983	4.000	2.697
12	44	4.983	3.990	2.714
12	45	4.983	4.000	2.841
12	46	4.983	3.980	2.630
12	47	4.983	4.000	2.691
12	48	4.983	4.000	2.843
12	49	4.983	4.000	2.843
12	50	4.983	4.000	2.843
Executing FF Gene Output
12	B	4.9825

13	1	4.797	3.860	1.790
13	2	4.958	3.990	2.543
13	3	4.958	4.000	2.816
13	4	4.958	4.000	2.843
13	5	4.958	4.000	2.796
13	6	4.971	4.000	2.843
13	7	4.971	4.000	2.843
13	8	4.971	4.000	2.841
13	9	4.971	4.000	2.841
13	10	4.971	4.000	2.841
13	11	4.971	4.000	2.843
13	12	4.971	4.000	2.841
13	13	5.109	4.010	2.818
13	14	4.971	4.000	2.843
13	15	4.971	4.000	2.843
13	16	4.971	4.000	2.843
13	17	4.971	4.000	2.843
13	18	4.971	4.000	2.843
13	19	4.971	4.000	2.843
13	20	4.971	4.000	2.843
13	21	4.971	4.000	2.828
13	22	4.971	4.000	2.828
13	23	4.971	4.000	2.843
13	24	4.971	4.000	2.843
13	25	4.971	4.000	2.809
13	26	4.982	4.000	2.825
13	27	4.971	4.000	2.843
13	28	4.971	4.000	2.843
13	29	4.971	4.000	2.830
13	30	4.971	4.000	2.843
13	31	4.971	4.000	2.807
13	32	4.971	4.000	2.843
13	33	4.971	4.000	2.843
13	34	4.971	4.000	2.827
13	35	4.971	4.000	2.841
13	36	4.971	4.000	2.843
13	37	4.971	4.000	2.823
13	38	4.971	4.000	2.841
13	39	4.971	4.000	2.841
13	40	4.971	3.990	2.821
13	41	4.971	4.000	2.843
13	42	4.971	4.000	2.843
13	43	4.971	4.000	2.839
13	44	4.971	4.000	2.841
13	45	4.971	4.000	2.843
13	46	4.971	4.000	2.843
13	47	4.971	4.000	2.828
13	48	4.971	4.000	2.843
13	49	4.971	4.000	2.843
13	50	4.971	4.000	2.843
Executing FF Gene Output
13	B	5.109166666666668

14	1	4.900	3.950	1.956
14	2	4.951	3.990	2.701
14	3	4.951	4.000	2.800
14	4	4.951	4.000	2.843
14	5	4.956	4.000	2.843
14	6	4.965	4.000	2.843
14	7	4.965	4.000	2.843
14	8	4.966	4.000	2.843
14	9	4.971	4.000	2.843
14	10	4.972	4.000	2.843
14	11	4.972	4.000	2.843
14	12	4.972	4.000	2.823
14	13	4.975	4.000	2.787
14	14	4.975	4.000	2.809
14	15	4.983	4.000	2.843
14	16	4.983	4.000	2.843
14	17	4.983	4.000	2.843
14	18	4.983	4.000	2.841
14	19	4.983	4.000	2.841
14	20	4.998	4.000	2.843
14	21	4.998	4.000	2.843
14	22	4.998	4.000	2.843
14	23	4.998	4.000	2.843
14	24	4.998	4.000	2.843
14	25	4.998	4.000	2.832
14	26	4.998	4.000	2.843
14	27	4.998	4.000	2.821
14	28	4.998	4.000	2.836
14	29	4.998	4.000	2.843
14	30	4.998	4.000	2.834
14	31	4.998	4.000	2.843
14	32	4.998	4.000	2.843
14	33	4.998	4.000	2.843
14	34	4.998	4.000	2.843
14	35	4.998	4.000	2.843
14	36	4.998	4.000	2.843
14	37	4.998	4.000	2.843
14	38	4.998	3.990	2.841
14	39	4.998	4.000	2.843
14	40	4.998	4.000	2.843
14	41	4.998	4.000	2.843
14	42	4.998	4.000	2.841
14	43	4.998	4.000	2.843
14	44	4.998	4.000	2.825
14	45	4.998	4.000	2.843
14	46	4.998	4.000	2.843
14	47	4.998	4.000	2.843
14	48	4.998	4.000	2.843
14	49	4.998	4.000	2.830
14	50	4.998	4.000	2.841
Executing FF Gene Output
14	B	4.998333333333334

15	1	4.795	3.820	1.675
15	2	4.970	3.970	2.554
15	3	4.970	4.000	2.758
15	4	4.971	4.000	2.843
15	5	4.998	4.000	2.828
15	6	4.998	4.000	2.841
15	7	4.998	4.000	2.843
15	8	4.998	4.000	2.836
15	9	4.998	4.000	2.834
15	10	4.998	4.000	2.843
15	11	4.998	4.000	2.841
15	12	4.998	4.000	2.834
15	13	4.998	4.000	2.843
15	14	4.998	4.000	2.843
15	15	4.998	4.000	2.843
15	16	4.998	4.000	2.843
15	17	4.998	4.000	2.843
15	18	4.998	4.000	2.843
15	19	4.998	4.000	2.837
15	20	4.998	4.000	2.843
15	21	4.998	4.000	2.843
15	22	4.999	4.000	2.843
15	23	4.999	4.000	2.721
15	24	4.999	3.980	2.625
15	25	4.999	4.000	2.843
15	26	4.999	4.000	2.843
15	27	4.999	4.000	2.843
15	28	4.999	4.000	2.841
15	29	4.999	4.000	2.843
15	30	4.999	4.000	2.843
15	31	4.999	4.000	2.843
15	32	4.999	4.000	2.828
15	33	4.999	4.000	2.843
15	34	4.999	4.000	2.843
15	35	4.999	4.000	2.843
15	36	4.999	4.000	2.843
15	37	4.999	4.000	2.843
15	38	4.999	4.000	2.843
15	39	4.999	4.000	2.843
15	40	4.999	4.000	2.843
15	41	4.999	4.000	2.843
15	42	4.999	4.000	2.843
15	43	4.999	4.000	2.843
15	44	4.999	3.790	2.522
15	45	4.999	3.900	2.672
15	46	4.999	3.940	2.683
15	47	4.999	4.000	2.843
15	48	4.999	4.000	2.843
15	49	4.999	4.000	2.843
15	50	4.999	4.000	2.843
Executing FF Gene Output
15	B	4.9991666666666665

16	1	4.828	3.890	1.678
16	2	4.927	3.980	2.508
16	3	4.927	4.000	2.836
16	4	4.932	4.000	2.839
16	5	4.940	4.000	2.792
16	6	4.948	4.000	2.843
16	7	4.956	4.000	2.843
16	8	4.956	4.000	2.843
16	9	4.961	4.000	2.843
16	10	4.961	3.980	2.678
16	11	4.961	4.000	2.843
16	12	4.963	4.000	2.841
16	13	4.963	4.000	2.841
16	14	4.963	4.000	2.843
16	15	4.963	4.000	2.819
16	16	4.996	4.000	2.843
16	17	4.996	4.000	2.843
16	18	4.996	4.000	2.843
16	19	4.997	4.000	2.843
16	20	4.997	4.000	2.843
16	21	4.998	4.000	2.843
16	22	4.998	4.000	2.834
16	23	4.998	4.000	2.843
16	24	4.998	4.000	2.843
16	25	4.998	4.000	2.836
16	26	4.998	4.000	2.843
16	27	4.998	4.000	2.843
16	28	4.998	4.000	2.834
16	29	4.998	4.000	2.834
16	30	4.998	4.000	2.827
16	31	4.998	4.000	2.843
16	32	4.998	4.000	2.843
16	33	4.998	4.000	2.843
16	34	4.998	4.000	2.843
16	35	4.998	4.000	2.841
16	36	4.998	4.000	2.843
16	37	4.998	4.000	2.843
16	38	4.998	4.000	2.843
16	39	4.998	4.000	2.798
16	40	4.998	4.000	2.843
16	41	4.998	4.000	2.843
16	42	4.998	4.000	2.756
16	43	4.998	4.000	2.782
16	44	4.998	4.000	2.843
16	45	4.998	4.000	2.802
16	46	4.998	4.000	2.843
16	47	4.998	4.000	2.841
16	48	4.998	4.000	2.843
16	49	4.998	4.000	2.841
16	50	4.998	4.000	2.783
Executing FF Gene Output
16	B	4.998333333333334

17	1	4.861	3.840	1.698
17	2	4.941	3.890	2.329
17	3	4.943	4.000	2.627
17	4	4.947	4.000	2.763
17	5	4.960	4.000	2.841
17	6	4.960	3.980	2.723
17	7	4.960	4.000	2.783
17	8	4.978	4.000	2.843
17	9	4.981	4.000	2.843
17	10	4.981	4.000	2.843
17	11	4.981	4.000	2.843
17	12	4.981	4.000	2.843
17	13	4.981	4.000	2.841
17	14	4.981	4.000	2.843
17	15	4.981	4.000	2.843
17	16	4.996	4.000	2.843
17	17	4.996	4.000	2.843
17	18	4.996	4.000	2.843
17	19	4.996	4.000	2.843
17	20	4.996	4.000	2.843
17	21	4.997	4.000	2.828
17	22	4.997	4.000	2.843
17	23	4.997	4.000	2.843
17	24	4.997	4.000	2.843
17	25	4.997	4.000	2.841
17	26	4.997	4.000	2.843
17	27	4.997	4.000	2.843
17	28	4.997	4.000	2.663
17	29	4.997	4.000	2.843
17	30	4.997	4.000	2.837
17	31	4.997	4.000	2.706
17	32	4.997	4.000	2.843
17	33	4.997	4.000	2.843
17	34	4.997	4.000	2.843
17	35	4.997	4.000	2.736
17	36	4.997	4.000	2.843
17	37	4.997	4.000	2.723
17	38	4.997	4.000	2.632
17	39	4.997	4.000	2.843
17	40	4.997	4.000	2.843
17	41	4.997	4.000	2.843
17	42	4.997	4.000	2.843
17	43	4.997	4.000	2.843
17	44	4.997	4.000	2.629
17	45	4.997	4.000	2.623
17	46	4.997	4.000	2.596
17	47	4.997	4.000	2.843
17	48	4.997	4.000	2.843
17	49	4.997	4.000	2.843
17	50	4.997	4.000	2.843
Executing FF Gene Output
17	B	4.996666666666667

18	1	4.938	3.850	1.964
18	2	4.958	3.990	2.640
18	3	4.959	4.000	2.805
18	4	4.999	4.000	2.836
18	5	4.999	4.000	2.841
18	6	4.999	4.000	2.836
18	7	4.999	4.000	2.841
18	8	4.999	4.000	2.839
18	9	4.999	4.000	2.839
18	10	4.999	4.000	2.841
18	11	4.999	4.000	2.843
18	12	4.999	4.000	2.836
18	13	4.999	4.000	2.834
18	14	4.999	4.000	2.839
18	15	4.999	4.000	2.839
18	16	4.999	4.000	2.843
18	17	4.999	4.000	2.843
18	18	4.999	4.000	2.830
18	19	4.999	4.000	2.843
18	20	4.999	4.000	2.843
18	21	4.999	4.000	2.841
18	22	4.999	4.000	2.841
18	23	4.999	4.000	2.843
18	24	4.999	4.000	2.843
18	25	4.999	4.000	2.843
18	26	4.999	4.000	2.843
18	27	4.999	4.000	2.828
18	28	4.999	4.000	2.841
18	29	4.999	4.000	2.843
18	30	4.999	4.000	2.843
18	31	4.999	4.000	2.843
18	32	4.999	4.000	2.843
18	33	4.999	4.000	2.843
18	34	4.999	4.000	2.843
18	35	4.999	4.000	2.843
18	36	4.999	4.000	2.843
18	37	4.999	4.000	2.841
18	38	4.999	4.000	2.843
18	39	4.999	4.000	2.843
18	40	4.999	4.000	2.841
18	41	4.999	3.990	2.834
18	42	4.999	4.000	2.821
18	43	4.999	3.990	2.834
18	44	4.999	4.000	2.843
18	45	4.999	3.980	2.825
18	46	4.999	4.000	2.841
18	47	4.999	4.000	2.825
18	48	4.999	4.000	2.843
18	49	4.999	4.000	2.843
18	50	4.999	4.000	2.843
Executing FF Gene Output
18	B	4.9991666666666665

19	1	4.812	3.760	1.854
19	2	4.972	3.970	2.566
19	3	4.978	3.960	2.680
19	4	4.978	4.000	2.814
19	5	4.978	4.000	2.830
19	6	4.998	4.000	2.843
19	7	4.999	4.000	2.843
19	8	4.999	4.000	2.843
19	9	4.999	4.000	2.843
19	10	4.999	4.000	2.650
19	11	4.999	4.000	2.592
19	12	4.999	4.000	2.841
19	13	4.999	4.000	2.841
19	14	4.999	4.000	2.843
19	15	4.999	4.000	2.843
19	16	4.999	4.000	2.841
19	17	4.999	4.000	2.841
19	18	4.999	4.000	2.841
19	19	4.999	4.000	2.827
19	20	4.999	4.000	2.841
19	21	4.999	4.000	2.841
19	22	4.999	4.000	2.843
19	23	4.999	4.000	2.843
19	24	4.999	4.000	2.841
19	25	4.999	4.000	2.843
19	26	4.999	4.000	2.843
19	27	4.999	4.000	2.841
19	28	4.999	4.000	2.841
19	29	4.999	4.000	2.828
19	30	4.999	4.000	2.841
19	31	4.999	4.000	2.841
19	32	4.999	4.000	2.841
19	33	4.999	4.000	2.843
19	34	4.999	4.000	2.843
19	35	4.999	4.000	2.837
19	36	4.999	4.000	2.843
19	37	4.999	4.000	2.773
19	38	4.999	4.000	2.837
19	39	4.999	4.000	2.841
19	40	4.999	4.000	2.839
19	41	4.999	4.000	2.701
19	42	4.999	4.000	2.712
19	43	4.999	4.000	2.843
19	44	4.999	4.000	2.839
19	45	4.999	4.000	2.814
19	46	4.999	4.000	2.825
19	47	4.999	4.000	2.827
19	48	4.999	4.000	2.839
19	49	4.999	4.000	2.841
19	50	4.999	4.000	2.839
Executing FF Gene Output
19	B	4.9991666666666665

20	1	4.896	3.820	1.971
20	2	4.958	4.000	2.629
20	3	4.973	4.000	2.730
20	4	4.999	4.000	2.837
20	5	4.999	4.000	2.843
20	6	4.999	4.000	2.812
20	7	4.999	4.000	2.843
20	8	4.999	4.000	2.843
20	9	4.999	4.000	2.830
20	10	4.999	4.000	2.827
20	11	4.999	4.000	2.843
20	12	4.999	4.000	2.843
20	13	4.999	4.000	2.841
20	14	4.999	4.000	2.843
20	15	4.999	4.000	2.841
20	16	4.999	4.000	2.839
20	17	4.999	4.000	2.841
20	18	4.999	4.000	2.843
20	19	4.999	4.000	2.843
20	20	4.999	4.000	2.843
20	21	4.999	4.000	2.843
20	22	4.999	4.000	2.836
20	23	4.999	4.000	2.843
20	24	4.999	4.000	2.839
20	25	4.999	4.000	2.843
20	26	4.999	4.000	2.843
20	27	4.999	4.000	2.843
20	28	4.999	4.000	2.830
20	29	4.999	4.000	2.843
20	30	4.999	4.000	2.843
20	31	4.999	4.000	2.843
20	32	4.999	4.000	2.841
20	33	4.999	4.000	2.843
20	34	4.999	4.000	2.843
20	35	4.999	4.000	2.843
20	36	4.999	4.000	2.843
20	37	4.999	4.000	2.843
20	38	4.999	4.000	2.843
20	39	4.999	4.000	2.843
20	40	4.999	4.000	2.843
20	41	4.999	4.000	2.832
20	42	4.999	4.000	2.841
20	43	4.999	4.000	2.843
20	44	4.999	4.000	2.828
20	45	4.999	4.000	2.843
20	46	4.999	4.000	2.839
20	47	4.999	4.000	2.843
20	48	4.999	4.000	2.843
20	49	4.999	4.000	2.841
20	50	4.999	4.000	2.828
Executing FF Gene Output
20	B	4.9991666666666665

21	1	4.917	3.820	1.969
21	2	4.970	3.980	2.663
21	3	4.970	4.000	2.834
21	4	4.970	4.000	2.827
21	5	4.971	4.000	2.841
21	6	4.971	4.000	2.841
21	7	4.971	4.000	2.843
21	8	4.971	4.000	2.843
21	9	4.971	4.000	2.841
21	10	4.971	4.000	2.841
21	11	4.971	4.000	2.841
21	12	4.971	4.000	2.843
21	13	5.063	4.000	2.821
21	14	4.971	3.990	2.825
21	15	4.971	4.000	2.843
21	16	4.971	4.000	2.843
21	17	4.971	4.000	2.843
21	18	4.971	4.000	2.841
21	19	4.971	4.000	2.839
21	20	4.971	4.000	2.843
21	21	4.971	4.000	2.841
21	22	5.018	4.010	2.807
21	23	5.018	4.000	2.811
21	24	4.971	4.000	2.843
21	25	4.971	4.000	2.843
21	26	4.971	4.000	2.843
21	27	4.971	4.000	2.841
21	28	4.971	4.000	2.841
21	29	4.971	3.840	2.633
21	30	4.971	4.000	2.841
21	31	4.971	4.000	2.841
21	32	4.971	4.000	2.839
21	33	4.971	4.000	2.843
21	34	4.971	4.000	2.843
21	35	4.971	4.000	2.843
21	36	4.971	4.000	2.841
21	37	4.971	4.000	2.841
21	38	4.971	4.000	2.843
21	39	4.971	4.000	2.843
21	40	4.971	3.950	2.717
21	41	4.971	4.000	2.843
21	42	4.972	4.000	2.841
21	43	4.972	4.000	2.841
21	44	4.972	4.000	2.841
21	45	4.972	4.000	2.839
21	46	4.972	4.000	2.841
21	47	4.972	4.000	2.843
21	48	4.972	4.000	2.839
21	49	4.972	4.000	2.841
21	50	4.972	4.000	2.839
Executing FF Gene Output
21	B	5.0625

22	1	4.877	3.890	1.757
22	2	4.972	3.970	2.538
22	3	4.972	3.990	2.756
22	4	4.997	4.000	2.839
22	5	4.997	4.000	2.843
22	6	4.997	4.000	2.843
22	7	4.998	4.000	2.841
22	8	4.998	4.000	2.843
22	9	4.998	4.000	2.843
22	10	4.998	4.000	2.843
22	11	4.998	4.000	2.825
22	12	4.998	4.000	2.841
22	13	4.998	4.000	2.843
22	14	4.998	4.000	2.843
22	15	4.998	4.000	2.843
22	16	4.998	4.000	2.843
22	17	4.998	4.000	2.843
22	18	4.998	4.000	2.841
22	19	4.998	4.000	2.843
22	20	4.998	4.000	2.828
22	21	4.998	4.000	2.827
22	22	4.998	4.000	2.843
22	23	4.998	4.000	2.828
22	24	4.998	4.000	2.828
22	25	4.998	4.000	2.843
22	26	4.998	4.000	2.843
22	27	4.998	4.000	2.839
22	28	4.998	4.000	2.821
22	29	4.998	4.000	2.816
22	30	4.998	4.000	2.839
22	31	4.998	4.000	2.841
22	32	4.998	4.000	2.843
22	33	4.998	4.000	2.841
22	34	4.998	4.000	2.841
22	35	4.998	4.000	2.843
22	36	4.998	4.000	2.828
22	37	4.998	4.000	2.841
22	38	4.998	4.000	2.839
22	39	4.998	4.000	2.823
22	40	4.998	4.000	2.828
22	41	4.998	4.000	2.819
22	42	4.998	4.000	2.827
22	43	4.998	4.000	2.825
22	44	4.998	4.000	2.841
22	45	4.998	4.000	2.843
22	46	4.998	4.000	2.843
22	47	4.998	4.000	2.843
22	48	4.998	4.000	2.843
22	49	4.998	4.000	2.814
22	50	4.998	4.000	2.841
Executing FF Gene Output
22	B	4.9975

23	1	4.863	3.790	1.852
23	2	4.941	4.000	2.648
23	3	4.947	4.000	2.821
23	4	4.947	4.000	2.821
23	5	5.039	4.010	2.780
23	6	4.954	4.000	2.843
23	7	4.956	4.000	2.839
23	8	4.957	4.000	2.841
23	9	4.969	4.000	2.843
23	10	4.969	4.000	2.823
23	11	4.969	4.000	2.803
23	12	4.969	4.000	2.843
23	13	4.969	4.000	2.843
23	14	4.976	4.000	2.841
23	15	4.976	4.000	2.841
23	16	4.976	4.000	2.843
23	17	4.977	4.000	2.819
23	18	4.977	4.000	2.830
23	19	4.977	4.000	2.843
23	20	4.977	4.000	2.843
23	21	4.977	4.000	2.843
23	22	4.981	4.000	2.843
23	23	4.981	4.000	2.843
23	24	4.996	4.000	2.843
23	25	4.996	4.000	2.843
23	26	4.998	4.000	2.843
23	27	4.998	4.000	2.843
23	28	4.998	4.000	2.843
23	29	4.998	4.000	2.843
23	30	4.998	4.000	2.830
23	31	4.998	4.000	2.832
23	32	4.998	4.000	2.843
23	33	4.998	4.000	2.832
23	34	4.998	4.000	2.843
23	35	4.998	4.000	2.843
23	36	4.998	4.000	2.832
23	37	4.998	4.000	2.843
23	38	4.998	4.000	2.819
23	39	4.998	4.000	2.830
23	40	4.998	4.000	2.830
23	41	4.998	4.000	2.843
23	42	4.998	4.000	2.830
23	43	4.998	4.000	2.843
23	44	4.998	4.000	2.843
23	45	4.998	4.000	2.812
23	46	4.998	4.000	2.843
23	47	4.998	4.000	2.843
23	48	4.998	4.000	2.843
23	49	4.998	4.000	2.843
23	50	4.998	4.000	2.843
Executing FF Gene Output
23	B	5.0391666666666675

24	1	4.842	3.960	1.836
24	2	4.956	4.000	2.603
24	3	4.968	4.000	2.794
24	4	4.968	4.000	2.841
24	5	4.968	4.000	2.843
24	6	4.970	4.000	2.843
24	7	4.970	4.000	2.843
24	8	4.970	4.000	2.843
24	9	4.970	4.000	2.843
24	10	4.970	4.000	2.836
24	11	4.970	4.000	2.828
24	12	4.970	4.000	2.843
24	13	4.970	4.000	2.843
24	14	4.970	4.000	2.843
24	15	4.970	4.000	2.843
24	16	4.970	4.000	2.843
24	17	4.971	4.000	2.843
24	18	4.971	4.000	2.809
24	19	4.971	4.000	2.843
24	20	4.971	4.000	2.578
24	21	4.971	4.000	2.674
24	22	4.971	4.000	2.843
24	23	4.971	4.000	2.843
24	24	4.971	3.990	2.710
24	25	4.971	4.000	2.686
24	26	4.971	4.000	2.640
24	27	4.971	4.000	2.642
24	28	4.971	4.000	2.697
24	29	4.971	4.000	2.843
24	30	4.971	4.000	2.843
24	31	4.971	4.000	2.780
24	32	4.971	4.000	2.843
24	33	4.971	4.000	2.843
24	34	4.971	4.000	2.841
24	35	4.971	4.000	2.843
24	36	4.971	4.000	2.843
24	37	4.971	4.000	2.825
24	38	4.971	4.000	2.843
24	39	4.971	4.000	2.819
24	40	4.971	4.000	2.821
24	41	4.971	4.000	2.811
24	42	4.971	4.000	2.823
24	43	4.971	4.000	2.825
24	44	4.971	4.000	2.843
24	45	4.971	4.000	2.816
24	46	4.971	4.000	2.841
24	47	4.971	4.000	2.825
24	48	4.971	4.000	2.843
24	49	4.971	4.000	2.825
24	50	4.971	4.000	2.827
Executing FF Gene Output
24	B	4.970833333333334

25	1	4.886	3.820	2.024
25	2	4.973	3.970	2.704
25	3	4.973	3.930	2.673
25	4	4.973	4.000	2.841
25	5	4.973	4.000	2.841
25	6	4.999	4.000	2.843
25	7	4.999	4.000	2.843
25	8	4.999	4.000	2.843
25	9	4.999	3.890	2.657
25	10	4.999	4.000	2.843
25	11	4.999	4.000	2.843
25	12	4.999	3.800	2.574
25	13	4.999	4.000	2.843
25	14	4.999	4.000	2.843
25	15	4.999	4.000	2.843
25	16	4.999	4.000	2.843
25	17	4.999	3.910	2.708
25	18	4.999	4.000	2.843
25	19	4.999	4.000	2.843
25	20	4.999	4.000	2.843
25	21	4.999	4.000	2.843
25	22	4.999	4.000	2.843
25	23	4.999	4.000	2.843
25	24	4.999	3.920	2.701
25	25	4.999	4.000	2.843
25	26	4.999	4.000	2.843
25	27	4.999	4.000	2.843
25	28	4.999	4.000	2.843
25	29	4.999	4.000	2.843
25	30	4.999	4.000	2.843
25	31	4.999	4.000	2.843
25	32	4.999	4.000	2.843
25	33	4.999	4.000	2.843
25	34	4.999	4.000	2.843
25	35	4.999	3.930	2.763
25	36	4.999	4.000	2.843
25	37	4.999	4.000	2.843
25	38	4.999	4.000	2.843
25	39	4.999	4.000	2.843
25	40	4.999	4.000	2.843
25	41	4.999	4.000	2.843
25	42	4.999	4.000	2.843
25	43	4.999	3.900	2.689
25	44	4.999	4.000	2.843
25	45	4.999	4.000	2.843
25	46	4.999	4.000	2.843
25	47	4.999	4.000	2.843
25	48	4.999	4.000	2.843
25	49	4.999	4.000	2.843
25	50	4.999	3.960	2.752
Executing FF Gene Output
25	B	4.9991666666666665

26	1	4.881	3.920	1.918
26	2	4.957	4.000	2.646
26	3	4.957	4.000	2.760
26	4	4.957	4.000	2.834
26	5	4.957	4.000	2.837
26	6	4.957	4.000	2.843
26	7	4.978	4.000	2.841
26	8	4.978	4.000	2.841
26	9	4.978	4.000	2.816
26	10	4.978	4.000	2.836
26	11	4.978	4.000	2.834
26	12	4.978	4.000	2.837
26	13	4.978	4.000	2.841
26	14	4.978	4.000	2.837
26	15	4.978	4.000	2.819
26	16	4.978	4.000	2.792
26	17	4.978	4.000	2.816
26	18	4.978	4.000	2.818
26	19	4.978	4.000	2.809
26	20	4.978	4.000	2.830
26	21	4.978	4.000	2.830
26	22	4.978	4.000	2.785
26	23	4.978	4.000	2.816
26	24	4.978	4.000	2.839
26	25	4.978	4.000	2.834
26	26	4.978	4.000	2.830
26	27	4.978	4.000	2.812
26	28	4.978	4.000	2.830
26	29	4.978	4.000	2.827
26	30	4.978	4.000	2.827
26	31	4.978	4.000	2.837
26	32	4.978	4.000	2.834
26	33	4.978	4.000	2.837
26	34	4.978	4.000	2.771
26	35	4.978	4.000	2.834
26	36	4.978	4.000	2.834
26	37	4.978	4.000	2.836
26	38	4.978	4.000	2.836
26	39	4.978	4.000	2.836
26	40	4.978	4.000	2.832
26	41	4.978	4.000	2.836
26	42	4.978	3.970	2.651
26	43	4.978	3.980	2.590
26	44	4.978	4.000	2.832
26	45	4.978	4.000	2.684
26	46	4.978	4.000	2.667
26	47	4.978	4.000	2.710
26	48	4.978	4.000	2.830
26	49	4.978	4.000	2.834
26	50	4.978	4.000	2.832
Executing FF Gene Output
26	B	4.9783333333333335

27	1	4.880	3.800	1.946
27	2	4.964	3.980	2.752
27	3	4.964	4.000	2.843
27	4	4.967	4.000	2.843
27	5	4.967	4.000	2.843
27	6	4.996	4.000	2.843
27	7	4.996	4.000	2.843
27	8	4.996	4.000	2.843
27	9	4.997	4.000	2.843
27	10	4.997	4.000	2.843
27	11	4.997	4.000	2.843
27	12	4.997	4.000	2.794
27	13	4.998	4.000	2.843
27	14	4.998	4.000	2.843
27	15	4.998	4.000	2.843
27	16	4.998	4.000	2.843
27	17	4.998	4.000	2.686
27	18	4.998	4.000	2.657
27	19	4.998	4.000	2.843
27	20	4.998	4.000	2.843
27	21	4.998	4.000	2.843
27	22	4.998	4.000	2.843
27	23	4.998	4.000	2.613
27	24	4.998	4.000	2.611
27	25	4.998	4.000	2.843
27	26	4.998	4.000	2.730
27	27	4.998	4.000	2.843
27	28	4.998	4.000	2.825
27	29	4.998	4.000	2.843
27	30	4.998	4.000	2.830
27	31	4.998	4.000	2.841
27	32	4.998	4.000	2.843
27	33	4.998	4.000	2.843
27	34	4.998	4.000	2.456
27	35	4.998	4.000	2.584
27	36	4.998	4.000	2.715
27	37	4.998	4.000	2.691
27	38	4.998	4.000	2.843
27	39	4.998	4.000	2.843
27	40	4.998	4.000	2.843
27	41	4.998	4.000	2.843
27	42	4.998	4.000	2.843
27	43	4.998	4.000	2.843
27	44	4.998	4.000	2.843
27	45	4.998	4.000	2.843
27	46	4.998	4.000	2.843
27	47	4.998	4.000	2.843
27	48	4.998	4.000	2.642
27	49	4.998	4.000	2.843
27	50	4.998	4.000	2.695
Executing FF Gene Output
27	B	4.998333333333334

28	1	4.880	3.930	1.865
28	2	4.957	3.960	2.399
28	3	4.957	3.990	2.439
28	4	4.973	3.990	2.800
28	5	4.958	4.000	2.843
28	6	4.958	4.000	2.843
28	7	4.958	4.000	2.843
28	8	4.958	4.000	2.657
28	9	4.958	4.000	2.843
28	10	4.958	4.000	2.843
28	11	4.958	4.000	2.841
28	12	4.958	4.000	2.843
28	13	4.958	4.000	2.841
28	14	4.958	4.000	2.843
28	15	4.958	4.000	2.839
28	16	4.958	4.000	2.841
28	17	4.958	4.000	2.843
28	18	4.958	4.000	2.841
28	19	4.958	4.000	2.843
28	20	4.958	4.000	2.843
28	21	4.958	4.000	2.843
28	22	4.958	4.000	2.843
28	23	4.958	3.890	2.719
28	24	4.958	3.920	2.671
28	25	4.958	4.000	2.841
28	26	4.958	4.000	2.843
28	27	4.958	4.000	2.841
28	28	4.958	4.000	2.843
28	29	4.958	4.000	2.841
28	30	4.958	4.000	2.841
28	31	4.958	3.880	2.698
28	32	4.958	4.000	2.843
28	33	4.958	3.920	2.705
28	34	4.998	3.880	2.670
28	35	4.998	4.000	2.843
28	36	4.998	4.000	2.841
28	37	4.998	4.000	2.841
28	38	4.998	3.990	2.834
28	39	4.998	3.990	2.800
28	40	4.998	4.000	2.816
28	41	4.998	4.000	2.827
28	42	4.998	4.000	2.843
28	43	4.998	4.000	2.843
28	44	4.998	4.000	2.837
28	45	4.998	4.000	2.843
28	46	4.998	4.000	2.841
28	47	4.998	4.000	2.843
28	48	4.998	4.000	2.841
28	49	4.998	4.000	2.843
28	50	4.998	4.000	2.839
Executing FF Gene Output
28	B	4.998333333333334

29	1	4.899	3.980	1.985
29	2	4.952	3.980	2.644
29	3	4.970	3.990	2.762
29	4	4.970	4.000	2.837
29	5	4.971	4.000	2.843
29	6	4.973	4.000	2.841
29	7	4.974	3.990	2.832
29	8	4.974	4.000	2.843
29	9	4.996	3.990	2.825
29	10	4.997	4.000	2.843
29	11	4.997	4.000	2.843
29	12	4.998	4.000	2.841
29	13	4.998	4.000	2.843
29	14	4.999	3.990	2.661
29	15	4.999	4.000	2.843
29	16	4.999	4.000	2.843
29	17	4.999	4.000	2.843
29	18	4.999	4.000	2.843
29	19	4.999	4.000	2.843
29	20	4.999	4.000	2.843
29	21	4.999	4.000	2.843
29	22	4.999	4.000	2.843
29	23	4.999	4.000	2.811
29	24	4.999	4.000	2.843
29	25	4.999	4.000	2.843
29	26	4.999	4.000	2.843
29	27	4.999	4.000	2.843
29	28	4.999	4.000	2.843
29	29	4.999	4.000	2.843
29	30	4.999	4.000	2.843
29	31	4.999	4.000	2.807
29	32	4.999	4.000	2.843
29	33	4.999	3.990	2.803
29	34	4.999	4.000	2.843
29	35	4.999	4.000	2.843
29	36	4.999	4.000	2.843
29	37	4.999	4.000	2.827
29	38	4.999	4.000	2.843
29	39	4.999	4.000	2.843
29	40	4.999	3.920	2.699
29	41	4.999	3.990	2.827
29	42	4.999	4.000	2.836
29	43	4.999	4.000	2.843
29	44	4.999	4.000	2.843
29	45	4.999	4.000	2.843
29	46	4.999	4.000	2.843
29	47	4.999	3.980	2.825
29	48	4.999	3.990	2.832
29	49	4.999	4.000	2.843
29	50	4.999	3.990	2.827
Executing FF Gene Output
29	B	4.9991666666666665

30	1	4.815	3.920	1.622
30	2	4.953	3.990	2.545
30	3	4.979	4.000	2.752
30	4	4.999	4.000	2.836
30	5	4.999	4.000	2.825
30	6	4.999	4.000	2.809
30	7	4.999	4.000	2.827
30	8	4.999	4.000	2.843
30	9	4.999	4.000	2.843
30	10	5.003	4.000	2.800
30	11	5.003	4.020	2.769
30	12	4.999	4.000	2.843
30	13	4.999	4.000	2.832
30	14	4.999	4.000	2.843
30	15	4.999	4.000	2.843
30	16	4.999	4.000	2.841
30	17	4.999	4.000	2.839
30	18	4.999	4.000	2.843
30	19	4.999	4.000	2.843
30	20	4.999	4.000	2.832
30	21	4.999	4.000	2.841
30	22	4.999	4.000	2.841
30	23	4.999	4.000	2.823
30	24	4.999	3.990	2.832
30	25	4.999	4.000	2.843
30	26	4.999	4.000	2.843
30	27	4.999	4.000	2.841
30	28	4.999	4.000	2.843
30	29	4.999	4.000	2.839
30	30	4.999	4.000	2.823
30	31	4.999	4.000	2.843
30	32	4.999	4.000	2.825
30	33	4.999	4.000	2.823
30	34	4.999	4.000	2.843
30	35	4.999	4.000	2.843
30	36	4.999	4.000	2.843
30	37	4.999	4.000	2.841
30	38	4.999	4.000	2.843
30	39	4.999	4.000	2.841
30	40	4.999	4.000	2.821
30	41	4.999	4.000	2.776
30	42	4.999	4.000	2.843
30	43	4.999	4.000	2.843
30	44	4.999	4.000	2.843
30	45	4.999	4.000	2.843
30	46	4.999	4.000	2.843
30	47	4.999	4.000	2.841
30	48	4.999	4.000	2.843
30	49	4.999	4.000	2.843
30	50	4.999	4.000	2.821
Executing FF Gene Output
30	B	5.0025

31	1	4.946	3.830	2.094
31	2	4.969	4.000	2.629
31	3	4.970	4.000	2.728
31	4	4.972	4.000	2.841
31	5	4.980	4.000	2.843
31	6	4.981	4.000	2.843
31	7	4.995	4.000	2.843
31	8	4.995	4.000	2.843
31	9	4.995	4.000	2.843
31	10	4.998	4.000	2.843
31	11	4.998	4.000	2.843
31	12	4.998	4.000	2.841
31	13	4.998	4.000	2.843
31	14	4.998	4.000	2.843
31	15	4.998	3.980	2.751
31	16	4.998	3.980	2.749
31	17	4.999	4.000	2.843
31	18	4.999	3.970	2.723
31	19	4.999	4.000	2.843
31	20	4.999	4.000	2.843
31	21	4.999	4.000	2.843
31	22	4.999	4.000	2.843
31	23	4.999	4.000	2.843
31	24	4.999	4.000	2.841
31	25	4.999	3.970	2.726
31	26	4.999	4.000	2.843
31	27	4.999	4.000	2.843
31	28	4.999	4.000	2.843
31	29	4.999	4.000	2.736
31	30	4.999	4.000	2.843
31	31	4.999	4.000	2.843
31	32	4.999	4.000	2.841
31	33	4.999	3.970	2.805
31	34	4.999	4.000	2.843
31	35	4.999	4.000	2.841
31	36	4.999	4.000	2.841
31	37	4.999	4.000	2.841
31	38	4.999	4.000	2.841
31	39	4.999	4.000	2.836
31	40	4.999	4.000	2.843
31	41	4.999	4.000	2.841
31	42	4.999	4.000	2.839
31	43	4.999	3.920	2.682
31	44	4.999	4.000	2.839
31	45	4.999	3.860	2.602
31	46	4.999	4.000	2.839
31	47	4.999	4.000	2.843
31	48	4.999	4.000	2.839
31	49	4.999	4.000	2.839
31	50	4.999	4.000	2.839
Executing FF Gene Output
31	B	4.9991666666666665

32	1	4.872	3.820	2.042
32	2	4.957	3.950	2.662
32	3	4.958	3.990	2.783
32	4	4.958	3.970	2.805
32	5	4.958	4.000	2.843
32	6	4.958	4.000	2.841
32	7	4.958	4.000	2.843
32	8	4.958	4.000	2.843
32	9	4.958	4.000	2.843
32	10	4.958	4.000	2.843
32	11	4.958	4.000	2.841
32	12	4.958	4.000	2.843
32	13	4.958	4.000	2.839
32	14	4.958	4.000	2.841
32	15	4.958	4.000	2.841
32	16	4.958	4.000	2.841
32	17	4.958	4.000	2.818
32	18	4.958	4.000	2.843
32	19	4.958	4.000	2.843
32	20	4.958	4.000	2.839
32	21	4.998	4.000	2.841
32	22	4.998	4.000	2.839
32	23	4.998	4.000	2.841
32	24	4.998	4.000	2.841
32	25	4.998	4.000	2.843
32	26	4.998	4.000	2.841
32	27	4.998	4.000	2.843
32	28	4.998	4.000	2.843
32	29	4.998	4.000	2.823
32	30	4.998	4.000	2.830
32	31	4.998	4.000	2.837
32	32	4.998	4.000	2.843
32	33	4.998	4.000	2.841
32	34	4.998	4.000	2.843
32	35	4.998	4.000	2.841
32	36	4.998	4.000	2.843
32	37	4.998	4.000	2.843
32	38	4.998	4.000	2.843
32	39	4.998	4.000	2.843
32	40	4.998	4.000	2.843
32	41	4.998	4.000	2.832
32	42	4.998	4.000	2.843
32	43	4.998	4.000	2.834
32	44	4.998	4.000	2.841
32	45	4.998	4.000	2.839
32	46	4.998	4.000	2.843
32	47	4.998	4.000	2.843
32	48	4.998	4.000	2.843
32	49	4.998	4.000	2.841
32	50	4.998	4.000	2.834
Executing FF Gene Output
32	B	4.998333333333334

33	1	4.657	3.770	1.591
33	2	4.949	3.940	2.416
33	3	4.975	3.980	2.741
33	4	4.975	4.000	2.836
33	5	4.975	4.000	2.837
33	6	4.975	4.000	2.832
33	7	4.975	4.000	2.837
33	8	4.979	4.000	2.836
33	9	4.979	4.000	2.834
33	10	4.979	4.000	2.841
33	11	4.979	4.000	2.760
33	12	4.979	4.000	2.843
33	13	4.981	4.000	2.843
33	14	4.981	4.000	2.843
33	15	4.981	4.000	2.843
33	16	4.981	4.000	2.843
33	17	4.981	4.000	2.841
33	18	4.981	4.000	2.841
33	19	4.981	4.000	2.841
33	20	4.981	4.000	2.740
33	21	4.981	4.000	2.752
33	22	4.981	4.000	2.763
33	23	4.981	4.000	2.843
33	24	4.981	3.960	2.706
33	25	4.981	4.000	2.841
33	26	4.981	4.000	2.785
33	27	4.981	3.990	2.687
33	28	4.981	4.000	2.765
33	29	4.981	4.000	2.843
33	30	4.981	4.000	2.843
33	31	4.981	3.970	2.704
33	32	4.981	4.000	2.843
33	33	4.981	4.000	2.843
33	34	4.981	4.000	2.843
33	35	4.981	4.000	2.841
33	36	4.981	4.000	2.843
33	37	4.981	4.000	2.843
33	38	4.981	4.000	2.843
33	39	4.981	4.000	2.843
33	40	4.981	4.000	2.843
33	41	4.981	4.000	2.843
33	42	4.981	4.000	2.843
33	43	4.981	4.000	2.841
33	44	4.981	4.000	2.843
33	45	4.981	4.000	2.843
33	46	4.981	3.990	2.782
33	47	4.981	4.000	2.843
33	48	4.981	4.000	2.843
33	49	4.981	4.000	2.843
33	50	4.981	4.000	2.756
Executing FF Gene Output
33	B	4.980833333333333

34	1	4.998	3.870	1.942
34	2	4.998	3.970	2.474
34	3	4.998	4.000	2.747
34	4	4.998	4.000	2.697
34	5	4.998	4.000	2.738
34	6	4.998	4.000	2.839
34	7	4.998	4.000	2.598
34	8	4.998	4.000	2.839
34	9	4.998	4.000	2.843
34	10	4.998	4.000	2.841
34	11	4.998	4.000	2.841
34	12	4.998	4.000	2.843
34	13	4.998	4.000	2.723
34	14	4.998	4.000	2.843
34	15	4.998	4.000	2.843
34	16	4.998	4.000	2.843
34	17	4.998	4.000	2.695
34	18	4.998	4.000	2.704
34	19	4.998	4.000	2.615
34	20	4.998	4.000	2.687
34	21	4.998	4.000	2.843
34	22	4.998	4.000	2.841
34	23	4.998	4.000	2.431
34	24	4.998	4.000	2.774
34	25	4.998	4.000	2.582
34	26	4.998	4.000	2.841
34	27	4.998	4.000	2.843
34	28	4.998	3.990	2.636
34	29	4.998	4.000	2.667
34	30	4.998	4.000	2.841
34	31	4.998	4.000	2.843
34	32	4.998	4.000	2.843
34	33	4.998	4.000	2.843
34	34	4.998	4.000	2.843
34	35	4.998	4.000	2.843
34	36	4.998	4.000	2.682
34	37	4.998	4.000	2.841
34	38	4.998	4.000	2.843
34	39	4.998	4.000	2.843
34	40	4.998	4.000	2.841
34	41	4.998	4.000	2.843
34	42	4.998	3.960	2.680
34	43	4.998	4.000	2.843
34	44	4.998	4.000	2.843
34	45	4.998	4.000	2.841
34	46	4.998	3.970	2.712
34	47	4.998	4.000	2.843
34	48	4.998	3.930	2.649
34	49	4.999	4.000	2.843
34	50	4.999	3.950	2.668
Executing FF Gene Output
34	B	4.9991666666666665

35	1	4.901	3.880	1.986
35	2	4.944	3.990	2.676
35	3	4.958	4.000	2.805
35	4	4.958	4.000	2.834
35	5	4.958	4.000	2.843
35	6	4.958	4.000	2.843
35	7	4.958	3.980	2.791
35	8	4.958	4.000	2.843
35	9	4.958	4.000	2.843
35	10	4.958	4.000	2.843
35	11	4.958	4.000	2.843
35	12	4.958	4.000	2.843
35	13	4.971	4.000	2.834
35	14	4.971	4.000	2.843
35	15	4.971	4.000	2.843
35	16	4.971	4.000	2.843
35	17	4.971	4.000	2.839
35	18	4.971	4.000	2.843
35	19	4.971	4.000	2.843
35	20	4.998	4.000	2.843
35	21	4.998	4.000	2.836
35	22	4.998	4.000	2.843
35	23	4.998	4.000	2.836
35	24	4.998	4.000	2.843
35	25	4.998	4.000	2.843
35	26	4.998	4.000	2.843
35	27	4.998	4.000	2.834
35	28	4.998	4.000	2.841
35	29	4.998	4.000	2.843
35	30	4.998	4.000	2.843
35	31	4.998	4.000	2.843
35	32	4.998	4.000	2.834
35	33	4.998	4.000	2.836
35	34	4.998	4.000	2.843
35	35	4.998	4.000	2.843
35	36	4.998	4.000	2.843
35	37	4.998	4.000	2.843
35	38	4.998	4.000	2.843
35	39	4.998	4.000	2.832
35	40	4.998	4.000	2.819
35	41	4.998	4.000	2.841
35	42	4.998	4.000	2.828
35	43	4.998	4.000	2.843
35	44	4.998	4.000	2.843
35	45	4.998	4.000	2.843
35	46	4.998	4.000	2.843
35	47	4.998	4.000	2.843
35	48	4.998	4.000	2.843
35	49	4.998	4.000	2.843
35	50	4.998	4.000	2.843
Executing FF Gene Output
35	B	4.998333333333334

36	1	4.873	3.830	1.965
36	2	4.940	3.940	2.534
36	3	4.957	4.000	2.818
36	4	4.957	4.000	2.836
36	5	4.996	4.000	2.841
36	6	4.996	4.000	2.841
36	7	4.997	4.000	2.843
36	8	4.997	4.000	2.843
36	9	4.997	4.000	2.843
36	10	4.997	3.990	2.749
36	11	4.997	3.990	2.794
36	12	4.997	3.990	2.787
36	13	4.997	4.000	2.843
36	14	4.997	4.000	2.843
36	15	4.997	4.000	2.843
36	16	4.997	3.990	2.653
36	17	4.997	3.990	2.747
36	18	4.997	4.000	2.843
36	19	4.997	4.000	2.843
36	20	4.998	3.980	2.564
36	21	4.998	4.000	2.843
36	22	4.998	4.000	2.843
36	23	4.998	3.990	2.763
36	24	4.998	3.980	2.785
36	25	4.998	3.970	2.630
36	26	4.998	3.970	2.736
36	27	4.998	3.970	2.761
36	28	4.998	3.990	2.771
36	29	4.998	3.950	2.750
36	30	4.998	4.000	2.843
36	31	4.998	3.990	2.832
36	32	4.998	4.000	2.843
36	33	4.998	4.000	2.843
36	34	4.998	4.000	2.843
36	35	4.998	4.000	2.843
36	36	4.998	4.000	2.843
36	37	4.998	3.990	2.812
36	38	4.998	4.000	2.843
36	39	4.998	4.000	2.843
36	40	4.998	4.000	2.843
36	41	4.998	4.000	2.843
36	42	4.998	4.000	2.843
36	43	4.998	4.000	2.843
36	44	4.998	4.000	2.843
36	45	4.998	3.970	2.823
36	46	4.998	3.890	2.672
36	47	4.998	3.980	2.717
36	48	4.998	4.000	2.843
36	49	4.998	3.980	2.834
36	50	4.998	4.000	2.843
Executing FF Gene Output
36	B	4.9975

37	1	4.803	3.880	1.849
37	2	4.950	3.990	2.706
37	3	4.950	4.000	2.762
37	4	4.950	4.000	2.839
37	5	4.951	4.000	2.843
37	6	4.951	4.000	2.667
37	7	4.971	4.000	2.728
37	8	4.971	4.000	2.676
37	9	4.981	4.000	2.727
37	10	4.981	4.000	2.570
37	11	4.996	4.000	2.843
37	12	4.996	4.000	2.841
37	13	4.996	4.000	2.782
37	14	4.997	4.000	2.634
37	15	4.997	4.000	2.843
37	16	4.997	4.000	2.837
37	17	4.997	4.000	2.843
37	18	4.997	4.000	2.843
37	19	4.997	4.000	2.843
37	20	4.997	4.000	2.843
37	21	4.997	4.000	2.843
37	22	4.997	4.000	2.642
37	23	5.076	4.010	2.651
37	24	4.997	4.000	2.843
37	25	4.997	4.000	2.843
37	26	4.997	4.000	2.843
37	27	4.997	4.000	2.843
37	28	4.998	4.000	2.843
37	29	4.998	4.000	2.843
37	30	4.998	4.000	2.807
37	31	4.998	4.000	2.782
37	32	4.998	4.000	2.778
37	33	4.998	4.000	2.791
37	34	4.998	4.000	2.843
37	35	4.998	3.990	2.787
37	36	4.998	4.000	2.841
37	37	4.998	4.000	2.789
37	38	4.998	4.000	2.841
37	39	4.998	4.000	2.843
37	40	4.998	4.000	2.843
37	41	4.998	4.000	2.843
37	42	4.998	4.000	2.843
37	43	4.998	4.000	2.843
37	44	4.998	4.000	2.839
37	45	4.998	3.960	2.702
37	46	4.998	4.000	2.843
37	47	4.998	4.000	2.843
37	48	4.998	4.000	2.843
37	49	4.998	4.000	2.659
37	50	4.998	4.000	2.841
Executing FF Gene Output
37	B	5.0758333333333345

38	1	4.868	3.900	1.872
38	2	4.958	3.930	2.415
38	3	4.958	3.980	2.785
38	4	4.977	4.000	2.812
38	5	4.977	3.990	2.710
38	6	4.999	4.000	2.776
38	7	4.999	4.000	2.843
38	8	4.999	4.000	2.841
38	9	4.999	4.000	2.841
38	10	4.999	4.000	2.821
38	11	4.999	4.000	2.841
38	12	4.999	4.000	2.839
38	13	4.999	4.000	2.807
38	14	4.999	3.920	2.720
38	15	4.999	4.000	2.830
38	16	4.999	4.000	2.843
38	17	4.999	4.000	2.843
38	18	4.999	4.000	2.843
38	19	4.999	4.000	2.843
38	20	4.999	3.880	2.666
38	21	4.999	4.000	2.843
38	22	4.999	4.000	2.841
38	23	4.999	3.860	2.659
38	24	4.999	3.880	2.702
38	25	4.999	4.000	2.843
38	26	4.999	3.870	2.694
38	27	4.999	4.000	2.843
38	28	4.999	4.000	2.843
38	29	4.999	3.930	2.715
38	30	4.999	4.000	2.841
38	31	4.999	4.000	2.839
38	32	4.999	4.000	2.841
38	33	4.999	3.820	2.576
38	34	4.999	4.000	2.843
38	35	4.999	3.980	2.805
38	36	4.999	3.990	2.792
38	37	4.999	4.000	2.841
38	38	4.999	4.000	2.841
38	39	4.999	4.000	2.834
38	40	4.999	4.000	2.841
38	41	4.999	4.000	2.839
38	42	4.999	4.000	2.830
38	43	4.999	4.000	2.843
38	44	4.999	4.000	2.843
38	45	4.999	4.000	2.839
38	46	4.999	4.000	2.843
38	47	4.999	4.000	2.843
38	48	4.999	4.000	2.843
38	49	4.999	4.000	2.843
38	50	4.999	4.000	2.843
Executing FF Gene Output
38	B	4.9991666666666665

39	1	4.848	3.740	1.865
39	2	4.962	3.940	2.528
39	3	4.963	4.000	2.825
39	4	4.995	4.000	2.841
39	5	4.995	4.000	2.843
39	6	4.995	4.000	2.841
39	7	4.996	4.000	2.839
39	8	4.996	4.000	2.836
39	9	4.996	4.000	2.839
39	10	4.996	4.000	2.836
39	11	4.996	4.000	2.839
39	12	4.996	4.000	2.830
39	13	4.996	4.000	2.841
39	14	4.996	4.000	2.841
39	15	4.996	4.000	2.841
39	16	4.996	4.000	2.839
39	17	4.996	4.000	2.841
39	18	4.996	4.000	2.843
39	19	4.996	4.000	2.841
39	20	4.996	4.000	2.841
39	21	4.996	3.990	2.836
39	22	4.996	4.000	2.836
39	23	4.996	4.000	2.839
39	24	4.996	3.990	2.816
39	25	4.996	4.000	2.841
39	26	4.996	4.000	2.841
39	27	4.996	4.000	2.841
39	28	4.996	4.000	2.834
39	29	4.996	4.000	2.843
39	30	4.996	4.000	2.841
39	31	4.996	3.990	2.837
39	32	4.996	3.980	2.837
39	33	4.996	4.000	2.819
39	34	4.996	4.000	2.837
39	35	5.448	4.000	2.821
39	36	5.327	4.030	2.794
39	37	4.996	4.000	2.841
39	38	4.996	4.000	2.843
39	39	4.996	4.000	2.841
39	40	4.996	4.000	2.841
39	41	4.996	4.000	2.841
39	42	5.013	4.000	2.825
39	43	4.996	4.000	2.843
39	44	4.996	4.000	2.843
39	45	4.996	4.000	2.843
39	46	4.996	4.000	2.836
39	47	4.996	4.000	2.841
39	48	4.996	4.000	2.839
39	49	4.996	4.000	2.843
39	50	4.996	4.000	2.843
Executing FF Gene Output
39	B	5.448333333333333

40	1	4.923	3.900	1.845
40	2	4.956	4.000	2.527
40	3	4.956	4.000	2.734
40	4	4.957	4.000	2.825
40	5	4.957	4.000	2.843
40	6	4.957	4.000	2.843
40	7	4.957	4.000	2.843
40	8	5.255	4.010	2.812
40	9	5.255	4.040	2.522
40	10	4.893	3.660	1.973
40	11	4.957	3.980	2.619
40	12	5.202	4.000	2.825
40	13	5.228	4.010	2.570
40	14	4.823	3.990	1.795
40	15	5.255	4.010	2.741
40	16	4.957	3.990	2.380
40	17	5.255	4.020	2.785
40	18	5.138	4.010	1.985
40	19	5.197	4.020	2.314
40	20	5.095	4.010	2.279
40	21	5.022	4.010	1.962
40	22	4.893	3.860	2.013
40	23	4.978	3.980	2.562
40	24	5.148	4.020	2.670
40	25	5.096	4.010	2.316
40	26	4.957	3.990	2.603
40	27	4.957	4.000	2.819
40	28	4.957	4.000	2.830
40	29	4.957	4.000	2.843
40	30	4.957	4.000	2.800
40	31	4.957	4.000	2.834
40	32	4.957	4.000	2.841
40	33	4.957	4.000	2.843
40	34	4.957	4.000	2.825
40	35	4.957	4.000	2.843
40	36	4.957	4.000	2.843
40	37	4.957	4.000	2.843
40	38	4.957	4.000	2.834
40	39	4.957	4.000	2.843
40	40	4.957	4.000	2.843
40	41	4.957	4.000	2.843
40	42	4.957	4.000	2.843
40	43	4.957	4.000	2.843
40	44	4.957	4.000	2.843
40	45	4.957	4.000	2.821
40	46	4.957	4.000	2.834
40	47	4.957	4.000	2.827
40	48	4.957	4.000	2.841
40	49	4.957	4.000	2.821
40	50	4.957	4.000	2.843
Executing FF Gene Output
40	B	5.255000000000002

41	1	4.838	3.810	1.860
41	2	4.956	3.990	2.572
41	3	4.956	4.000	2.825
41	4	4.957	4.000	2.839
41	5	4.957	4.000	2.839
41	6	4.957	4.000	2.839
41	7	4.957	4.000	2.651
41	8	4.958	4.000	2.843
41	9	4.958	4.000	2.841
41	10	4.958	4.000	2.843
41	11	4.958	4.000	2.841
41	12	4.958	4.000	2.841
41	13	4.958	4.000	2.625
41	14	4.958	4.000	2.839
41	15	4.958	4.000	2.843
41	16	4.958	4.000	2.841
41	17	4.958	4.000	2.843
41	18	4.958	4.000	2.843
41	19	4.958	4.000	2.843
41	20	4.958	4.000	2.843
41	21	4.958	4.000	2.841
41	22	4.958	4.000	2.841
41	23	4.958	3.990	2.632
41	24	4.958	3.990	2.751
41	25	4.958	4.000	2.702
41	26	4.958	4.000	2.841
41	27	4.958	4.000	2.841
41	28	4.958	4.000	2.843
41	29	4.958	4.000	2.621
41	30	4.958	4.000	2.704
41	31	4.958	4.000	2.843
41	32	4.958	4.000	2.843
41	33	4.958	3.980	2.674
41	34	4.958	4.000	2.841
41	35	4.958	4.000	2.839
41	36	4.958	4.000	2.843
41	37	4.958	4.000	2.843
41	38	4.958	4.000	2.839
41	39	4.958	4.000	2.841
41	40	4.958	4.000	2.839
41	41	4.958	4.000	2.839
41	42	4.958	4.000	2.841
41	43	4.958	4.000	2.841
41	44	4.958	4.000	2.655
41	45	4.958	4.000	2.667
41	46	4.958	4.000	2.665
41	47	4.958	4.000	2.841
41	48	4.958	4.000	2.843
41	49	4.958	4.000	2.747
41	50	4.958	4.000	2.843
Executing FF Gene Output
41	B	4.9575000000000005

42	1	4.883	3.830	1.770
42	2	4.944	3.990	2.560
42	3	4.958	4.000	2.839
42	4	4.958	4.000	2.841
42	5	4.958	4.000	2.841
42	6	4.958	4.000	2.841
42	7	4.958	4.000	2.841
42	8	4.958	4.000	2.843
42	9	4.958	4.000	2.841
42	10	4.964	4.000	2.843
42	11	4.964	4.000	2.819
42	12	4.964	4.000	2.839
42	13	4.964	4.000	2.841
42	14	4.964	4.000	2.837
42	15	4.964	4.000	2.837
42	16	4.964	4.000	2.818
42	17	4.964	4.000	2.836
42	18	4.964	4.000	2.836
42	19	4.964	4.000	2.841
42	20	4.964	4.000	2.841
42	21	4.964	4.000	2.836
42	22	4.964	4.000	2.819
42	23	4.964	4.000	2.783
42	24	4.964	4.000	2.778
42	25	4.964	4.000	2.836
42	26	4.964	4.000	2.837
42	27	4.964	4.000	2.818
42	28	4.964	4.000	2.818
42	29	4.964	4.000	2.834
42	30	4.964	4.000	2.837
42	31	4.964	4.000	2.841
42	32	4.964	4.000	2.839
42	33	4.964	4.000	2.805
42	34	4.964	4.000	2.830
42	35	4.964	4.000	2.839
42	36	4.964	4.000	2.837
42	37	4.964	4.000	2.760
42	38	4.964	4.000	2.787
42	39	4.964	4.000	2.832
42	40	4.964	4.000	2.832
42	41	4.964	4.000	2.834
42	42	4.964	4.000	2.837
42	43	4.964	4.000	2.818
42	44	4.964	4.000	2.812
42	45	4.964	4.000	2.839
42	46	4.964	4.000	2.841
42	47	4.964	4.000	2.819
42	48	4.964	4.000	2.819
42	49	4.964	4.000	2.837
42	50	4.964	4.000	2.830
Executing FF Gene Output
42	B	4.964166666666666

43	1	4.813	3.850	1.814
43	2	4.965	3.980	2.468
43	3	4.965	4.000	2.727
43	4	4.968	4.000	2.837
43	5	4.996	4.000	2.843
43	6	4.996	4.000	2.841
43	7	4.998	4.000	2.843
43	8	4.998	4.000	2.841
43	9	4.999	4.000	2.632
43	10	4.999	4.000	2.843
43	11	4.999	4.000	2.841
43	12	4.999	3.950	2.666
43	13	4.999	3.850	2.585
43	14	4.999	4.000	2.843
43	15	4.999	4.000	2.843
43	16	4.999	4.000	2.843
43	17	4.999	4.000	2.843
43	18	4.999	4.000	2.843
43	19	4.999	4.000	2.843
43	20	4.999	3.920	2.673
43	21	4.999	4.000	2.843
43	22	4.999	4.000	2.843
43	23	4.999	4.000	2.843
43	24	4.999	4.000	2.843
43	25	4.999	4.000	2.843
43	26	4.999	4.000	2.843
43	27	4.999	4.000	2.843
43	28	4.999	3.780	2.515
43	29	4.999	3.820	2.578
43	30	4.999	4.000	2.843
43	31	4.999	3.890	2.730
43	32	4.999	4.000	2.843
43	33	4.999	4.000	2.841
43	34	4.999	4.000	2.843
43	35	4.999	4.000	2.843
43	36	4.999	4.000	2.834
43	37	4.999	4.000	2.843
43	38	4.999	4.000	2.839
43	39	4.999	4.000	2.843
43	40	4.999	4.000	2.821
43	41	4.999	3.990	2.830
43	42	4.999	3.990	2.819
43	43	4.999	4.000	2.841
43	44	4.999	4.000	2.843
43	45	4.999	4.000	2.841
43	46	4.999	4.000	2.825
43	47	4.999	4.000	2.841
43	48	4.999	4.000	2.841
43	49	4.999	4.000	2.841
43	50	4.999	4.000	2.839
Executing FF Gene Output
43	B	4.9991666666666665

44	1	4.867	3.790	1.863
44	2	4.957	4.000	2.511
44	3	4.969	3.980	2.638
44	4	4.969	3.900	2.474
44	5	4.969	3.850	2.556
44	6	4.970	3.790	2.612
44	7	4.970	3.890	2.687
44	8	4.970	4.000	2.843
44	9	4.970	4.000	2.843
44	10	4.970	4.000	2.841
44	11	4.972	4.000	2.839
44	12	4.972	4.000	2.841
44	13	4.972	4.000	2.843
44	14	4.972	3.930	2.720
44	15	4.972	3.880	2.722
44	16	4.972	4.000	2.841
44	17	4.972	3.900	2.693
44	18	4.972	4.000	2.843
44	19	4.972	4.000	2.843
44	20	4.972	4.000	2.843
44	21	4.972	3.920	2.746
44	22	4.972	4.000	2.841
44	23	4.972	4.000	2.841
44	24	4.972	4.000	2.843
44	25	4.972	3.870	2.663
44	26	4.978	4.000	2.843
44	27	4.978	4.000	2.843
44	28	4.978	4.000	2.843
44	29	4.978	4.000	2.843
44	30	4.978	4.000	2.843
44	31	4.978	3.910	2.659
44	32	4.978	3.940	2.715
44	33	4.978	3.900	2.686
44	34	4.978	4.000	2.843
44	35	4.983	4.000	2.843
44	36	4.983	4.000	2.841
44	37	4.983	4.000	2.843
44	38	4.983	3.950	2.734
44	39	4.983	4.000	2.843
44	40	4.983	4.000	2.843
44	41	4.983	4.000	2.843
44	42	4.983	4.000	2.843
44	43	4.983	4.000	2.843
44	44	4.983	3.990	2.630
44	45	4.983	3.980	2.704
44	46	4.983	4.000	2.841
44	47	4.983	4.000	2.843
44	48	4.998	4.000	2.843
44	49	4.998	4.000	2.843
44	50	4.998	4.000	2.843
Executing FF Gene Output
44	B	4.998333333333334

45	1	4.893	3.870	1.894
45	2	4.949	3.990	2.545
45	3	4.949	4.000	2.834
45	4	4.949	3.980	2.801
45	5	4.958	4.000	2.843
45	6	4.958	3.990	2.828
45	7	4.958	4.000	2.843
45	8	4.958	4.000	2.841
45	9	4.958	3.990	2.823
45	10	4.958	4.000	2.843
45	11	4.958	4.000	2.843
45	12	4.958	4.000	2.841
45	13	4.958	4.000	2.843
45	14	4.963	3.990	2.832
45	15	4.963	4.000	2.843
45	16	4.963	4.000	2.839
45	17	4.963	4.000	2.839
45	18	4.963	4.000	2.841
45	19	4.963	4.000	2.843
45	20	4.963	4.000	2.843
45	21	4.964	4.000	2.843
45	22	4.968	3.990	2.730
45	23	4.968	3.980	2.678
45	24	4.968	3.970	2.776
45	25	4.968	3.970	2.816
45	26	4.968	4.000	2.843
45	27	4.998	3.980	2.828
45	28	4.998	3.990	2.823
45	29	4.998	4.000	2.843
45	30	4.998	3.990	2.825
45	31	4.998	3.980	2.794
45	32	4.998	4.000	2.843
45	33	4.998	3.980	2.832
45	34	4.998	4.000	2.843
45	35	4.998	4.000	2.843
45	36	4.998	4.000	2.843
45	37	4.998	4.000	2.843
45	38	4.998	4.000	2.841
45	39	4.998	4.000	2.843
45	40	4.998	4.000	2.841
45	41	4.998	3.990	2.823
45	42	4.998	3.960	2.737
45	43	4.998	4.000	2.841
45	44	4.998	3.900	2.691
45	45	4.998	3.970	2.756
45	46	4.998	4.000	2.843
45	47	4.998	4.000	2.843
45	48	4.998	4.000	2.843
45	49	4.998	4.000	2.843
45	50	4.998	4.000	2.843
Executing FF Gene Output
45	B	4.998333333333334

46	1	4.922	3.820	1.912
46	2	4.973	3.980	2.603
46	3	4.995	3.980	2.749
46	4	4.995	4.000	2.843
46	5	4.999	4.000	2.839
46	6	4.999	4.000	2.843
46	7	4.999	4.000	2.843
46	8	4.999	4.000	2.843
46	9	4.999	4.000	2.843
46	10	4.999	4.000	2.841
46	11	4.999	4.000	2.839
46	12	4.999	4.000	2.841
46	13	4.999	3.930	2.664
46	14	4.999	3.960	2.756
46	15	4.999	4.000	2.843
46	16	4.999	4.000	2.843
46	17	4.999	3.950	2.702
46	18	4.999	4.000	2.843
46	19	4.999	4.000	2.843
46	20	4.999	3.990	2.828
46	21	4.999	4.000	2.843
46	22	4.999	4.000	2.843
46	23	4.999	4.000	2.843
46	24	4.999	4.000	2.843
46	25	4.999	4.000	2.825
46	26	4.999	4.000	2.841
46	27	4.999	4.000	2.843
46	28	4.999	3.910	2.755
46	29	4.999	4.000	2.843
46	30	4.999	4.000	2.843
46	31	4.999	4.000	2.843
46	32	4.999	4.000	2.841
46	33	4.999	4.000	2.843
46	34	4.999	4.000	2.843
46	35	4.999	4.000	2.843
46	36	4.999	4.000	2.843
46	37	4.999	3.910	2.684
46	38	4.999	4.000	2.843
46	39	4.999	4.000	2.843
46	40	4.999	4.000	2.843
46	41	4.999	4.000	2.841
46	42	4.999	4.000	2.839
46	43	4.999	4.000	2.843
46	44	4.999	4.000	2.843
46	45	4.999	4.000	2.843
46	46	4.999	4.000	2.843
46	47	4.999	4.000	2.843
46	48	4.999	4.000	2.841
46	49	4.999	4.000	2.843
46	50	4.999	4.000	2.843
Executing FF Gene Output
46	B	4.9991666666666665

47	1	4.893	3.840	1.689
47	2	4.998	3.990	2.464
47	3	4.998	3.990	2.745
47	4	4.998	4.000	2.828
47	5	4.999	3.990	2.834
47	6	4.999	4.000	2.841
47	7	4.999	4.000	2.839
47	8	4.999	3.990	2.832
47	9	4.999	4.000	2.843
47	10	4.999	3.990	2.830
47	11	4.999	3.990	2.828
47	12	4.999	3.980	2.816
47	13	4.999	4.000	2.843
47	14	4.999	4.000	2.843
47	15	4.999	3.990	2.828
47	16	4.999	3.990	2.828
47	17	4.999	4.000	2.843
47	18	4.999	4.000	2.843
47	19	4.999	3.990	2.830
47	20	4.999	3.990	2.830
47	21	4.999	4.000	2.843
47	22	4.999	4.000	2.841
47	23	4.999	4.000	2.843
47	24	4.999	3.990	2.830
47	25	4.999	4.000	2.843
47	26	4.999	4.000	2.843
47	27	4.999	4.000	2.843
47	28	4.999	4.000	2.843
47	29	4.999	4.000	2.843
47	30	4.999	4.000	2.843
47	31	4.999	4.000	2.843
47	32	4.999	4.000	2.841
47	33	4.999	4.000	2.839
47	34	4.999	4.000	2.843
47	35	4.999	4.000	2.843
47	36	4.999	4.000	2.843
47	37	4.999	4.000	2.841
47	38	4.999	4.000	2.843
47	39	4.999	4.000	2.843
47	40	4.999	3.990	2.832
47	41	4.999	3.990	2.834
47	42	4.999	3.990	2.834
47	43	4.999	3.990	2.832
47	44	4.999	3.990	2.830
47	45	4.999	3.990	2.836
47	46	4.999	3.990	2.827
47	47	4.999	4.000	2.839
47	48	4.999	4.000	2.841
47	49	4.999	4.000	2.843
47	50	4.999	4.000	2.841
Executing FF Gene Output
47	B	4.9991666666666665

48	1	4.937	3.900	2.087
48	2	4.971	3.980	2.603
48	3	4.971	3.990	2.752
48	4	4.971	4.000	2.841
48	5	4.971	4.000	2.578
48	6	4.971	4.000	2.841
48	7	4.998	4.000	2.702
48	8	4.998	4.000	2.651
48	9	4.998	4.000	2.723
48	10	4.998	4.000	2.839
48	11	4.998	4.000	2.843
48	12	4.998	4.000	2.839
48	13	4.998	4.000	2.841
48	14	4.998	4.000	2.841
48	15	4.998	4.000	2.839
48	16	4.998	3.990	2.570
48	17	4.998	4.000	2.684
48	18	4.998	3.990	2.646
48	19	4.998	3.990	2.621
48	20	4.998	4.000	2.841
48	21	4.998	4.000	2.841
48	22	4.998	4.000	2.841
48	23	4.998	4.000	2.741
48	24	4.998	4.000	2.843
48	25	4.998	4.000	2.843
48	26	4.998	4.000	2.843
48	27	4.998	3.990	2.791
48	28	4.998	4.000	2.843
48	29	4.998	4.000	2.767
48	30	4.998	4.000	2.841
48	31	4.998	4.000	2.841
48	32	4.998	4.000	2.841
48	33	4.998	4.000	2.843
48	34	4.998	4.000	2.778
48	35	4.998	4.000	2.752
48	36	4.998	4.000	2.839
48	37	4.998	4.000	2.839
48	38	4.998	4.000	2.841
48	39	4.998	4.000	2.843
48	40	4.998	4.000	2.841
48	41	4.998	3.880	2.666
48	42	4.998	3.880	2.626
48	43	4.998	3.760	2.531
48	44	4.998	3.910	2.663
48	45	4.998	4.000	2.841
48	46	4.998	4.000	2.843
48	47	4.998	4.000	2.843
48	48	4.998	4.000	2.843
48	49	4.998	3.900	2.669
48	50	4.998	4.000	2.841
Executing FF Gene Output
48	B	4.9975

49	1	4.720	3.790	1.701
49	2	4.957	3.970	2.520
49	3	4.972	4.000	2.785
49	4	4.972	4.000	2.843
49	5	4.972	4.000	2.843
49	6	4.972	4.000	2.843
49	7	4.972	4.000	2.843
49	8	4.972	4.000	2.839
49	9	4.972	4.000	2.843
49	10	4.972	4.000	2.843
49	11	4.972	4.000	2.843
49	12	4.972	4.000	2.843
49	13	4.972	4.000	2.843
49	14	4.972	4.000	2.843
49	15	4.972	4.000	2.843
49	16	4.972	4.000	2.843
49	17	4.972	4.000	2.843
49	18	4.972	4.000	2.843
49	19	4.972	4.000	2.843
49	20	4.972	4.000	2.843
49	21	4.972	4.000	2.482
49	22	4.972	4.000	2.630
49	23	4.972	4.000	2.843
49	24	4.972	4.000	2.823
49	25	4.972	4.000	2.776
49	26	4.972	4.000	2.843
49	27	4.972	4.000	2.843
49	28	4.972	4.000	2.843
49	29	4.972	4.000	2.843
49	30	4.972	4.000	2.843
49	31	4.972	4.000	2.843
49	32	4.972	4.000	2.841
49	33	4.972	4.000	2.843
49	34	4.972	4.000	2.843
49	35	4.972	4.000	2.841
49	36	4.972	4.000	2.839
49	37	4.972	4.000	2.706
49	38	4.972	4.000	2.841
49	39	4.972	4.000	2.680
49	40	4.972	4.000	2.785
49	41	4.972	4.000	2.843
49	42	4.972	4.000	2.843
49	43	4.972	4.000	2.754
49	44	4.972	4.000	2.841
49	45	4.972	4.000	2.841
49	46	4.972	4.000	2.839
49	47	4.972	4.000	2.843
49	48	4.972	4.000	2.841
49	49	4.972	4.000	2.843
49	50	4.972	4.000	2.843
Executing FF Gene Output
49	B	4.971666666666667

50	1	4.876	3.890	1.977
50	2	4.966	3.990	2.562
50	3	4.966	3.990	2.728
50	4	4.966	3.840	2.581
50	5	4.978	3.810	2.541
50	6	4.978	3.850	2.679
50	7	4.982	4.000	2.843
50	8	4.982	4.000	2.841
50	9	4.982	4.000	2.843
50	10	4.998	4.000	2.843
50	11	4.998	4.000	2.843
50	12	4.998	4.000	2.843
50	13	4.998	4.000	2.843
50	14	4.998	4.000	2.843
50	15	4.998	4.000	2.843
50	16	4.998	4.000	2.843
50	17	4.998	4.000	2.843
50	18	4.998	4.000	2.843
50	19	4.998	4.000	2.843
50	20	4.998	3.910	2.669
50	21	4.998	3.910	2.699
50	22	4.998	4.000	2.843
50	23	4.998	4.000	2.843
50	24	4.998	4.000	2.843
50	25	4.998	4.000	2.843
50	26	4.998	4.000	2.843
50	27	4.998	4.000	2.843
50	28	4.998	4.000	2.843
50	29	4.998	4.000	2.843
50	30	4.998	4.000	2.843
50	31	4.998	4.000	2.843
50	32	4.998	4.000	2.832
50	33	4.998	4.000	2.841
50	34	4.998	4.000	2.825
50	35	4.998	3.990	2.769
50	36	4.998	4.000	2.843
50	37	4.998	4.000	2.841
50	38	4.998	4.000	2.843
50	39	4.998	4.000	2.839
50	40	4.998	4.000	2.843
50	41	4.998	4.000	2.843
50	42	4.998	4.000	2.843
50	43	4.998	4.000	2.843
50	44	4.998	4.000	2.839
50	45	4.998	4.000	2.843
50	46	4.998	4.000	2.843
50	47	4.998	3.930	2.744
50	48	4.998	4.000	2.843
50	49	4.998	4.000	2.843
50	50	4.998	4.000	2.843
Executing FF Gene Output
50	B	4.9975

Over All:
	Average Run Average Fitness: 3
	Average Run Best Fitness: 4
	Best Fitness: 5.448333333333333
	Best Chromo: Run 39: Generation 35: -2 0 -2 -1 0 -2 0 -1 -2 1 1 -2 -2 -2 -2 -1 0 1 0 0 0 -2 0 1 1 -2 -2 -1 -2 0 -2 1 0 1 0 -2 -1 -1 -1 0 -1 0 -1 0 -1 0 -2 -2 -2 1 1 1 -2 -2 -1 -2 0 -1 -1 -2 -2 -2 -2 -1 1 0 1 0 1 1 -2 1 -2 -1 1 1 -2 0 1 0 1 -2 0 -2 1 0 -1 -1 1 0 -1 -1 0 0 1 -1 0 -2 -1 0 1 -2 1 1 1 -1 -2 0 -2 0 -2 -2 -2 0 0 -1 -2 1 1 -2 -2 -1 0 -1 -1 1 0 0 -2 -2 -1 1 -2 -2 1 0 1 -2 -2 1 1 0 -1 1 -1 -2 -2 -2 0 -1 -1 -2 0 1 1 1 -1 1 1 0 -2 -2 -2 1 0 -1 -1 0 -2 1 1 -1 -2 1 0 1 0 0 -1 0 -1 0 -2 -1 -1 1 0 1 0 -2 1 -1 0 -1 0 -1 -1 0 0 -1 1 -1 -1 -2 1 1 1 -1 -2 -1 -1 -1 1 0 1 -2 0 0 -2 1 -2 0 -2 0 1 -2 0 1 1 -2 -1 1 0 1 -2 -1 0 1 -2 -2 -2 -2 1 1 0 0 1 -1 1 -2 -1 -2 1 0 1 -2 
Start:  Sun Mar 20 22:12:15 EDT 2016
End  :  Sun Mar 20 23:04:24 EDT 2016
