
Parameter File Name is: hw3_prob_c.params

Setting up Fitness Function.....Iterated Prisoner's Dilemma
1	1	6.860	5.420	2.366
1	2	6.900	5.780	2.261
1	3	6.920	5.950	2.300
1	4	6.920	5.940	2.536
1	5	6.900	5.940	2.675
1	6	6.900	5.990	2.605
1	7	6.920	5.950	2.659
1	8	6.920	5.970	2.611
1	9	6.900	5.950	2.599
1	10	6.920	5.960	2.700
1	11	6.920	6.000	2.780
1	12	6.920	6.000	2.765
1	13	6.900	6.000	2.798
1	14	6.920	6.000	2.798
1	15	6.920	5.990	2.747
1	16	6.920	5.980	2.819
1	17	6.920	6.000	2.853
1	18	6.920	5.980	2.906
1	19	6.920	6.000	2.805
1	20	6.920	5.990	2.792
1	21	6.920	5.990	2.814
1	22	6.920	5.990	2.951
1	23	6.920	5.990	2.859
1	24	6.920	5.990	3.017
1	25	6.920	6.000	3.015
1	26	6.920	6.000	3.023
1	27	6.920	6.000	3.035
1	28	6.920	6.000	3.000
1	29	6.920	5.990	2.947
1	30	6.920	5.990	3.028
1	31	6.920	5.990	3.042
1	32	6.920	6.000	2.988
1	33	6.920	6.000	3.094
1	34	6.920	6.000	3.132
1	35	6.920	6.000	3.117
1	36	6.920	6.000	3.143
1	37	6.920	6.000	3.146
1	38	6.920	6.000	3.080
1	39	6.920	6.000	3.137
1	40	6.920	6.000	3.162
1	41	6.920	6.000	3.140
1	42	6.920	6.000	3.083
1	43	6.920	5.990	3.072
1	44	6.920	6.000	3.141
1	45	6.920	6.000	3.180
1	46	6.920	6.000	3.125
1	47	6.920	6.000	3.177
1	48	6.920	6.000	3.185
1	49	6.920	6.000	3.164
1	50	6.920	6.000	3.189
Executing FF Gene Output
1	B	6.92

2	1	6.860	5.330	2.568
2	2	6.920	5.870	2.330
2	3	6.920	5.930	2.799
2	4	6.920	5.940	2.835
2	5	6.920	5.990	2.916
2	6	6.920	5.980	2.844
2	7	6.920	6.000	2.883
2	8	6.920	6.000	2.963
2	9	6.920	5.990	2.956
2	10	6.920	5.990	2.949
2	11	6.920	5.970	3.086
2	12	6.920	6.000	3.125
2	13	6.920	6.000	3.188
2	14	6.920	6.000	3.154
2	15	6.920	6.000	3.175
2	16	6.920	5.990	3.162
2	17	6.920	6.000	3.162
2	18	6.920	6.000	3.180
2	19	6.920	5.990	3.224
2	20	6.920	6.000	3.175
2	21	6.920	6.000	3.169
2	22	6.920	6.000	3.151
2	23	6.920	6.000	3.154
2	24	6.920	6.000	3.213
2	25	6.920	6.000	3.161
2	26	6.920	6.000	3.207
2	27	6.920	6.000	3.229
2	28	6.920	6.000	3.207
2	29	6.920	6.000	3.238
2	30	6.920	6.000	3.227
2	31	6.920	6.000	3.232
2	32	6.920	6.000	3.227
2	33	6.920	6.000	3.191
2	34	6.920	6.000	3.235
2	35	6.920	6.000	3.180
2	36	6.920	6.000	3.235
2	37	6.920	6.000	3.235
2	38	6.920	6.000	3.208
2	39	6.920	6.000	3.254
2	40	6.920	6.000	3.219
2	41	6.920	6.000	3.227
2	42	6.920	6.000	3.200
2	43	6.920	6.000	3.204
2	44	6.920	6.000	3.218
2	45	6.920	6.000	3.235
2	46	6.920	6.000	3.263
2	47	6.920	6.000	3.226
2	48	6.920	6.000	3.249
2	49	6.920	6.000	3.232
2	50	6.920	6.000	3.191
Executing FF Gene Output
2	B	6.92

3	1	6.640	5.510	2.252
3	2	6.720	5.730	2.356
3	3	6.840	5.970	2.494
3	4	6.820	5.990	2.607
3	5	6.840	6.000	2.519
3	6	6.840	6.000	2.519
3	7	6.920	5.990	2.480
3	8	6.800	5.990	2.519
3	9	6.740	6.000	2.533
3	10	6.780	5.980	2.527
3	11	6.800	6.000	2.650
3	12	6.820	5.990	2.749
3	13	6.800	6.000	2.752
3	14	6.800	6.000	2.725
3	15	6.860	6.000	2.702
3	16	6.880	6.000	2.693
3	17	6.860	6.000	2.749
3	18	6.900	6.000	2.782
3	19	6.900	6.000	2.993
3	20	6.920	6.000	3.088
3	21	6.920	6.000	3.111
3	22	6.920	6.000	3.124
3	23	6.900	6.000	3.068
3	24	6.920	6.000	3.081
3	25	6.920	6.000	3.055
3	26	6.920	6.000	3.068
3	27	6.920	6.000	3.108
3	28	6.920	6.000	3.091
3	29	6.920	5.990	3.106
3	30	6.920	6.000	3.119
3	31	6.920	6.000	3.101
3	32	6.920	6.000	3.065
3	33	6.920	6.000	3.108
3	34	6.920	6.000	3.145
3	35	6.920	6.000	3.090
3	36	6.920	6.000	3.132
3	37	6.920	6.000	3.153
3	38	6.920	6.000	3.078
3	39	6.920	6.000	3.116
3	40	6.920	6.000	3.078
3	41	6.920	6.000	3.103
3	42	6.920	6.000	3.086
3	43	6.900	6.000	3.109
3	44	6.920	6.000	3.106
3	45	6.920	6.000	3.053
3	46	6.920	6.000	3.050
3	47	6.900	6.000	3.086
3	48	6.920	6.000	3.157
3	49	6.920	6.000	3.120
3	50	6.920	6.000	3.191
Executing FF Gene Output
3	B	6.92

4	1	6.580	5.490	2.163
4	2	6.920	5.690	2.198
4	3	6.920	5.870	2.417
4	4	6.920	5.880	2.565
4	5	6.920	5.940	2.532
4	6	6.920	5.910	2.569
4	7	6.920	5.930	2.668
4	8	6.920	5.940	2.575
4	9	6.920	5.950	2.603
4	10	6.920	5.920	2.690
4	11	6.920	5.880	2.514
4	12	6.920	6.000	2.576
4	13	6.920	5.970	2.754
4	14	6.920	5.960	2.728
4	15	6.920	6.000	2.644
4	16	6.920	5.950	2.768
4	17	6.920	5.950	2.768
4	18	6.920	5.960	2.715
4	19	6.920	5.950	2.702
4	20	6.920	5.980	2.741
4	21	6.920	5.960	2.719
4	22	6.920	5.960	2.736
4	23	6.920	5.990	2.754
4	24	6.920	5.970	2.732
4	25	6.920	5.990	2.800
4	26	6.920	5.970	2.801
4	27	6.920	5.980	2.743
4	28	6.920	5.990	2.754
4	29	6.920	5.980	2.758
4	30	6.920	5.980	2.730
4	31	6.920	5.990	2.798
4	32	6.920	5.990	2.796
4	33	6.920	5.990	2.792
4	34	6.920	5.990	2.836
4	35	6.920	5.930	2.752
4	36	6.920	5.970	2.749
4	37	6.920	5.980	2.745
4	38	6.920	5.950	2.748
4	39	6.920	5.950	2.726
4	40	6.920	5.930	2.792
4	41	6.920	5.960	2.700
4	42	6.920	5.940	2.851
4	43	6.920	5.960	2.823
4	44	6.920	5.990	2.749
4	45	6.920	5.990	2.732
4	46	6.920	5.960	2.769
4	47	6.920	5.980	2.828
4	48	6.920	6.000	2.773
4	49	6.920	5.980	2.738
4	50	6.920	6.000	2.697
Executing FF Gene Output
4	B	6.92

5	1	6.640	5.420	2.360
5	2	6.840	5.820	2.129
5	3	6.900	5.950	2.211
5	4	6.920	5.920	2.505
5	5	6.920	5.990	2.397
5	6	6.900	5.940	2.577
5	7	6.920	5.990	2.539
5	8	6.920	5.990	2.663
5	9	6.900	5.980	2.558
5	10	6.920	6.000	2.714
5	11	6.920	6.000	2.754
5	12	6.900	5.980	2.846
5	13	6.900	6.000	2.760
5	14	6.900	6.000	2.844
5	15	6.920	6.000	2.901
5	16	6.920	5.980	2.976
5	17	6.920	6.000	3.012
5	18	6.920	6.000	2.928
5	19	6.920	6.000	3.040
5	20	6.920	6.000	2.952
5	21	6.920	6.000	2.976
5	22	6.920	6.000	2.988
5	23	6.920	6.000	2.981
5	24	6.920	6.000	3.048
5	25	6.920	6.000	2.987
5	26	6.920	6.000	3.062
5	27	6.920	6.000	2.973
5	28	6.920	6.000	3.012
5	29	6.920	6.000	2.987
5	30	6.920	6.000	2.978
5	31	6.920	6.000	2.988
5	32	6.920	5.990	2.992
5	33	6.920	6.000	2.988
5	34	6.920	6.000	3.028
5	35	6.920	6.000	2.985
5	36	6.920	6.000	3.010
5	37	6.920	6.000	3.028
5	38	6.920	5.980	2.944
5	39	6.920	5.980	2.980
5	40	6.920	6.000	2.959
5	41	6.920	6.000	3.058
5	42	6.920	6.000	3.043
5	43	6.920	6.000	3.103
5	44	6.920	6.000	3.093
5	45	6.920	6.000	3.073
5	46	6.920	6.000	3.106
5	47	6.920	6.000	3.116
5	48	6.920	6.000	3.098
5	49	6.920	6.000	3.075
5	50	6.920	6.000	3.062
Executing FF Gene Output
5	B	6.92

6	1	6.780	5.410	2.385
6	2	6.920	5.820	2.069
6	3	6.920	5.880	2.552
6	4	6.920	5.810	2.799
6	5	6.920	5.880	2.783
6	6	6.920	5.930	2.763
6	7	6.920	5.900	2.809
6	8	6.920	5.880	2.720
6	9	6.920	5.880	2.900
6	10	6.920	5.950	2.909
6	11	6.920	5.950	3.030
6	12	6.920	5.990	3.057
6	13	6.920	6.000	3.067
6	14	6.920	6.000	2.959
6	15	6.920	5.980	3.018
6	16	6.920	5.970	3.035
6	17	6.920	5.990	2.992
6	18	6.920	5.960	3.032
6	19	6.920	6.000	3.038
6	20	6.920	6.000	3.086
6	21	6.920	6.000	3.080
6	22	6.920	6.000	3.098
6	23	6.920	5.990	3.094
6	24	6.920	5.990	3.068
6	25	6.920	5.980	3.035
6	26	6.920	6.000	3.125
6	27	6.920	6.000	3.080
6	28	6.920	6.000	3.145
6	29	6.920	5.970	3.047
6	30	6.920	5.990	2.988
6	31	6.920	5.990	3.065
6	32	6.920	5.990	3.065
6	33	6.920	5.990	3.002
6	34	6.920	5.990	3.027
6	35	6.920	6.000	3.000
6	36	6.920	5.980	3.022
6	37	6.920	5.990	2.971
6	38	6.920	5.980	3.007
6	39	6.920	5.990	3.023
6	40	6.920	5.980	2.988
6	41	6.920	6.000	3.013
6	42	6.920	5.990	3.003
6	43	6.920	6.000	2.995
6	44	6.920	5.980	3.030
6	45	6.920	5.990	3.023
6	46	6.920	6.000	3.047
6	47	6.920	6.000	3.072
6	48	6.920	5.990	3.062
6	49	6.920	6.000	3.035
6	50	6.920	5.970	3.122
Executing FF Gene Output
6	B	6.92

7	1	6.680	5.510	2.158
7	2	6.920	5.850	2.122
7	3	6.920	5.940	2.556
7	4	6.920	5.960	2.668
7	5	6.920	5.920	2.658
7	6	6.920	5.940	2.554
7	7	6.920	5.960	2.634
7	8	6.920	5.930	2.575
7	9	6.920	5.950	2.674
7	10	6.920	5.940	2.607
7	11	6.920	5.970	2.642
7	12	6.920	5.990	2.644
7	13	6.920	5.970	2.603
7	14	6.920	5.980	2.648
7	15	6.920	5.990	2.601
7	16	6.920	5.980	2.525
7	17	6.920	5.960	2.522
7	18	6.920	5.960	2.584
7	19	6.920	5.940	2.601
7	20	6.920	5.980	2.623
7	21	6.920	5.960	2.638
7	22	6.920	5.930	2.635
7	23	6.920	5.940	2.632
7	24	6.920	5.960	2.680
7	25	6.920	5.900	2.710
7	26	6.920	5.960	2.805
7	27	6.920	5.980	2.738
7	28	6.920	5.950	2.662
7	29	6.920	5.980	2.682
7	30	6.920	5.990	2.738
7	31	6.920	5.990	2.780
7	32	6.920	5.970	2.736
7	33	6.920	5.990	2.789
7	34	6.920	5.960	2.798
7	35	6.920	5.980	2.819
7	36	6.920	5.980	2.819
7	37	6.920	6.000	2.717
7	38	6.920	5.990	2.852
7	39	6.920	5.940	3.016
7	40	6.920	5.980	3.047
7	41	6.920	5.940	3.015
7	42	6.920	5.970	2.986
7	43	6.920	6.000	3.017
7	44	6.920	5.990	3.085
7	45	6.920	5.980	3.007
7	46	6.920	5.990	2.913
7	47	6.920	6.000	3.002
7	48	6.920	5.970	3.078
7	49	6.920	5.980	3.058
7	50	6.920	5.980	3.027
Executing FF Gene Output
7	B	6.92

8	1	6.600	5.380	2.413
8	2	6.820	5.860	1.970
8	3	6.920	5.910	2.429
8	4	6.920	5.960	3.011
8	5	6.920	5.990	3.162
8	6	6.920	6.000	3.191
8	7	6.920	6.000	3.148
8	8	6.920	6.000	3.104
8	9	6.920	5.990	3.177
8	10	6.920	6.000	3.133
8	11	6.920	6.000	3.117
8	12	6.920	6.000	3.132
8	13	6.920	6.000	3.111
8	14	6.920	5.990	3.156
8	15	6.920	6.000	3.196
8	16	6.920	5.990	3.137
8	17	6.920	6.000	3.109
8	18	6.920	5.990	3.162
8	19	6.920	6.000	3.117
8	20	6.920	6.000	3.164
8	21	6.920	5.990	3.148
8	22	6.920	6.000	3.165
8	23	6.920	6.000	3.143
8	24	6.920	6.000	3.132
8	25	6.920	6.000	3.178
8	26	6.920	6.000	3.145
8	27	6.920	6.000	3.157
8	28	6.920	6.000	3.124
8	29	6.920	6.000	3.141
8	30	6.920	6.000	3.132
8	31	6.920	6.000	3.153
8	32	6.920	6.000	3.148
8	33	6.920	6.000	3.156
8	34	6.920	6.000	3.156
8	35	6.920	6.000	3.149
8	36	6.920	5.980	2.844
8	37	6.920	5.990	3.050
8	38	6.920	5.990	3.052
8	39	6.920	5.990	3.073
8	40	6.920	6.000	3.040
8	41	6.920	6.000	3.112
8	42	6.920	6.000	3.112
8	43	6.920	6.000	3.072
8	44	6.920	6.000	3.135
8	45	6.920	6.000	3.108
8	46	6.920	6.000	3.133
8	47	6.920	6.000	3.086
8	48	6.920	6.000	3.151
8	49	6.920	6.000	3.137
8	50	6.920	6.000	3.067
Executing FF Gene Output
8	B	6.92

9	1	6.920	5.390	2.453
9	2	6.900	5.840	2.212
9	3	6.900	5.890	2.378
9	4	6.880	5.960	2.311
9	5	6.920	5.980	2.476
9	6	6.900	5.950	2.399
9	7	6.920	5.980	2.378
9	8	6.920	5.970	2.496
9	9	6.920	5.970	2.278
9	10	6.920	5.990	2.445
9	11	6.920	6.000	2.488
9	12	6.920	5.980	2.568
9	13	6.920	5.990	2.630
9	14	6.900	6.000	2.672
9	15	6.920	5.990	2.564
9	16	6.920	5.960	2.715
9	17	6.920	5.980	2.760
9	18	6.920	5.980	2.765
9	19	6.920	6.000	2.844
9	20	6.920	5.990	2.741
9	21	6.920	5.990	2.628
9	22	6.920	5.990	2.832
9	23	6.920	5.990	2.710
9	24	6.920	6.000	2.765
9	25	6.920	5.960	2.780
9	26	6.920	5.980	2.695
9	27	6.920	5.980	2.728
9	28	6.920	5.990	2.661
9	29	6.920	5.960	2.758
9	30	6.920	5.890	2.763
9	31	6.920	5.940	2.641
9	32	6.920	5.960	2.696
9	33	6.920	5.950	2.674
9	34	6.920	5.980	2.798
9	35	6.920	5.990	2.819
9	36	6.920	5.990	2.971
9	37	6.920	6.000	3.010
9	38	6.920	6.000	3.103
9	39	6.920	6.000	2.973
9	40	6.920	6.000	3.086
9	41	6.920	6.000	3.090
9	42	6.920	6.000	2.983
9	43	6.920	5.990	3.053
9	44	6.920	6.000	2.959
9	45	6.920	6.000	3.047
9	46	6.920	6.000	3.052
9	47	6.920	6.000	2.997
9	48	6.920	5.990	3.086
9	49	6.920	6.000	2.949
9	50	6.920	6.000	2.988
Executing FF Gene Output
9	B	6.92

10	1	6.500	5.350	2.455
10	2	6.900	5.860	2.130
10	3	6.840	5.990	2.452
10	4	6.900	5.990	2.515
10	5	6.880	6.000	2.494
10	6	6.900	6.000	2.429
10	7	6.900	5.990	2.515
10	8	6.900	5.990	2.689
10	9	6.900	6.000	2.719
10	10	6.900	5.990	2.816
10	11	6.900	6.000	2.802
10	12	6.880	6.000	2.715
10	13	6.900	5.990	2.769
10	14	6.880	6.000	2.823
10	15	6.880	6.000	2.812
10	16	6.900	6.000	2.776
10	17	6.900	6.000	2.837
10	18	6.900	6.000	2.803
10	19	6.900	6.000	2.811
10	20	6.920	6.000	2.867
10	21	6.920	5.990	2.880
10	22	6.920	6.000	2.895
10	23	6.920	6.000	2.901
10	24	6.900	6.000	2.853
10	25	6.880	6.000	2.794
10	26	6.880	5.990	2.866
10	27	6.920	6.000	2.894
10	28	6.900	5.990	2.805
10	29	6.880	6.000	2.932
10	30	6.900	6.000	2.841
10	31	6.900	5.990	2.934
10	32	6.920	6.000	2.857
10	33	6.860	6.000	2.873
10	34	6.900	6.000	2.922
10	35	6.880	6.000	2.899
10	36	6.900	6.000	2.909
10	37	6.900	6.000	2.897
10	38	6.900	6.000	2.902
10	39	6.880	6.000	2.876
10	40	6.900	6.000	2.956
10	41	6.900	6.000	2.959
10	42	6.920	6.000	2.923
10	43	6.900	6.000	2.925
10	44	6.920	6.000	2.930
10	45	6.920	6.000	2.992
10	46	6.900	6.000	2.983
10	47	6.920	6.000	2.915
10	48	6.900	5.980	2.878
10	49	6.900	6.000	2.940
10	50	6.920	6.000	2.899
Executing FF Gene Output
10	B	6.92

11	1	6.360	5.410	2.319
11	2	6.860	5.780	2.033
11	3	6.740	5.890	2.183
11	4	6.840	5.950	2.348
11	5	6.860	5.980	2.254
11	6	6.820	5.990	2.372
11	7	6.820	5.990	2.402
11	8	6.820	5.990	2.378
11	9	6.820	5.990	2.357
11	10	6.860	6.000	2.372
11	11	6.840	6.000	2.389
11	12	6.920	6.000	2.357
11	13	6.800	6.000	2.416
11	14	6.880	5.990	2.391
11	15	6.780	6.000	2.290
11	16	6.820	6.000	2.359
11	17	6.880	6.000	2.443
11	18	6.920	6.000	2.687
11	19	6.920	5.990	2.809
11	20	6.920	5.980	2.892
11	21	6.920	6.000	2.925
11	22	6.920	6.000	2.874
11	23	6.920	5.980	2.794
11	24	6.920	6.000	2.901
11	25	6.920	6.000	2.951
11	26	6.920	6.000	2.949
11	27	6.920	6.000	2.922
11	28	6.920	6.000	2.925
11	29	6.920	6.000	2.981
11	30	6.920	6.000	2.946
11	31	6.920	6.000	2.897
11	32	6.920	5.990	2.902
11	33	6.920	6.000	2.927
11	34	6.920	6.000	2.894
11	35	6.920	6.000	2.928
11	36	6.920	5.990	2.887
11	37	6.920	6.000	2.852
11	38	6.920	6.000	2.852
11	39	6.920	5.990	2.866
11	40	6.920	5.980	2.819
11	41	6.920	6.000	2.812
11	42	6.920	5.990	2.798
11	43	6.920	5.990	2.816
11	44	6.920	6.000	2.800
11	45	6.920	5.990	2.892
11	46	6.920	5.980	2.819
11	47	6.920	6.000	2.832
11	48	6.920	5.990	2.738
11	49	6.920	6.000	2.819
11	50	6.920	5.980	2.859
Executing FF Gene Output
11	B	6.92

12	1	6.780	5.450	2.260
12	2	6.920	5.860	2.207
12	3	6.920	5.900	2.576
12	4	6.920	5.890	2.601
12	5	6.920	5.930	2.664
12	6	6.920	5.900	2.615
12	7	6.920	5.970	2.726
12	8	6.920	5.950	2.670
12	9	6.920	5.920	2.856
12	10	6.920	5.850	2.797
12	11	6.920	5.970	2.778
12	12	6.920	5.990	2.885
12	13	6.920	5.980	2.895
12	14	6.920	5.920	2.857
12	15	6.920	5.930	2.849
12	16	6.920	5.950	2.950
12	17	6.920	5.990	2.970
12	18	6.920	5.900	2.834
12	19	6.920	5.990	2.954
12	20	6.920	5.980	2.968
12	21	6.920	6.000	3.043
12	22	6.920	6.000	3.022
12	23	6.920	6.000	3.023
12	24	6.920	6.000	3.081
12	25	6.920	5.990	3.085
12	26	6.920	6.000	3.037
12	27	6.920	6.000	3.132
12	28	6.920	6.000	3.101
12	29	6.920	6.000	3.127
12	30	6.920	6.000	3.109
12	31	6.920	6.000	3.038
12	32	6.920	6.000	3.043
12	33	6.920	6.000	3.094
12	34	6.920	6.000	3.096
12	35	6.920	6.000	3.093
12	36	6.920	5.990	2.828
12	37	6.920	5.990	2.927
12	38	6.920	5.990	2.922
12	39	6.920	5.980	2.902
12	40	6.920	5.980	2.939
12	41	6.920	6.000	2.873
12	42	6.920	5.990	2.728
12	43	6.920	5.990	2.869
12	44	6.920	5.990	2.871
12	45	6.920	5.990	2.916
12	46	6.920	5.970	2.976
12	47	6.920	5.980	2.814
12	48	6.920	5.970	2.902
12	49	6.920	6.000	2.827
12	50	6.920	5.930	2.828
Executing FF Gene Output
12	B	6.92

13	1	6.700	5.480	2.322
13	2	6.920	5.860	2.285
13	3	6.920	5.910	2.880
13	4	6.920	5.960	2.799
13	5	6.920	5.950	2.840
13	6	6.920	5.940	2.744
13	7	6.920	5.900	2.672
13	8	6.920	5.930	2.766
13	9	6.920	5.940	2.835
13	10	6.920	5.930	2.826
13	11	6.920	5.940	2.795
13	12	6.920	5.870	2.880
13	13	6.920	5.920	2.824
13	14	6.920	5.950	2.792
13	15	6.920	5.920	2.764
13	16	6.920	5.890	2.787
13	17	6.920	5.890	2.790
13	18	6.920	5.950	2.685
13	19	6.920	5.950	2.794
13	20	6.920	5.940	2.704
13	21	6.920	5.930	2.624
13	22	6.920	5.950	2.879
13	23	6.920	5.950	2.874
13	24	6.920	5.970	2.812
13	25	6.920	5.940	2.916
13	26	6.920	5.970	2.823
13	27	6.920	5.970	2.814
13	28	6.920	5.960	2.952
13	29	6.920	5.980	2.859
13	30	6.920	5.990	2.834
13	31	6.920	5.990	2.971
13	32	6.920	6.000	3.027
13	33	6.920	6.000	2.816
13	34	6.920	6.000	2.964
13	35	6.920	6.000	2.906
13	36	6.920	5.990	2.951
13	37	6.920	6.000	2.862
13	38	6.920	6.000	2.827
13	39	6.920	5.990	2.828
13	40	6.920	5.990	2.880
13	41	6.920	5.990	2.871
13	42	6.920	6.000	2.809
13	43	6.920	5.980	2.789
13	44	6.920	6.000	2.925
13	45	6.920	6.000	2.920
13	46	6.920	6.000	2.930
13	47	6.920	5.990	2.888
13	48	6.920	6.000	2.852
13	49	6.920	5.990	2.927
13	50	6.920	6.000	3.007
Executing FF Gene Output
13	B	6.92

14	1	6.760	5.500	2.222
14	2	6.920	5.880	2.409
14	3	6.920	5.970	2.816
14	4	6.920	5.970	3.002
14	5	6.920	5.990	3.032
14	6	6.900	6.000	3.023
14	7	6.920	6.000	3.072
14	8	6.920	5.990	3.038
14	9	6.920	6.000	3.002
14	10	6.920	6.000	3.091
14	11	6.920	6.000	2.993
14	12	6.920	6.000	3.093
14	13	6.920	5.980	3.045
14	14	6.920	5.990	3.047
14	15	6.920	6.000	3.008
14	16	6.920	6.000	3.018
14	17	6.920	5.990	3.007
14	18	6.900	5.990	2.959
14	19	6.900	5.990	2.983
14	20	6.920	6.000	3.035
14	21	6.920	6.000	3.027
14	22	6.920	6.000	3.133
14	23	6.920	5.990	3.050
14	24	6.920	6.000	3.063
14	25	6.920	6.000	3.055
14	26	6.920	6.000	3.088
14	27	6.920	6.000	3.093
14	28	6.920	6.000	3.141
14	29	6.920	6.000	3.154
14	30	6.920	6.000	3.133
14	31	6.920	6.000	3.156
14	32	6.920	6.000	3.183
14	33	6.920	6.000	3.157
14	34	6.920	6.000	3.154
14	35	6.920	6.000	3.230
14	36	6.920	6.000	3.229
14	37	6.920	5.990	3.169
14	38	6.920	6.000	3.191
14	39	6.920	6.000	3.192
14	40	6.920	6.000	3.218
14	41	6.920	6.000	3.169
14	42	6.920	6.000	3.238
14	43	6.920	6.000	3.199
14	44	6.920	6.000	3.169
14	45	6.920	5.990	3.207
14	46	6.920	5.990	3.124
14	47	6.920	6.000	3.125
14	48	6.920	5.990	3.094
14	49	6.920	6.000	3.067
14	50	6.920	5.990	3.055
Executing FF Gene Output
14	B	6.92

15	1	6.880	5.470	2.298
15	2	6.920	5.680	2.599
15	3	6.900	5.820	2.556
15	4	6.880	5.860	2.576
15	5	6.900	5.850	2.595
15	6	6.920	5.850	2.685
15	7	6.920	5.920	2.549
15	8	6.920	5.890	2.595
15	9	6.920	5.870	2.643
15	10	6.920	5.880	2.651
15	11	6.900	5.860	2.659
15	12	6.920	5.830	2.723
15	13	6.900	5.850	2.709
15	14	6.920	5.880	2.698
15	15	6.920	5.910	2.804
15	16	6.920	5.940	2.774
15	17	6.920	5.950	2.895
15	18	6.920	5.960	2.921
15	19	6.920	5.990	2.932
15	20	6.920	5.980	2.993
15	21	6.920	6.000	3.062
15	22	6.920	5.990	2.976
15	23	6.920	5.990	3.047
15	24	6.920	5.990	3.058
15	25	6.920	5.990	3.129
15	26	6.920	5.970	3.098
15	27	6.920	6.000	3.055
15	28	6.920	5.990	3.015
15	29	6.920	5.990	3.010
15	30	6.920	5.990	2.942
15	31	6.920	5.980	3.065
15	32	6.920	5.980	3.005
15	33	6.920	6.000	2.990
15	34	6.920	6.000	3.138
15	35	6.920	5.990	3.151
15	36	6.920	5.990	3.151
15	37	6.920	6.000	3.112
15	38	6.920	6.000	3.076
15	39	6.920	6.000	3.096
15	40	6.920	6.000	3.098
15	41	6.920	5.990	3.096
15	42	6.920	6.000	3.124
15	43	6.920	6.000	3.133
15	44	6.920	6.000	3.125
15	45	6.920	6.000	3.111
15	46	6.920	6.000	3.094
15	47	6.920	6.000	3.116
15	48	6.920	6.000	3.109
15	49	6.920	5.990	3.070
15	50	6.920	5.990	3.055
Executing FF Gene Output
15	B	6.92

16	1	6.860	5.450	2.265
16	2	6.920	5.720	2.230
16	3	6.920	5.950	2.726
16	4	6.920	6.000	2.901
16	5	6.920	6.000	2.895
16	6	6.920	6.000	2.906
16	7	6.920	6.000	2.880
16	8	6.920	6.000	2.918
16	9	6.920	6.000	2.918
16	10	6.920	6.000	2.918
16	11	6.920	6.000	2.949
16	12	6.920	6.000	2.885
16	13	6.920	6.000	2.915
16	14	6.920	5.990	2.897
16	15	6.920	6.000	2.890
16	16	6.920	6.000	2.902
16	17	6.920	6.000	2.934
16	18	6.920	6.000	2.904
16	19	6.920	6.000	2.954
16	20	6.920	5.990	2.890
16	21	6.920	6.000	2.930
16	22	6.920	6.000	2.944
16	23	6.920	6.000	2.998
16	24	6.920	5.990	2.963
16	25	6.920	5.990	2.937
16	26	6.920	6.000	2.880
16	27	6.920	6.000	2.961
16	28	6.920	6.000	2.906
16	29	6.920	6.000	2.954
16	30	6.920	6.000	2.995
16	31	6.920	6.000	3.012
16	32	6.900	6.000	2.983
16	33	6.920	5.990	2.922
16	34	6.920	6.000	2.959
16	35	6.920	6.000	2.942
16	36	6.920	6.000	3.018
16	37	6.920	6.000	2.873
16	38	6.920	6.000	2.987
16	39	6.920	5.990	2.983
16	40	6.920	6.000	3.000
16	41	6.920	6.000	3.027
16	42	6.920	6.000	3.007
16	43	6.920	6.000	3.072
16	44	6.920	6.000	3.035
16	45	6.920	6.000	2.997
16	46	6.920	6.000	3.013
16	47	6.920	6.000	3.007
16	48	6.920	6.000	3.032
16	49	6.920	6.000	3.012
16	50	6.920	6.000	3.028
Executing FF Gene Output
16	B	6.92

17	1	6.480	5.440	2.361
17	2	6.680	5.700	2.077
17	3	6.920	5.900	1.904
17	4	6.920	5.960	2.324
17	5	6.900	6.000	2.414
17	6	6.840	5.980	2.346
17	7	6.880	6.000	2.408
17	8	6.900	6.000	2.393
17	9	6.920	6.000	2.418
17	10	6.920	6.000	2.290
17	11	6.900	6.000	2.433
17	12	6.900	6.000	2.351
17	13	6.880	6.000	2.374
17	14	6.900	6.000	2.414
17	15	6.920	6.000	2.331
17	16	6.900	6.000	2.281
17	17	6.900	6.000	2.348
17	18	6.920	6.000	2.613
17	19	6.920	6.000	3.068
17	20	6.920	6.000	3.162
17	21	6.920	6.000	3.146
17	22	6.920	6.000	3.109
17	23	6.920	6.000	3.067
17	24	6.920	6.000	3.067
17	25	6.920	6.000	3.122
17	26	6.920	6.000	3.065
17	27	6.920	6.000	3.127
17	28	6.920	6.000	3.154
17	29	6.920	6.000	3.137
17	30	6.920	6.000	3.132
17	31	6.920	6.000	3.151
17	32	6.920	6.000	3.149
17	33	6.920	6.000	3.167
17	34	6.920	6.000	3.148
17	35	6.920	6.000	3.172
17	36	6.920	6.000	3.161
17	37	6.920	6.000	3.137
17	38	6.920	6.000	3.167
17	39	6.920	6.000	3.192
17	40	6.920	6.000	3.145
17	41	6.920	6.000	3.135
17	42	6.920	6.000	3.108
17	43	6.920	6.000	3.169
17	44	6.920	6.000	3.135
17	45	6.920	6.000	3.148
17	46	6.920	6.000	3.122
17	47	6.920	6.000	3.141
17	48	6.920	6.000	3.114
17	49	6.920	6.000	3.138
17	50	6.920	6.000	3.161
Executing FF Gene Output
17	B	6.92

18	1	6.880	5.340	2.473
18	2	6.860	5.830	2.188
18	3	6.840	5.960	2.367
18	4	6.860	5.990	2.452
18	5	6.880	5.990	2.478
18	6	6.880	6.000	2.507
18	7	6.880	6.000	2.636
18	8	6.860	6.000	2.665
18	9	6.860	6.000	2.798
18	10	6.880	6.000	2.827
18	11	6.860	6.000	2.783
18	12	6.880	6.000	2.792
18	13	6.880	6.000	2.846
18	14	6.860	6.000	2.807
18	15	6.860	6.000	2.850
18	16	6.880	6.000	2.874
18	17	6.920	6.000	2.871
18	18	6.900	6.000	2.844
18	19	6.920	6.000	3.058
18	20	6.920	6.000	3.099
18	21	6.920	6.000	3.145
18	22	6.920	6.000	3.192
18	23	6.920	6.000	3.145
18	24	6.920	6.000	3.177
18	25	6.920	6.000	3.181
18	26	6.920	5.990	3.165
18	27	6.920	6.000	3.130
18	28	6.920	6.000	3.149
18	29	6.920	6.000	3.135
18	30	6.920	6.000	3.189
18	31	6.920	6.000	3.161
18	32	6.920	6.000	3.106
18	33	6.920	6.000	3.145
18	34	6.920	6.000	3.145
18	35	6.920	6.000	3.157
18	36	6.920	6.000	3.148
18	37	6.920	6.000	3.130
18	38	6.920	6.000	3.099
18	39	6.920	6.000	3.146
18	40	6.920	6.000	3.173
18	41	6.920	6.000	3.098
18	42	6.920	6.000	3.151
18	43	6.920	6.000	3.181
18	44	6.920	6.000	3.153
18	45	6.920	6.000	3.175
18	46	6.920	6.000	3.169
18	47	6.920	6.000	3.157
18	48	6.920	6.000	3.154
18	49	6.920	6.000	3.132
18	50	6.920	6.000	3.161
Executing FF Gene Output
18	B	6.92

19	1	6.800	5.390	2.439
19	2	6.920	5.860	2.238
19	3	6.920	5.890	2.817
19	4	6.920	5.970	2.866
19	5	6.920	5.970	3.002
19	6	6.920	5.990	2.925
19	7	6.920	5.980	2.908
19	8	6.920	6.000	2.944
19	9	6.920	5.990	2.944
19	10	6.920	5.980	2.934
19	11	6.920	5.980	3.000
19	12	6.920	6.000	2.966
19	13	6.920	6.000	2.928
19	14	6.920	6.000	2.971
19	15	6.920	6.000	2.988
19	16	6.920	6.000	2.906
19	17	6.920	6.000	2.993
19	18	6.920	5.990	2.937
19	19	6.920	6.000	2.990
19	20	6.920	6.000	3.045
19	21	6.920	6.000	2.925
19	22	6.920	6.000	3.010
19	23	6.920	6.000	2.915
19	24	6.920	6.000	2.949
19	25	6.920	6.000	2.978
19	26	6.920	6.000	2.987
19	27	6.920	6.000	2.998
19	28	6.920	6.000	2.998
19	29	6.920	6.000	2.980
19	30	6.920	6.000	2.925
19	31	6.920	6.000	3.022
19	32	6.920	6.000	2.988
19	33	6.920	6.000	2.897
19	34	6.920	6.000	2.947
19	35	6.920	6.000	2.946
19	36	6.920	6.000	2.966
19	37	6.920	5.990	2.978
19	38	6.920	6.000	2.993
19	39	6.920	6.000	2.961
19	40	6.920	6.000	2.913
19	41	6.920	6.000	2.993
19	42	6.920	5.990	3.052
19	43	6.920	6.000	3.075
19	44	6.920	6.000	3.030
19	45	6.920	6.000	3.072
19	46	6.920	6.000	3.045
19	47	6.920	6.000	3.067
19	48	6.920	6.000	3.103
19	49	6.920	5.990	3.032
19	50	6.920	6.000	2.920
Executing FF Gene Output
19	B	6.92

20	1	6.820	5.440	2.361
20	2	6.920	5.850	2.153
20	3	6.880	5.880	2.228
20	4	6.840	5.870	2.336
20	5	6.920	5.940	2.371
20	6	6.920	5.960	2.397
20	7	6.880	5.890	2.401
20	8	6.900	5.950	2.215
20	9	6.880	5.940	2.390
20	10	6.880	5.960	2.453
20	11	6.880	5.950	2.482
20	12	6.900	5.950	2.540
20	13	6.920	5.990	2.408
20	14	6.920	5.970	2.468
20	15	6.900	5.980	2.511
20	16	6.920	5.970	2.562
20	17	6.920	5.950	2.580
20	18	6.920	5.960	2.516
20	19	6.920	5.940	2.536
20	20	6.900	5.900	2.564
20	21	6.900	5.980	2.655
20	22	6.860	5.940	2.546
20	23	6.920	5.980	2.554
20	24	6.920	5.960	2.723
20	25	6.880	5.990	2.650
20	26	6.920	5.990	2.621
20	27	6.920	5.970	2.683
20	28	6.900	5.970	2.665
20	29	6.900	5.990	2.767
20	30	6.920	6.000	2.684
20	31	6.880	6.000	2.741
20	32	6.860	5.990	2.704
20	33	6.920	6.000	2.734
20	34	6.920	5.960	2.781
20	35	6.920	6.000	2.754
20	36	6.920	6.000	2.800
20	37	6.920	6.000	2.818
20	38	6.920	6.000	2.846
20	39	6.900	6.000	2.823
20	40	6.920	6.000	2.765
20	41	6.900	6.000	2.850
20	42	6.920	6.000	2.909
20	43	6.920	6.000	2.825
20	44	6.920	6.000	2.939
20	45	6.920	5.990	2.899
20	46	6.920	6.000	2.823
20	47	6.920	6.000	2.783
20	48	6.920	5.990	2.888
20	49	6.920	5.970	2.708
20	50	6.900	5.970	2.818
Executing FF Gene Output
20	B	6.92

21	1	6.320	5.390	2.367
21	2	6.760	5.690	2.011
21	3	6.760	5.830	1.862
21	4	6.700	5.830	2.013
21	5	6.820	5.850	2.091
21	6	6.760	5.870	2.126
21	7	6.800	5.930	2.248
21	8	6.900	5.910	2.168
21	9	6.760	5.940	1.930
21	10	6.760	5.920	2.235
21	11	6.840	5.930	2.373
21	12	6.800	5.910	2.305
21	13	6.840	5.940	2.363
21	14	6.800	6.000	2.402
21	15	6.840	6.000	2.472
21	16	6.840	5.990	2.433
21	17	6.800	5.990	2.410
21	18	6.780	6.000	2.427
21	19	6.880	6.000	2.439
21	20	6.860	6.000	2.456
21	21	6.800	6.000	2.443
21	22	6.900	6.000	2.503
21	23	6.820	6.000	2.484
21	24	6.820	6.000	2.433
21	25	6.820	6.000	2.458
21	26	6.860	5.990	2.603
21	27	6.860	6.000	2.498
21	28	6.840	6.000	2.603
21	29	6.820	6.000	2.541
21	30	6.820	6.000	2.458
21	31	6.860	6.000	2.523
21	32	6.800	6.000	2.586
21	33	6.860	6.000	2.600
21	34	6.860	6.000	2.607
21	35	6.860	6.000	2.640
21	36	6.840	5.990	2.600
21	37	6.820	6.000	2.576
21	38	6.820	6.000	2.609
21	39	6.800	6.000	2.594
21	40	6.800	6.000	2.625
21	41	6.820	6.000	2.590
21	42	6.880	6.000	2.588
21	43	6.860	6.000	2.680
21	44	6.840	6.000	2.706
21	45	6.880	6.000	2.778
21	46	6.860	5.990	2.819
21	47	6.840	6.000	2.873
21	48	6.840	6.000	2.862
21	49	6.880	6.000	2.908
21	50	6.860	6.000	2.881
Executing FF Gene Output
21	B	6.9

22	1	6.600	5.430	2.371
22	2	6.920	5.890	2.171
22	3	6.920	5.980	2.809
22	4	6.920	6.000	2.785
22	5	6.920	6.000	2.889
22	6	6.920	6.000	2.889
22	7	6.920	5.980	2.812
22	8	6.920	6.000	2.743
22	9	6.920	6.000	2.798
22	10	6.920	6.000	2.911
22	11	6.920	6.000	2.913
22	12	6.920	6.000	2.747
22	13	6.920	5.980	2.986
22	14	6.920	6.000	2.846
22	15	6.920	5.990	2.911
22	16	6.920	6.000	2.816
22	17	6.920	6.000	2.830
22	18	6.920	5.990	2.721
22	19	6.920	5.990	2.839
22	20	6.920	6.000	2.821
22	21	6.920	6.000	2.821
22	22	6.920	6.000	2.916
22	23	6.920	6.000	2.942
22	24	6.920	6.000	2.904
22	25	6.920	6.000	2.964
22	26	6.920	5.990	2.990
22	27	6.920	6.000	3.012
22	28	6.920	6.000	3.000
22	29	6.920	6.000	3.028
22	30	6.920	6.000	2.964
22	31	6.920	6.000	2.978
22	32	6.920	6.000	2.983
22	33	6.920	6.000	2.973
22	34	6.920	6.000	3.086
22	35	6.920	6.000	3.070
22	36	6.920	6.000	3.048
22	37	6.920	6.000	3.007
22	38	6.920	6.000	3.047
22	39	6.920	6.000	3.090
22	40	6.920	6.000	3.045
22	41	6.920	6.000	2.998
22	42	6.920	6.000	2.976
22	43	6.920	6.000	2.995
22	44	6.920	6.000	2.971
22	45	6.920	6.000	3.023
22	46	6.920	6.000	3.027
22	47	6.920	6.000	2.927
22	48	6.920	6.000	2.944
22	49	6.920	6.000	2.964
22	50	6.920	6.000	3.027
Executing FF Gene Output
22	B	6.92

23	1	6.920	5.440	2.367
23	2	6.920	5.840	2.585
23	3	6.920	5.940	2.988
23	4	6.920	6.000	3.028
23	5	6.920	5.970	3.042
23	6	6.920	5.980	3.037
23	7	6.920	5.970	3.008
23	8	6.920	6.000	3.050
23	9	6.920	6.000	3.002
23	10	6.920	6.000	3.072
23	11	6.920	5.990	3.050
23	12	6.920	6.000	3.124
23	13	6.920	6.000	3.165
23	14	6.920	6.000	3.154
23	15	6.920	6.000	3.207
23	16	6.920	6.000	3.181
23	17	6.920	6.000	3.208
23	18	6.920	6.000	3.230
23	19	6.920	6.000	3.244
23	20	6.920	6.000	3.205
23	21	6.920	5.990	3.188
23	22	6.920	6.000	3.165
23	23	6.920	5.990	3.149
23	24	6.920	5.980	3.184
23	25	6.920	5.980	3.184
23	26	6.920	6.000	3.188
23	27	6.920	5.990	3.146
23	28	6.920	5.990	3.169
23	29	6.920	6.000	3.125
23	30	6.920	5.990	3.141
23	31	6.920	5.980	3.143
23	32	6.920	5.970	3.153
23	33	6.920	5.980	3.183
23	34	6.920	5.990	3.162
23	35	6.920	5.990	3.199
23	36	6.920	5.990	3.194
23	37	6.920	5.990	3.172
23	38	6.920	6.000	3.161
23	39	6.920	5.990	3.159
23	40	6.920	6.000	3.219
23	41	6.920	6.000	3.185
23	42	6.920	6.000	3.211
23	43	6.920	6.000	3.250
23	44	6.920	6.000	3.219
23	45	6.920	6.000	3.221
23	46	6.920	6.000	3.236
23	47	6.920	6.000	3.281
23	48	6.920	6.000	3.257
23	49	6.920	6.000	3.261
23	50	6.920	6.000	3.297
Executing FF Gene Output
23	B	6.92

24	1	6.640	5.470	2.281
24	2	6.860	5.840	2.102
24	3	6.920	5.920	2.557
24	4	6.920	5.940	2.601
24	5	6.920	5.930	2.718
24	6	6.920	5.900	2.697
24	7	6.920	5.990	2.946
24	8	6.920	6.000	3.063
24	9	6.920	5.990	2.997
24	10	6.920	6.000	3.047
24	11	6.920	6.000	2.992
24	12	6.920	6.000	2.983
24	13	6.920	6.000	3.018
24	14	6.920	6.000	2.937
24	15	6.920	6.000	3.063
24	16	6.920	6.000	2.988
24	17	6.920	6.000	3.008
24	18	6.920	5.990	3.027
24	19	6.920	6.000	3.025
24	20	6.920	6.000	3.045
24	21	6.920	6.000	2.959
24	22	6.920	6.000	3.015
24	23	6.920	6.000	2.992
24	24	6.920	6.000	3.040
24	25	6.920	6.000	2.998
24	26	6.920	6.000	3.053
24	27	6.920	6.000	2.998
24	28	6.920	6.000	3.027
24	29	6.920	5.990	3.012
24	30	6.920	5.990	3.000
24	31	6.920	6.000	3.033
24	32	6.920	5.980	2.920
24	33	6.920	6.000	3.030
24	34	6.920	6.000	3.005
24	35	6.920	6.000	3.020
24	36	6.920	6.000	3.043
24	37	6.920	6.000	2.998
24	38	6.920	6.000	2.956
24	39	6.920	6.000	3.073
24	40	6.920	6.000	2.973
24	41	6.920	6.000	3.070
24	42	6.920	6.000	3.023
24	43	6.920	6.000	3.070
24	44	6.920	6.000	2.995
24	45	6.920	5.990	3.075
24	46	6.920	6.000	3.053
24	47	6.920	6.000	3.017
24	48	6.920	6.000	3.037
24	49	6.920	6.000	3.088
24	50	6.920	6.000	3.052
Executing FF Gene Output
24	B	6.92

25	1	6.620	5.470	2.269
25	2	6.920	5.820	2.201
25	3	6.920	5.950	2.785
25	4	6.920	6.000	2.878
25	5	6.900	5.990	2.909
25	6	6.920	6.000	2.944
25	7	6.920	6.000	2.796
25	8	6.920	6.000	2.878
25	9	6.920	6.000	2.946
25	10	6.920	6.000	2.935
25	11	6.920	6.000	2.992
25	12	6.920	6.000	2.922
25	13	6.920	6.000	2.939
25	14	6.920	6.000	2.954
25	15	6.920	6.000	3.003
25	16	6.920	6.000	2.964
25	17	6.920	6.000	2.942
25	18	6.920	6.000	2.987
25	19	6.920	6.000	2.946
25	20	6.920	6.000	2.934
25	21	6.920	6.000	3.005
25	22	6.920	6.000	2.947
25	23	6.920	6.000	2.997
25	24	6.920	6.000	2.928
25	25	6.920	6.000	2.966
25	26	6.920	5.990	2.949
25	27	6.920	6.000	2.975
25	28	6.920	6.000	2.997
25	29	6.920	6.000	2.976
25	30	6.920	6.000	2.968
25	31	6.920	6.000	2.997
25	32	6.920	6.000	3.033
25	33	6.920	6.000	2.958
25	34	6.920	6.000	3.010
25	35	6.920	6.000	3.000
25	36	6.920	6.000	3.012
25	37	6.920	6.000	2.980
25	38	6.920	6.000	3.045
25	39	6.920	6.000	2.988
25	40	6.920	6.000	2.995
25	41	6.920	6.000	3.038
25	42	6.920	6.000	2.939
25	43	6.920	6.000	3.003
25	44	6.920	6.000	2.995
25	45	6.920	6.000	2.908
25	46	6.920	6.000	2.970
25	47	6.920	6.000	3.000
25	48	6.920	6.000	3.012
25	49	6.920	6.000	2.968
25	50	6.920	6.000	3.062
Executing FF Gene Output
25	B	6.92

26	1	6.560	5.480	2.167
26	2	6.920	5.800	2.132
26	3	6.900	5.930	2.235
26	4	6.920	5.980	2.311
26	5	6.920	5.930	2.508
26	6	6.920	5.930	2.544
26	7	6.920	5.890	2.459
26	8	6.920	5.960	2.464
26	9	6.920	5.970	2.387
26	10	6.920	5.970	2.414
26	11	6.920	5.960	2.586
26	12	6.900	5.990	2.653
26	13	6.920	5.970	2.665
26	14	6.920	5.970	2.730
26	15	6.920	5.960	2.803
26	16	6.920	5.960	2.737
26	17	6.920	6.000	2.678
26	18	6.920	6.000	2.794
26	19	6.920	6.000	2.776
26	20	6.920	5.990	2.787
26	21	6.920	6.000	2.890
26	22	6.920	5.990	2.930
26	23	6.920	6.000	2.873
26	24	6.920	5.990	2.920
26	25	6.920	6.000	3.038
26	26	6.920	6.000	3.090
26	27	6.920	6.000	3.067
26	28	6.920	6.000	3.104
26	29	6.920	6.000	3.045
26	30	6.920	6.000	3.114
26	31	6.920	6.000	3.038
26	32	6.920	6.000	2.970
26	33	6.920	6.000	3.028
26	34	6.920	6.000	3.025
26	35	6.920	6.000	3.062
26	36	6.920	6.000	3.040
26	37	6.920	6.000	3.035
26	38	6.920	6.000	3.030
26	39	6.920	6.000	2.871
26	40	6.920	6.000	2.876
26	41	6.920	6.000	2.830
26	42	6.920	5.980	2.966
26	43	6.920	5.990	3.007
26	44	6.920	5.990	3.002
26	45	6.920	6.000	3.038
26	46	6.920	6.000	3.015
26	47	6.920	6.000	3.028
26	48	6.920	6.000	3.017
26	49	6.920	6.000	2.970
26	50	6.920	6.000	3.003
Executing FF Gene Output
26	B	6.92

27	1	6.820	5.360	2.439
27	2	6.920	5.810	2.345
27	3	6.920	5.950	2.708
27	4	6.920	5.980	2.871
27	5	6.920	5.980	2.756
27	6	6.920	5.960	2.872
27	7	6.920	5.980	2.828
27	8	6.920	5.940	2.940
27	9	6.920	5.980	2.814
27	10	6.920	5.990	2.928
27	11	6.920	5.990	2.741
27	12	6.920	5.990	2.771
27	13	6.920	5.980	2.809
27	14	6.920	5.990	2.855
27	15	6.920	6.000	2.952
27	16	6.920	5.950	2.867
27	17	6.920	5.980	2.890
27	18	6.920	5.980	2.964
27	19	6.920	5.970	3.032
27	20	6.920	6.000	3.032
27	21	6.920	5.980	2.959
27	22	6.920	6.000	3.065
27	23	6.920	5.990	3.093
27	24	6.920	5.990	3.088
27	25	6.920	6.000	3.032
27	26	6.920	5.990	3.129
27	27	6.920	5.980	3.080
27	28	6.920	5.980	3.042
27	29	6.920	6.000	3.030
27	30	6.920	5.960	3.096
27	31	6.920	5.980	3.071
27	32	6.920	6.000	3.017
27	33	6.920	5.990	3.055
27	34	6.920	5.990	3.068
27	35	6.920	5.960	2.991
27	36	6.920	6.000	3.052
27	37	6.920	6.000	2.983
27	38	6.920	6.000	3.002
27	39	6.920	5.980	3.033
27	40	6.920	5.990	2.980
27	41	6.920	6.000	3.025
27	42	6.920	6.000	3.030
27	43	6.920	5.970	3.018
27	44	6.920	6.000	3.025
27	45	6.920	5.990	3.010
27	46	6.920	5.970	2.996
27	47	6.920	5.990	3.020
27	48	6.920	5.980	2.988
27	49	6.920	5.990	3.015
27	50	6.920	6.000	3.111
Executing FF Gene Output
27	B	6.92

28	1	6.640	5.370	2.409
28	2	6.860	5.660	2.171
28	3	6.880	5.710	2.235
28	4	6.920	5.860	2.412
28	5	6.920	5.900	2.615
28	6	6.920	5.940	2.726
28	7	6.880	5.980	2.730
28	8	6.920	5.980	2.881
28	9	6.920	5.990	2.846
28	10	6.920	6.000	2.836
28	11	6.900	5.990	2.844
28	12	6.920	5.980	2.816
28	13	6.900	5.990	2.821
28	14	6.900	5.980	2.710
28	15	6.900	5.990	2.818
28	16	6.920	5.980	2.821
28	17	6.920	5.990	2.758
28	18	6.900	5.990	2.866
28	19	6.920	6.000	2.774
28	20	6.920	6.000	2.864
28	21	6.920	5.990	2.803
28	22	6.920	6.000	2.874
28	23	6.920	6.000	2.828
28	24	6.920	6.000	2.889
28	25	6.920	6.000	2.906
28	26	6.920	6.000	2.836
28	27	6.920	5.990	2.818
28	28	6.920	5.990	2.827
28	29	6.920	6.000	2.783
28	30	6.920	6.000	2.889
28	31	6.900	6.000	2.881
28	32	6.920	6.000	2.874
28	33	6.880	6.000	2.852
28	34	6.920	6.000	2.911
28	35	6.920	6.000	2.866
28	36	6.920	6.000	2.911
28	37	6.920	6.000	3.020
28	38	6.920	6.000	2.913
28	39	6.920	5.990	3.010
28	40	6.920	6.000	3.042
28	41	6.920	5.990	3.038
28	42	6.920	6.000	3.038
28	43	6.920	6.000	3.042
28	44	6.920	6.000	3.093
28	45	6.920	6.000	3.047
28	46	6.920	6.000	3.050
28	47	6.920	6.000	3.052
28	48	6.920	6.000	3.075
28	49	6.920	6.000	3.050
28	50	6.920	6.000	3.043
Executing FF Gene Output
28	B	6.92

29	1	6.580	5.400	2.361
29	2	6.900	5.770	2.194
29	3	6.900	5.950	2.763
29	4	6.900	5.990	2.988
29	5	6.900	6.000	3.052
29	6	6.920	6.000	2.956
29	7	6.900	6.000	2.932
29	8	6.920	6.000	2.864
29	9	6.900	5.990	2.860
29	10	6.900	5.980	2.751
29	11	6.900	5.980	2.843
29	12	6.920	5.960	2.892
29	13	6.920	5.990	2.939
29	14	6.920	6.000	2.940
29	15	6.900	6.000	3.090
29	16	6.900	6.000	3.141
29	17	6.920	6.000	3.112
29	18	6.920	6.000	3.164
29	19	6.900	6.000	3.143
29	20	6.900	6.000	3.109
29	21	6.920	5.990	3.159
29	22	6.920	6.000	3.216
29	23	6.900	6.000	3.216
29	24	6.900	5.990	3.164
29	25	6.920	6.000	3.169
29	26	6.920	6.000	3.165
29	27	6.900	6.000	3.149
29	28	6.920	6.000	3.104
29	29	6.920	6.000	3.153
29	30	6.920	6.000	3.146
29	31	6.920	6.000	3.218
29	32	6.920	6.000	3.191
29	33	6.920	6.000	3.194
29	34	6.920	6.000	3.216
29	35	6.920	6.000	3.180
29	36	6.900	6.000	3.169
29	37	6.920	6.000	3.180
29	38	6.900	6.000	3.178
29	39	6.920	6.000	3.161
29	40	6.920	5.990	3.101
29	41	6.920	6.000	3.050
29	42	6.920	6.000	3.098
29	43	6.900	6.000	3.093
29	44	6.920	6.000	3.125
29	45	6.920	6.000	3.165
29	46	6.920	6.000	3.119
29	47	6.920	6.000	3.141
29	48	6.920	6.000	3.133
29	49	6.920	6.000	3.189
29	50	6.920	6.000	3.106
Executing FF Gene Output
29	B	6.92

30	1	6.600	5.460	2.291
30	2	6.920	5.810	2.154
30	3	6.920	5.920	2.727
30	4	6.920	5.980	2.821
30	5	6.920	5.990	2.874
30	6	6.920	5.970	2.843
30	7	6.920	5.990	2.830
30	8	6.920	5.970	2.867
30	9	6.920	6.000	2.874
30	10	6.920	5.970	2.858
30	11	6.920	5.960	2.904
30	12	6.920	5.970	3.032
30	13	6.920	5.980	3.091
30	14	6.920	5.990	3.156
30	15	6.920	5.990	3.156
30	16	6.920	6.000	3.157
30	17	6.920	6.000	3.188
30	18	6.920	6.000	3.167
30	19	6.920	6.000	3.164
30	20	6.920	6.000	3.112
30	21	6.920	6.000	3.161
30	22	6.920	6.000	3.161
30	23	6.920	6.000	3.167
30	24	6.920	6.000	3.117
30	25	6.920	5.990	3.191
30	26	6.920	6.000	3.127
30	27	6.920	6.000	3.199
30	28	6.920	5.990	3.109
30	29	6.920	6.000	3.173
30	30	6.920	6.000	3.200
30	31	6.920	6.000	3.143
30	32	6.920	6.000	3.169
30	33	6.920	6.000	3.185
30	34	6.920	6.000	3.094
30	35	6.920	5.990	3.141
30	36	6.920	6.000	3.232
30	37	6.920	6.000	3.189
30	38	6.920	6.000	3.181
30	39	6.920	6.000	3.169
30	40	6.920	6.000	3.236
30	41	6.920	6.000	3.232
30	42	6.920	6.000	3.230
30	43	6.920	6.000	3.205
30	44	6.920	6.000	3.205
30	45	6.920	6.000	3.204
30	46	6.920	6.000	3.235
30	47	6.920	6.000	3.215
30	48	6.920	6.000	3.254
30	49	6.920	6.000	3.246
30	50	6.920	6.000	3.196
Executing FF Gene Output
30	B	6.92

31	1	6.700	5.490	2.287
31	2	6.740	5.780	1.985
31	3	6.780	5.880	2.083
31	4	6.780	5.820	2.302
31	5	6.840	5.940	2.192
31	6	6.860	5.950	2.304
31	7	6.900	5.980	2.204
31	8	6.840	5.990	2.261
31	9	6.900	6.000	2.265
31	10	6.860	5.980	2.281
31	11	6.840	6.000	2.301
31	12	6.900	5.980	2.318
31	13	6.860	6.000	2.312
31	14	6.840	5.990	2.301
31	15	6.880	5.990	2.279
31	16	6.840	5.990	2.309
31	17	6.900	6.000	2.397
31	18	6.800	5.990	2.333
31	19	6.860	5.980	2.298
31	20	6.920	5.990	2.301
31	21	6.920	5.980	2.252
31	22	6.800	6.000	2.256
31	23	6.860	6.000	2.329
31	24	6.900	6.000	2.359
31	25	6.840	5.980	2.355
31	26	6.860	6.000	2.259
31	27	6.820	6.000	2.279
31	28	6.860	6.000	2.335
31	29	6.800	6.000	2.272
31	30	6.900	6.000	2.342
31	31	6.840	6.000	2.250
31	32	6.860	5.990	2.130
31	33	6.900	5.980	2.311
31	34	6.820	5.990	2.195
31	35	6.920	6.000	2.376
31	36	6.800	5.980	2.176
31	37	6.860	5.990	2.329
31	38	6.820	5.990	2.320
31	39	6.860	6.000	2.335
31	40	6.840	6.000	2.478
31	41	6.860	5.990	2.391
31	42	6.820	6.000	2.329
31	43	6.900	5.990	2.433
31	44	6.820	6.000	2.416
31	45	6.900	6.000	2.402
31	46	6.920	5.990	2.429
31	47	6.900	5.980	2.402
31	48	6.880	6.000	2.498
31	49	6.820	5.990	2.439
31	50	6.880	6.000	2.535
Executing FF Gene Output
31	B	6.92

32	1	6.820	5.480	2.162
32	2	6.860	5.800	2.238
32	3	6.860	5.930	2.434
32	4	6.920	5.950	2.409
32	5	6.920	5.970	2.451
32	6	6.900	5.960	2.574
32	7	6.900	5.990	2.531
32	8	6.900	5.990	2.560
32	9	6.920	6.000	2.640
32	10	6.920	6.000	2.701
32	11	6.920	5.990	2.852
32	12	6.920	5.990	2.740
32	13	6.920	6.000	2.704
32	14	6.920	5.990	2.702
32	15	6.920	6.000	2.932
32	16	6.920	6.000	2.992
32	17	6.920	5.990	2.951
32	18	6.920	6.000	3.081
32	19	6.920	5.990	3.099
32	20	6.920	6.000	3.047
32	21	6.920	6.000	3.055
32	22	6.920	6.000	3.062
32	23	6.920	6.000	3.099
32	24	6.920	6.000	3.161
32	25	6.920	6.000	3.122
32	26	6.920	6.000	3.093
32	27	6.920	6.000	3.090
32	28	6.920	5.990	3.086
32	29	6.920	5.990	3.070
32	30	6.920	6.000	3.127
32	31	6.920	6.000	3.075
32	32	6.920	6.000	3.076
32	33	6.920	6.000	3.050
32	34	6.920	6.000	3.088
32	35	6.920	6.000	3.052
32	36	6.920	6.000	2.985
32	37	6.920	6.000	3.007
32	38	6.920	6.000	2.944
32	39	6.920	6.000	2.937
32	40	6.920	6.000	2.964
32	41	6.920	6.000	2.964
32	42	6.920	6.000	3.008
32	43	6.920	6.000	2.981
32	44	6.920	6.000	3.017
32	45	6.920	6.000	2.961
32	46	6.920	6.000	2.949
32	47	6.920	6.000	2.942
32	48	6.920	6.000	2.959
32	49	6.920	6.000	2.970
32	50	6.920	6.000	2.954
Executing FF Gene Output
32	B	6.92

33	1	6.860	5.390	2.357
33	2	6.920	5.700	2.441
33	3	6.920	5.930	2.953
33	4	6.920	5.970	3.086
33	5	6.920	5.980	3.103
33	6	6.920	5.990	3.091
33	7	6.920	6.000	3.112
33	8	6.920	5.980	3.162
33	9	6.920	6.000	3.058
33	10	6.920	6.000	3.075
33	11	6.920	5.990	3.154
33	12	6.920	6.000	3.143
33	13	6.920	6.000	3.175
33	14	6.920	6.000	3.192
33	15	6.920	5.990	3.132
33	16	6.920	6.000	3.161
33	17	6.920	6.000	3.086
33	18	6.920	6.000	3.116
33	19	6.920	6.000	3.165
33	20	6.920	5.990	3.070
33	21	6.920	5.980	3.120
33	22	6.920	6.000	3.065
33	23	6.920	6.000	3.103
33	24	6.920	6.000	3.137
33	25	6.920	6.000	3.145
33	26	6.920	6.000	3.178
33	27	6.920	6.000	3.194
33	28	6.920	6.000	3.151
33	29	6.920	6.000	3.153
33	30	6.920	6.000	3.112
33	31	6.920	6.000	3.197
33	32	6.920	6.000	3.210
33	33	6.920	6.000	3.159
33	34	6.920	5.990	3.129
33	35	6.920	6.000	3.096
33	36	6.920	6.000	3.085
33	37	6.920	6.000	3.119
33	38	6.920	6.000	3.067
33	39	6.920	5.990	3.162
33	40	6.920	6.000	3.154
33	41	6.920	6.000	3.188
33	42	6.920	6.000	3.170
33	43	6.920	6.000	3.165
33	44	6.920	6.000	3.219
33	45	6.920	6.000	3.199
33	46	6.920	6.000	3.200
33	47	6.920	6.000	3.178
33	48	6.920	6.000	3.186
33	49	6.920	6.000	3.202
33	50	6.920	6.000	3.192
Executing FF Gene Output
33	B	6.92

34	1	6.920	5.440	2.346
34	2	6.900	5.400	2.498
34	3	6.920	5.460	2.663
34	4	6.920	5.570	2.813
34	5	6.920	5.900	2.959
34	6	6.920	5.980	3.057
34	7	6.920	6.000	3.013
34	8	6.920	6.000	3.037
34	9	6.920	6.000	3.037
34	10	6.920	6.000	3.093
34	11	6.920	6.000	3.020
34	12	6.920	5.990	3.025
34	13	6.920	6.000	3.020
34	14	6.920	6.000	3.096
34	15	6.920	5.990	3.067
34	16	6.920	6.000	3.093
34	17	6.920	6.000	3.101
34	18	6.920	6.000	3.060
34	19	6.920	6.000	3.124
34	20	6.920	6.000	3.146
34	21	6.920	6.000	3.093
34	22	6.920	6.000	3.162
34	23	6.920	6.000	3.125
34	24	6.920	6.000	3.141
34	25	6.920	6.000	3.156
34	26	6.920	6.000	3.109
34	27	6.920	6.000	3.108
34	28	6.920	6.000	3.137
34	29	6.920	6.000	3.153
34	30	6.920	6.000	3.120
34	31	6.920	6.000	3.117
34	32	6.920	6.000	3.119
34	33	6.920	6.000	3.119
34	34	6.920	6.000	3.162
34	35	6.920	6.000	3.085
34	36	6.920	6.000	3.119
34	37	6.920	6.000	3.114
34	38	6.920	6.000	3.094
34	39	6.920	6.000	3.129
34	40	6.920	6.000	3.159
34	41	6.920	6.000	3.119
34	42	6.920	6.000	3.108
34	43	6.920	6.000	3.189
34	44	6.920	6.000	3.154
34	45	6.920	6.000	3.106
34	46	6.920	6.000	3.083
34	47	6.920	6.000	3.117
34	48	6.920	6.000	3.130
34	49	6.920	6.000	3.108
34	50	6.920	6.000	3.127
Executing FF Gene Output
34	B	6.92

35	1	6.920	5.420	2.349
35	2	6.920	5.790	2.350
35	3	6.920	5.940	2.779
35	4	6.920	5.980	2.809
35	5	6.920	6.000	3.035
35	6	6.920	6.000	2.946
35	7	6.920	5.980	3.048
35	8	6.920	5.990	3.107
35	9	6.920	5.990	3.052
35	10	6.920	5.970	3.070
35	11	6.920	5.990	3.094
35	12	6.920	5.990	3.098
35	13	6.920	6.000	3.063
35	14	6.920	6.000	3.045
35	15	6.920	6.000	3.048
35	16	6.920	5.990	3.130
35	17	6.920	6.000	3.091
35	18	6.920	6.000	3.075
35	19	6.920	6.000	3.119
35	20	6.920	6.000	3.145
35	21	6.920	6.000	3.099
35	22	6.920	6.000	3.137
35	23	6.920	5.990	3.047
35	24	6.920	6.000	3.149
35	25	6.920	6.000	3.094
35	26	6.920	6.000	3.127
35	27	6.920	6.000	3.096
35	28	6.920	6.000	3.164
35	29	6.920	5.990	3.191
35	30	6.920	6.000	3.185
35	31	6.920	6.000	3.186
35	32	6.920	6.000	3.189
35	33	6.920	6.000	3.140
35	34	6.920	6.000	3.125
35	35	6.920	6.000	3.196
35	36	6.920	6.000	3.137
35	37	6.920	6.000	3.094
35	38	6.920	5.990	3.173
35	39	6.920	6.000	3.202
35	40	6.920	6.000	3.133
35	41	6.920	6.000	3.140
35	42	6.920	6.000	3.173
35	43	6.920	6.000	3.148
35	44	6.920	6.000	3.186
35	45	6.920	6.000	3.103
35	46	6.920	6.000	3.170
35	47	6.920	6.000	3.146
35	48	6.920	6.000	3.114
35	49	6.920	5.990	3.202
35	50	6.920	6.000	3.141
Executing FF Gene Output
35	B	6.92

36	1	6.700	5.450	2.276
36	2	6.920	5.790	2.315
36	3	6.920	5.970	3.020
36	4	6.920	5.990	3.170
36	5	6.920	6.000	3.216
36	6	6.920	6.000	3.249
36	7	6.920	6.000	3.224
36	8	6.920	6.000	3.218
36	9	6.920	6.000	3.236
36	10	6.920	6.000	3.244
36	11	6.920	5.990	3.269
36	12	6.920	6.000	3.241
36	13	6.920	6.000	3.249
36	14	6.920	6.000	3.274
36	15	6.920	5.990	3.238
36	16	6.920	6.000	3.241
36	17	6.920	5.990	3.264
36	18	6.920	6.000	3.257
36	19	6.920	6.000	3.207
36	20	6.920	6.000	3.222
36	21	6.920	6.000	3.264
36	22	6.920	6.000	3.274
36	23	6.920	6.000	3.249
36	24	6.920	6.000	3.254
36	25	6.920	6.000	3.252
36	26	6.920	6.000	3.274
36	27	6.920	6.000	3.192
36	28	6.920	6.000	3.278
36	29	6.920	6.000	3.226
36	30	6.920	6.000	3.219
36	31	6.920	6.000	3.255
36	32	6.920	6.000	3.236
36	33	6.920	6.000	3.232
36	34	6.920	6.000	3.240
36	35	6.920	6.000	3.216
36	36	6.920	5.990	3.216
36	37	6.920	6.000	3.230
36	38	6.920	6.000	3.268
36	39	6.920	6.000	3.240
36	40	6.920	6.000	3.261
36	41	6.920	6.000	3.260
36	42	6.920	6.000	3.249
36	43	6.920	6.000	3.260
36	44	6.920	6.000	3.268
36	45	6.920	6.000	3.264
36	46	6.920	6.000	3.258
36	47	6.920	6.000	3.194
36	48	6.920	6.000	3.240
36	49	6.920	6.000	3.250
36	50	6.920	6.000	3.277
Executing FF Gene Output
36	B	6.92

37	1	6.860	5.380	2.339
37	2	6.780	5.870	1.934
37	3	6.920	5.910	2.521
37	4	6.920	5.810	2.696
37	5	6.920	5.850	2.640
37	6	6.920	5.990	2.640
37	7	6.920	5.940	2.620
37	8	6.900	5.870	2.619
37	9	6.900	5.870	2.671
37	10	6.900	5.880	2.696
37	11	6.900	5.830	2.818
37	12	6.920	5.890	2.721
37	13	6.900	5.880	2.662
37	14	6.920	5.890	2.622
37	15	6.900	5.870	2.716
37	16	6.900	5.950	2.616
37	17	6.900	5.810	2.718
37	18	6.900	5.830	2.623
37	19	6.900	5.850	2.607
37	20	6.900	5.830	2.691
37	21	6.900	5.810	2.541
37	22	6.900	5.790	2.698
37	23	6.900	5.890	2.593
37	24	6.900	5.880	2.748
37	25	6.900	5.880	2.587
37	26	6.900	5.910	2.723
37	27	6.920	5.830	2.758
37	28	6.900	5.890	2.709
37	29	6.900	5.910	2.661
37	30	6.920	5.920	2.669
37	31	6.920	5.880	2.718
37	32	6.920	5.810	2.688
37	33	6.920	5.880	2.672
37	34	6.920	5.890	2.741
37	35	6.920	5.930	2.716
37	36	6.920	5.950	2.722
37	37	6.920	5.960	2.734
37	38	6.920	5.950	2.685
37	39	6.920	5.920	2.786
37	40	6.920	6.000	2.765
37	41	6.920	5.910	2.852
37	42	6.920	5.980	2.874
37	43	6.920	5.960	2.794
37	44	6.920	5.980	2.782
37	45	6.920	5.910	2.861
37	46	6.920	6.000	3.030
37	47	6.920	6.000	3.030
37	48	6.920	6.000	2.964
37	49	6.920	5.990	3.057
37	50	6.920	6.000	3.112
Executing FF Gene Output
37	B	6.92

38	1	6.720	5.470	2.340
38	2	6.740	5.830	2.168
38	3	6.800	5.960	2.393
38	4	6.860	6.000	2.580
38	5	6.900	6.000	2.670
38	6	6.820	6.000	2.730
38	7	6.860	6.000	2.689
38	8	6.880	6.000	2.734
38	9	6.920	6.000	2.769
38	10	6.920	6.000	2.975
38	11	6.920	6.000	3.033
38	12	6.920	6.000	3.047
38	13	6.920	6.000	3.052
38	14	6.920	6.000	3.124
38	15	6.920	6.000	3.098
38	16	6.920	6.000	3.120
38	17	6.920	6.000	3.080
38	18	6.900	6.000	3.075
38	19	6.920	6.000	3.085
38	20	6.920	5.990	3.047
38	21	6.920	6.000	3.076
38	22	6.920	6.000	3.070
38	23	6.920	6.000	3.096
38	24	6.920	6.000	3.060
38	25	6.920	6.000	3.127
38	26	6.920	6.000	3.065
38	27	6.920	6.000	3.101
38	28	6.920	6.000	3.119
38	29	6.920	6.000	3.072
38	30	6.920	6.000	3.086
38	31	6.920	6.000	3.106
38	32	6.920	6.000	3.032
38	33	6.920	6.000	3.033
38	34	6.920	6.000	3.022
38	35	6.920	6.000	3.067
38	36	6.920	6.000	3.112
38	37	6.920	5.990	3.037
38	38	6.920	6.000	3.081
38	39	6.920	5.980	3.086
38	40	6.920	6.000	3.022
38	41	6.920	6.000	3.050
38	42	6.920	6.000	3.078
38	43	6.920	6.000	3.028
38	44	6.920	6.000	3.111
38	45	6.920	6.000	3.161
38	46	6.920	6.000	3.169
38	47	6.920	6.000	3.199
38	48	6.920	6.000	3.127
38	49	6.920	6.000	3.149
38	50	6.920	6.000	3.091
Executing FF Gene Output
38	B	6.92

39	1	6.760	5.460	2.346
39	2	6.920	5.750	2.313
39	3	6.920	5.940	2.500
39	4	6.920	5.950	2.640
39	5	6.920	5.980	2.613
39	6	6.920	5.970	2.888
39	7	6.920	6.000	2.867
39	8	6.920	5.910	2.729
39	9	6.920	5.960	2.770
39	10	6.920	5.990	2.918
39	11	6.920	5.980	2.956
39	12	6.920	5.990	2.887
39	13	6.920	6.000	2.913
39	14	6.920	6.000	2.985
39	15	6.920	6.000	2.988
39	16	6.920	5.970	2.963
39	17	6.920	5.980	3.045
39	18	6.920	5.990	3.050
39	19	6.920	6.000	3.018
39	20	6.920	6.000	2.973
39	21	6.920	5.980	2.995
39	22	6.920	5.990	2.939
39	23	6.920	5.980	2.913
39	24	6.920	6.000	2.978
39	25	6.920	6.000	2.947
39	26	6.920	6.000	3.040
39	27	6.920	5.990	3.008
39	28	6.920	6.000	2.978
39	29	6.920	6.000	3.025
39	30	6.920	5.990	3.003
39	31	6.920	5.970	2.956
39	32	6.920	5.980	2.959
39	33	6.920	6.000	2.998
39	34	6.920	6.000	2.954
39	35	6.920	5.990	3.028
39	36	6.920	6.000	3.072
39	37	6.920	5.990	3.078
39	38	6.920	5.990	3.043
39	39	6.920	5.990	3.063
39	40	6.920	6.000	3.058
39	41	6.920	5.990	3.037
39	42	6.920	6.000	3.055
39	43	6.920	6.000	3.050
39	44	6.920	5.990	3.067
39	45	6.920	6.000	3.068
39	46	6.920	6.000	3.086
39	47	6.920	6.000	3.090
39	48	6.920	6.000	3.080
39	49	6.920	6.000	3.099
39	50	6.920	5.990	3.020
Executing FF Gene Output
39	B	6.92

40	1	6.900	5.360	2.433
40	2	6.880	5.730	2.183
40	3	6.860	5.790	2.399
40	4	6.920	5.760	2.646
40	5	6.920	5.910	2.553
40	6	6.920	5.920	2.438
40	7	6.900	5.830	2.450
40	8	6.920	5.890	2.496
40	9	6.920	5.910	2.460
40	10	6.920	5.950	2.467
40	11	6.920	5.930	2.524
40	12	6.920	5.900	2.655
40	13	6.920	5.930	2.629
40	14	6.920	5.900	2.603
40	15	6.920	5.930	2.616
40	16	6.920	5.950	2.679
40	17	6.920	5.900	2.661
40	18	6.920	5.930	2.553
40	19	6.920	5.870	2.760
40	20	6.920	5.940	2.635
40	21	6.920	5.920	2.817
40	22	6.920	5.970	2.609
40	23	6.920	5.940	2.715
40	24	6.920	5.960	2.841
40	25	6.920	6.000	2.693
40	26	6.920	5.970	2.738
40	27	6.920	5.940	2.599
40	28	6.920	5.990	2.684
40	29	6.920	5.970	2.758
40	30	6.920	5.980	2.732
40	31	6.920	5.970	2.723
40	32	6.920	5.990	2.751
40	33	6.920	5.970	2.841
40	34	6.920	6.000	2.741
40	35	6.920	5.980	2.834
40	36	6.920	5.990	2.963
40	37	6.920	6.000	2.963
40	38	6.920	5.990	2.902
40	39	6.920	5.990	2.954
40	40	6.920	6.000	2.988
40	41	6.920	6.000	2.923
40	42	6.920	5.990	2.954
40	43	6.920	5.970	2.990
40	44	6.920	6.000	2.971
40	45	6.920	5.990	3.005
40	46	6.920	5.990	3.022
40	47	6.920	5.990	3.013
40	48	6.920	5.990	2.968
40	49	6.920	6.000	2.906
40	50	6.920	6.000	3.012
Executing FF Gene Output
40	B	6.92

41	1	6.540	5.420	2.290
41	2	6.900	5.790	2.093
41	3	6.900	5.860	2.486
41	4	6.920	5.820	2.607
41	5	6.900	5.880	2.485
41	6	6.920	5.870	2.569
41	7	6.920	5.890	2.591
41	8	6.920	5.970	2.691
41	9	6.920	5.980	2.814
41	10	6.920	5.980	2.923
41	11	6.920	5.990	2.895
41	12	6.920	5.990	2.918
41	13	6.920	5.990	2.785
41	14	6.920	5.980	2.864
41	15	6.920	5.980	2.828
41	16	6.920	5.980	2.888
41	17	6.920	6.000	2.899
41	18	6.920	5.980	3.028
41	19	6.920	6.000	3.085
41	20	6.920	6.000	3.085
41	21	6.920	6.000	3.091
41	22	6.920	6.000	3.127
41	23	6.920	6.000	3.151
41	24	6.920	6.000	3.146
41	25	6.920	6.000	3.157
41	26	6.920	5.980	3.125
41	27	6.920	6.000	3.135
41	28	6.920	6.000	3.129
41	29	6.920	6.000	3.180
41	30	6.920	6.000	3.103
41	31	6.920	6.000	3.130
41	32	6.920	6.000	3.143
41	33	6.920	5.990	3.149
41	34	6.920	6.000	3.104
41	35	6.920	6.000	3.127
41	36	6.920	6.000	3.104
41	37	6.920	6.000	3.135
41	38	6.920	6.000	3.103
41	39	6.920	6.000	3.132
41	40	6.920	5.990	3.120
41	41	6.920	6.000	3.080
41	42	6.920	6.000	3.138
41	43	6.920	6.000	3.175
41	44	6.920	6.000	3.169
41	45	6.920	6.000	3.159
41	46	6.920	6.000	3.141
41	47	6.920	6.000	3.167
41	48	6.920	6.000	3.119
41	49	6.920	6.000	3.154
41	50	6.920	6.000	3.125
Executing FF Gene Output
41	B	6.92

42	1	6.440	5.410	2.398
42	2	6.860	5.780	2.130
42	3	6.920	5.910	2.325
42	4	6.920	5.990	2.316
42	5	6.920	5.970	2.437
42	6	6.920	5.970	2.401
42	7	6.920	5.980	2.504
42	8	6.920	5.990	2.476
42	9	6.920	5.980	2.492
42	10	6.920	5.970	2.580
42	11	6.920	5.970	2.447
42	12	6.900	6.000	2.462
42	13	6.900	6.000	2.470
42	14	6.920	6.000	2.488
42	15	6.920	5.990	2.488
42	16	6.900	6.000	2.445
42	17	6.920	5.990	2.521
42	18	6.920	5.990	2.550
42	19	6.860	5.990	2.556
42	20	6.860	5.990	2.464
42	21	6.920	5.990	2.558
42	22	6.900	5.970	2.584
42	23	6.900	6.000	2.533
42	24	6.920	6.000	2.494
42	25	6.920	6.000	2.531
42	26	6.920	5.990	2.619
42	27	6.920	6.000	2.648
42	28	6.920	6.000	2.517
42	29	6.920	6.000	2.640
42	30	6.920	6.000	2.695
42	31	6.920	6.000	2.684
42	32	6.920	5.990	2.691
42	33	6.920	6.000	2.714
42	34	6.920	5.990	2.702
42	35	6.920	6.000	2.644
42	36	6.920	6.000	2.778
42	37	6.920	6.000	2.819
42	38	6.920	6.000	2.816
42	39	6.920	5.990	2.791
42	40	6.920	6.000	2.796
42	41	6.920	6.000	2.880
42	42	6.920	6.000	2.844
42	43	6.920	6.000	2.834
42	44	6.900	6.000	2.819
42	45	6.920	5.990	2.887
42	46	6.920	6.000	2.857
42	47	6.920	6.000	2.867
42	48	6.920	6.000	2.904
42	49	6.920	6.000	2.961
42	50	6.920	6.000	3.043
Executing FF Gene Output
42	B	6.92

43	1	6.900	5.390	2.391
43	2	6.920	5.800	2.333
43	3	6.920	5.910	2.642
43	4	6.920	5.940	2.689
43	5	6.920	5.860	2.794
43	6	6.920	5.810	2.858
43	7	6.920	5.970	3.091
43	8	6.920	5.990	3.194
43	9	6.920	6.000	3.172
43	10	6.920	5.990	3.153
43	11	6.920	6.000	3.188
43	12	6.920	5.990	3.192
43	13	6.920	6.000	3.224
43	14	6.920	5.990	3.186
43	15	6.920	6.000	3.218
43	16	6.920	5.990	3.211
43	17	6.920	6.000	3.216
43	18	6.920	5.980	3.194
43	19	6.920	5.980	3.184
43	20	6.920	5.960	3.172
43	21	6.920	6.000	3.221
43	22	6.920	5.990	3.192
43	23	6.920	5.980	3.203
43	24	6.920	5.990	3.153
43	25	6.920	6.000	3.185
43	26	6.920	5.970	3.199
43	27	6.920	5.990	3.188
43	28	6.920	6.000	3.205
43	29	6.920	6.000	3.250
43	30	6.920	5.980	3.238
43	31	6.920	6.000	3.189
43	32	6.920	5.990	3.226
43	33	6.920	5.990	3.161
43	34	6.920	6.000	3.188
43	35	6.920	5.990	3.194
43	36	6.920	5.990	3.213
43	37	6.920	6.000	3.197
43	38	6.920	5.990	3.224
43	39	6.920	6.000	3.229
43	40	6.920	6.000	3.180
43	41	6.920	6.000	3.185
43	42	6.920	6.000	3.221
43	43	6.920	6.000	3.218
43	44	6.920	6.000	3.227
43	45	6.920	5.990	3.200
43	46	6.920	6.000	3.229
43	47	6.920	6.000	3.194
43	48	6.920	6.000	3.215
43	49	6.920	5.990	3.189
43	50	6.920	6.000	3.241
Executing FF Gene Output
43	B	6.92

44	1	6.480	5.470	2.296
44	2	6.680	5.870	1.878
44	3	6.820	5.930	2.073
44	4	6.920	5.840	2.459
44	5	6.860	5.820	2.380
44	6	6.900	5.730	2.390
44	7	6.920	5.750	2.558
44	8	6.920	5.920	2.463
44	9	6.920	5.870	2.425
44	10	6.920	5.780	2.574
44	11	6.920	5.850	2.620
44	12	6.920	5.900	2.441
44	13	6.920	5.930	2.386
44	14	6.920	5.860	2.492
44	15	6.920	5.900	2.578
44	16	6.920	5.910	2.586
44	17	6.920	5.920	2.627
44	18	6.920	5.930	2.681
44	19	6.920	5.880	2.639
44	20	6.920	5.950	2.550
44	21	6.920	5.940	2.719
44	22	6.920	5.960	2.772
44	23	6.920	5.980	2.805
44	24	6.920	5.980	2.739
44	25	6.920	5.910	2.798
44	26	6.920	5.950	2.679
44	27	6.920	5.960	2.732
44	28	6.920	5.990	2.699
44	29	6.920	5.980	2.772
44	30	6.920	6.000	2.655
44	31	6.920	5.990	2.892
44	32	6.920	5.960	2.728
44	33	6.920	5.970	2.776
44	34	6.920	5.990	2.812
44	35	6.920	5.970	2.918
44	36	6.920	5.990	2.827
44	37	6.920	5.970	2.876
44	38	6.920	5.970	2.835
44	39	6.920	6.000	2.937
44	40	6.920	6.000	2.814
44	41	6.920	5.980	2.911
44	42	6.920	5.990	2.920
44	43	6.920	6.000	2.935
44	44	6.920	6.000	2.928
44	45	6.920	5.990	2.848
44	46	6.920	6.000	2.832
44	47	6.920	6.000	2.897
44	48	6.920	6.000	2.915
44	49	6.920	5.990	2.985
44	50	6.920	6.000	2.834
Executing FF Gene Output
44	B	6.92

45	1	6.720	5.450	2.361
45	2	6.920	5.680	2.328
45	3	6.920	5.810	2.749
45	4	6.920	5.920	2.922
45	5	6.920	5.940	2.904
45	6	6.920	5.980	2.908
45	7	6.920	6.000	2.975
45	8	6.920	5.980	2.988
45	9	6.920	5.980	3.015
45	10	6.920	6.000	3.028
45	11	6.920	6.000	2.922
45	12	6.920	5.980	3.030
45	13	6.920	5.980	2.971
45	14	6.920	5.970	3.038
45	15	6.920	5.990	3.012
45	16	6.920	6.000	3.012
45	17	6.920	6.000	3.012
45	18	6.920	5.990	3.057
45	19	6.920	5.970	3.114
45	20	6.920	5.990	2.988
45	21	6.920	6.000	3.028
45	22	6.920	5.990	3.101
45	23	6.920	6.000	3.127
45	24	6.920	5.990	3.109
45	25	6.920	6.000	3.133
45	26	6.920	5.990	3.111
45	27	6.920	6.000	3.127
45	28	6.920	6.000	3.117
45	29	6.920	6.000	3.111
45	30	6.920	6.000	3.125
45	31	6.920	6.000	3.169
45	32	6.920	6.000	3.096
45	33	6.920	6.000	3.099
45	34	6.920	5.990	3.091
45	35	6.920	6.000	3.040
45	36	6.920	6.000	3.098
45	37	6.920	6.000	3.098
45	38	6.920	6.000	3.090
45	39	6.920	6.000	3.068
45	40	6.920	6.000	3.153
45	41	6.920	6.000	3.127
45	42	6.920	6.000	3.083
45	43	6.920	6.000	3.130
45	44	6.920	6.000	3.112
45	45	6.920	6.000	3.148
45	46	6.920	6.000	3.161
45	47	6.920	6.000	3.037
45	48	6.920	5.990	3.135
45	49	6.920	5.990	3.127
45	50	6.920	6.000	3.145
Executing FF Gene Output
45	B	6.92

46	1	6.840	5.440	2.293
46	2	6.860	5.860	2.188
46	3	6.900	5.850	2.514
46	4	6.880	5.910	2.511
46	5	6.900	5.920	2.503
46	6	6.900	5.940	2.490
46	7	6.920	5.860	2.644
46	8	6.920	5.930	2.563
46	9	6.920	5.880	2.424
46	10	6.920	5.920	2.541
46	11	6.920	5.930	2.587
46	12	6.920	5.980	2.521
46	13	6.920	5.930	2.656
46	14	6.920	5.940	2.467
46	15	6.920	5.950	2.465
46	16	6.920	5.900	2.682
46	17	6.920	5.970	2.661
46	18	6.920	5.960	2.691
46	19	6.920	5.990	2.646
46	20	6.920	5.980	2.800
46	21	6.920	6.000	2.765
46	22	6.920	6.000	2.973
46	23	6.920	5.990	2.981
46	24	6.920	6.000	3.081
46	25	6.920	6.000	3.070
46	26	6.920	6.000	3.104
46	27	6.920	6.000	3.143
46	28	6.920	6.000	3.094
46	29	6.920	6.000	3.122
46	30	6.920	6.000	3.120
46	31	6.920	6.000	3.112
46	32	6.920	6.000	3.133
46	33	6.920	5.990	3.068
46	34	6.920	6.000	3.119
46	35	6.920	5.990	3.072
46	36	6.920	6.000	3.112
46	37	6.920	6.000	3.062
46	38	6.920	6.000	3.096
46	39	6.920	6.000	3.091
46	40	6.920	6.000	3.133
46	41	6.920	6.000	3.101
46	42	6.920	6.000	3.103
46	43	6.920	6.000	3.090
46	44	6.920	6.000	3.104
46	45	6.920	6.000	3.098
46	46	6.920	6.000	3.085
46	47	6.920	6.000	3.073
46	48	6.920	6.000	3.111
46	49	6.920	6.000	3.076
46	50	6.920	6.000	3.124
Executing FF Gene Output
46	B	6.92

47	1	6.880	5.410	2.375
47	2	6.920	5.810	2.454
47	3	6.920	5.960	3.058
47	4	6.920	6.000	3.140
47	5	6.920	6.000	3.194
47	6	6.920	6.000	3.170
47	7	6.920	6.000	3.141
47	8	6.920	5.990	3.207
47	9	6.920	6.000	3.181
47	10	6.920	6.000	3.181
47	11	6.920	6.000	3.194
47	12	6.920	6.000	3.240
47	13	6.920	6.000	3.185
47	14	6.920	5.990	3.213
47	15	6.920	6.000	3.140
47	16	6.920	6.000	3.219
47	17	6.920	6.000	3.167
47	18	6.920	6.000	3.197
47	19	6.920	6.000	3.189
47	20	6.920	6.000	3.197
47	21	6.920	6.000	3.185
47	22	6.920	6.000	3.208
47	23	6.920	6.000	3.151
47	24	6.920	6.000	3.191
47	25	6.920	6.000	3.202
47	26	6.920	5.990	3.185
47	27	6.920	6.000	3.200
47	28	6.920	6.000	3.221
47	29	6.920	6.000	3.222
47	30	6.920	6.000	3.161
47	31	6.920	6.000	3.210
47	32	6.920	6.000	3.194
47	33	6.920	5.990	3.132
47	34	6.920	6.000	3.197
47	35	6.920	6.000	3.148
47	36	6.920	6.000	3.183
47	37	6.920	6.000	3.205
47	38	6.920	6.000	3.229
47	39	6.920	6.000	3.216
47	40	6.920	6.000	3.205
47	41	6.920	6.000	3.191
47	42	6.920	6.000	3.177
47	43	6.920	6.000	3.178
47	44	6.920	6.000	3.247
47	45	6.920	6.000	3.218
47	46	6.920	6.000	3.252
47	47	6.920	6.000	3.178
47	48	6.920	6.000	3.235
47	49	6.920	5.990	3.254
47	50	6.920	6.000	3.192
Executing FF Gene Output
47	B	6.92

48	1	6.820	5.360	2.349
48	2	6.820	5.770	2.157
48	3	6.920	5.920	2.517
48	4	6.920	5.940	2.668
48	5	6.920	5.920	2.565
48	6	6.880	5.940	2.632
48	7	6.900	5.990	2.615
48	8	6.920	5.980	2.623
48	9	6.880	5.980	2.644
48	10	6.880	5.970	2.803
48	11	6.920	5.980	2.717
48	12	6.920	5.990	2.719
48	13	6.920	5.990	2.756
48	14	6.900	5.990	2.712
48	15	6.920	5.990	2.773
48	16	6.920	6.000	2.825
48	17	6.920	5.990	2.906
48	18	6.920	5.980	2.869
48	19	6.920	5.990	2.857
48	20	6.920	5.970	2.864
48	21	6.920	6.000	2.807
48	22	6.920	6.000	2.892
48	23	6.920	5.980	2.909
48	24	6.920	6.000	2.923
48	25	6.920	6.000	2.947
48	26	6.920	6.000	3.005
48	27	6.920	6.000	2.949
48	28	6.920	6.000	3.043
48	29	6.920	6.000	3.055
48	30	6.920	6.000	3.104
48	31	6.920	6.000	3.043
48	32	6.920	6.000	3.040
48	33	6.920	6.000	3.043
48	34	6.920	6.000	3.047
48	35	6.920	6.000	3.057
48	36	6.920	5.990	3.008
48	37	6.920	6.000	3.075
48	38	6.920	6.000	3.022
48	39	6.920	6.000	3.065
48	40	6.920	6.000	3.063
48	41	6.920	6.000	3.037
48	42	6.920	6.000	2.988
48	43	6.920	6.000	3.053
48	44	6.920	6.000	3.042
48	45	6.920	6.000	3.050
48	46	6.920	6.000	3.075
48	47	6.920	6.000	3.047
48	48	6.920	6.000	3.065
48	49	6.920	6.000	3.104
48	50	6.920	6.000	3.022
Executing FF Gene Output
48	B	6.92

49	1	6.740	5.420	2.375
49	2	6.900	5.790	2.271
49	3	6.860	5.850	2.354
49	4	6.880	5.930	2.504
49	5	6.920	5.950	2.463
49	6	6.880	5.960	2.466
49	7	6.920	5.940	2.530
49	8	6.860	5.950	2.488
49	9	6.840	5.990	2.357
49	10	6.880	5.970	2.466
49	11	6.840	5.940	2.496
49	12	6.900	5.980	2.627
49	13	6.880	5.940	2.577
49	14	6.880	6.000	2.552
49	15	6.920	5.980	2.541
49	16	6.920	6.000	2.644
49	17	6.920	5.990	2.740
49	18	6.880	5.980	2.670
49	19	6.900	6.000	2.767
49	20	6.900	5.990	2.809
49	21	6.920	6.000	2.749
49	22	6.920	6.000	2.629
49	23	6.920	6.000	2.754
49	24	6.920	6.000	2.762
49	25	6.920	6.000	2.837
49	26	6.920	5.990	2.749
49	27	6.900	6.000	2.832
49	28	6.920	6.000	2.871
49	29	6.920	6.000	2.756
49	30	6.920	6.000	2.862
49	31	6.920	6.000	2.873
49	32	6.920	6.000	2.913
49	33	6.920	6.000	2.913
49	34	6.920	6.000	2.909
49	35	6.920	6.000	2.828
49	36	6.920	6.000	2.843
49	37	6.920	6.000	2.852
49	38	6.920	6.000	2.952
49	39	6.920	6.000	3.002
49	40	6.920	6.000	3.008
49	41	6.920	5.990	2.975
49	42	6.920	6.000	3.075
49	43	6.920	6.000	3.153
49	44	6.920	6.000	3.047
49	45	6.920	6.000	3.053
49	46	6.920	6.000	3.070
49	47	6.920	5.990	3.033
49	48	6.920	6.000	3.070
49	49	6.920	6.000	3.086
49	50	6.920	6.000	2.998
Executing FF Gene Output
49	B	6.92

50	1	6.480	5.340	2.457
50	2	6.760	5.750	2.012
50	3	6.700	5.830	1.995
50	4	6.820	5.690	2.351
50	5	6.780	5.610	2.405
50	6	6.860	5.630	2.387
50	7	6.900	5.590	2.446
50	8	6.900	5.700	2.523
50	9	6.880	5.670	2.489
50	10	6.860	5.750	2.422
50	11	6.920	5.740	2.553
50	12	6.860	5.880	2.583
50	13	6.900	5.910	2.557
50	14	6.880	5.960	2.605
50	15	6.900	5.990	2.435
50	16	6.880	5.950	2.548
50	17	6.920	5.930	2.526
50	18	6.920	5.950	2.566
50	19	6.920	5.940	2.614
50	20	6.920	5.980	2.592
50	21	6.900	5.970	2.586
50	22	6.920	5.970	2.702
50	23	6.920	5.970	2.734
50	24	6.920	5.960	2.741
50	25	6.920	5.980	2.909
50	26	6.920	6.000	2.864
50	27	6.920	6.000	2.902
50	28	6.920	5.990	2.848
50	29	6.920	6.000	2.922
50	30	6.920	5.990	2.906
50	31	6.920	6.000	2.864
50	32	6.920	6.000	2.895
50	33	6.920	6.000	2.894
50	34	6.920	6.000	2.892
50	35	6.920	6.000	2.848
50	36	6.920	6.000	2.908
50	37	6.920	6.000	2.876
50	38	6.920	5.990	2.801
50	39	6.920	5.990	2.915
50	40	6.920	5.990	2.873
50	41	6.920	6.000	2.904
50	42	6.920	6.000	2.850
50	43	6.920	5.990	2.909
50	44	6.920	6.000	2.934
50	45	6.920	5.990	2.862
50	46	6.920	6.000	2.883
50	47	6.920	6.000	2.830
50	48	6.920	5.990	2.819
50	49	6.900	6.000	2.798
50	50	6.920	6.000	2.928
Executing FF Gene Output
50	B	6.92

Over All:
	Average Run Average Fitness: 5
	Average Run Best Fitness: 6
	Best Fitness: 6.92
	Best Chromo: Run 1: Generation 3: 2541 9825 1047 2569 8291 2383 4133 4078 4251 3930 3115 3179 9017 5926 6510 4977 3880 4190 9488 4249 4550 9624 7819 3869 5034 2605 5979 5643 91 2444 6382 1598 3964 4464 8426 8315 5640 1903 931 1191 9463 2860 9873 3986 8895 6033 7827 3488 6954 7334 8780 4979 6484 6931 8224 2581 6145 7558 2661 7253 5877 3199 9465 8465 6380 2167 8195 2098 9910 2655 234 2992 4038 6897 9218 6030 1571 8750 1896 5666 1955 5272 898 4852 1740 135 9975 1088 5740 4217 6292 6800 6230 4899 7399 5386 1941 9824 6393 280 8515 73 4920 4156 4634 5712 1781 7562 7028 9621 9450 7494 9123 43 237 1643 2663 5190 6056 5688 9384 5164 6759 3141 322 1940 2713 3790 6593 7846 6881 1069 9105 9960 518 3381 6142 438 4201 4065 8274 336 2194 2666 6105 4486 2767 467 1445 4049 4195 7309 1031 4077 2641 519 2352 1020 9040 7526 2849 9906 4405 1464 8664 9251 6375 6067 1561 2113 208 8345 7221 1907 6133 9356 6925 9705 7615 6888 8959 1504 3863 4340 2017 4978 8196 3930 3327 6656 620 7219 5424 2579 4378 4666 7449 1190 2721 7651 6560 7722 5955 711 6965 2376 1763 9049 1799 9680 5013 580 8893 4215 1157 2214 9509 5703 5627 8869 2743 4946 1606 7756 3857 9076 862 1699 865 4258 2925 1993 8283 2039 5104 5692 7664 7546 3547 1930 5801 9651 8332 2544 6273 5843 5161 3167 269 1471 5154 7779 3756 6791 9122 1402 
Start:  Sun Mar 20 23:04:25 EDT 2016
End  :  Sun Mar 20 23:06:01 EDT 2016
