
Parameter File Name is: hw3_prob_self.params

Setting up Fitness Function.....Iterated Prisoner's Dilemma
1	1	4.215	3.710	1.413
1	2	4.220	3.520	1.778
1	3	4.270	3.560	1.731
1	4	4.572	3.920	1.515
1	5	4.927	3.990	2.040
1	6	4.962	4.000	2.399
1	7	4.947	4.000	2.494
1	8	4.987	4.000	2.517
1	9	4.983	4.000	2.482
1	10	4.955	4.000	2.496
1	11	4.933	4.000	2.492
1	12	4.950	4.000	2.486
1	13	4.966	4.000	2.482
1	14	5.000	4.010	2.383
1	15	4.941	4.000	2.393
1	16	4.926	4.000	2.389
1	17	4.969	4.000	2.380
1	18	4.945	4.000	2.402
1	19	4.979	4.000	2.408
1	20	4.947	4.000	2.503
1	21	4.953	4.000	2.464
1	22	4.993	4.000	2.523
1	23	4.952	4.000	2.480
1	24	4.969	4.000	2.529
1	25	5.000	4.010	2.545
1	26	4.987	4.000	2.545
1	27	4.978	4.000	2.564
1	28	4.981	4.000	2.580
1	29	4.940	4.000	2.517
1	30	4.992	4.000	2.513
1	31	4.962	4.000	2.545
1	32	4.973	4.000	2.552
1	33	4.985	4.000	2.486
1	34	4.994	4.000	2.519
1	35	4.960	4.000	2.496
1	36	4.957	4.000	2.594
1	37	5.000	4.010	2.527
1	38	4.991	4.000	2.490
1	39	4.958	4.000	2.535
1	40	4.978	4.000	2.539
1	41	4.964	4.000	2.515
1	42	4.948	4.000	2.443
1	43	4.942	4.000	2.445
1	44	4.977	4.000	2.588
1	45	4.928	4.000	2.464
1	46	4.970	4.000	2.556
1	47	5.000	4.010	2.578
1	48	4.957	4.000	2.578
1	49	4.986	4.000	2.568
1	50	4.991	4.000	2.613
Executing FF Gene Output
1	B	5.0

2	1	4.214	3.750	1.344
2	2	4.127	3.430	1.916
2	3	4.110	3.450	1.885
2	4	4.130	3.320	2.081
2	5	4.061	3.270	2.136
2	6	4.068	3.260	2.154
2	7	4.109	3.230	2.192
2	8	4.109	3.230	2.190
2	9	4.048	3.200	2.220
2	10	4.096	3.260	2.156
2	11	4.139	3.330	2.058
2	12	4.097	3.260	2.151
2	13	4.122	3.240	2.177
2	14	4.038	3.100	2.331
2	15	4.068	3.210	2.210
2	16	4.104	3.170	2.263
2	17	4.201	3.190	2.228
2	18	4.418	3.700	1.592
2	19	4.816	3.960	1.642
2	20	4.827	3.990	1.801
2	21	4.655	3.980	1.781
2	22	4.758	3.980	1.812
2	23	4.787	3.990	1.957
2	24	4.839	4.000	1.902
2	25	4.769	4.000	1.941
2	26	4.842	4.000	1.933
2	27	4.802	4.000	1.959
2	28	4.895	4.000	2.025
2	29	4.784	4.000	1.995
2	30	4.823	4.000	1.967
2	31	4.824	3.990	1.957
2	32	4.815	4.000	1.972
2	33	4.864	3.990	2.084
2	34	4.864	4.000	2.052
2	35	4.778	4.000	2.028
2	36	4.795	3.990	2.010
2	37	4.809	4.000	2.091
2	38	4.777	4.000	1.969
2	39	4.763	3.980	2.005
2	40	4.805	4.000	2.018
2	41	4.751	3.990	1.941
2	42	4.874	4.000	2.008
2	43	4.861	4.000	2.052
2	44	4.884	3.990	2.065
2	45	4.900	4.000	2.120
2	46	4.888	3.990	2.079
2	47	4.816	4.000	2.042
2	48	4.905	4.000	2.103
2	49	4.792	4.000	2.030
2	50	4.829	3.990	2.127
Executing FF Gene Output
2	B	4.905

3	1	4.219	3.720	1.404
3	2	4.183	3.370	1.993
3	3	4.106	3.330	2.040
3	4	4.077	3.090	2.334
3	5	4.085	3.160	2.253
3	6	4.104	3.120	2.291
3	7	4.053	3.150	2.262
3	8	4.067	3.150	2.267
3	9	4.109	3.170	2.232
3	10	4.093	3.150	2.258
3	11	4.102	3.130	2.286
3	12	4.110	3.110	2.291
3	13	4.112	3.140	2.279
3	14	4.071	3.120	2.286
3	15	4.090	3.110	2.300
3	16	4.086	3.110	2.300
3	17	4.070	3.090	2.294
3	18	4.087	3.130	2.277
3	19	4.039	3.060	2.330
3	20	4.122	3.120	2.271
3	21	4.107	3.110	2.287
3	22	4.040	3.120	2.289
3	23	4.107	3.130	2.279
3	24	4.145	3.200	2.216
3	25	4.108	3.190	2.219
3	26	4.102	3.150	2.258
3	27	4.041	3.120	2.280
3	28	4.063	3.160	2.239
3	29	4.090	3.130	2.257
3	30	4.058	3.050	2.341
3	31	4.045	3.050	2.326
3	32	4.050	3.020	2.363
3	33	3.986	3.000	2.333
3	34	3.995	3.000	2.305
3	35	4.039	3.010	2.261
3	36	4.033	3.010	2.265
3	37	3.999	3.000	2.276
3	38	3.998	3.000	2.309
3	39	4.067	3.020	2.305
3	40	4.050	3.030	2.303
3	41	4.103	3.010	2.335
3	42	4.086	3.030	2.309
3	43	4.042	3.030	2.307
3	44	4.038	3.030	2.300
3	45	3.986	3.000	2.342
3	46	4.071	3.060	2.293
3	47	4.032	3.040	2.324
3	48	4.042	3.090	2.261
3	49	4.045	3.020	2.348
3	50	4.075	3.050	2.311
Executing FF Gene Output
3	B	4.218999999999999

4	1	4.218	3.600	1.651
4	2	4.171	3.550	1.723
4	3	4.146	3.200	2.232
4	4	4.100	3.280	2.082
4	5	4.067	3.130	2.255
4	6	4.122	3.190	2.212
4	7	4.041	3.100	2.314
4	8	4.046	3.050	2.371
4	9	4.050	3.070	2.358
4	10	4.068	3.060	2.358
4	11	4.042	3.070	2.358
4	12	4.010	3.010	2.414
4	13	4.031	3.020	2.395
4	14	4.073	3.060	2.363
4	15	4.017	3.020	2.404
4	16	4.059	3.090	2.327
4	17	4.064	3.040	2.380
4	18	4.035	3.030	2.357
4	19	4.003	3.010	2.402
4	20	4.016	3.010	2.372
4	21	4.029	3.010	2.353
4	22	4.011	3.010	2.366
4	23	3.999	3.000	2.389
4	24	4.028	3.030	2.355
4	25	4.007	3.010	2.383
4	26	4.007	3.040	2.324
4	27	3.997	3.000	2.357
4	28	4.037	3.010	2.335
4	29	3.996	3.000	2.355
4	30	3.973	3.000	2.366
4	31	3.984	3.000	2.359
4	32	3.982	3.000	2.333
4	33	4.019	3.010	2.314
4	34	3.985	3.000	2.340
4	35	3.981	3.000	2.322
4	36	3.978	3.000	2.325
4	37	3.956	3.000	2.325
4	38	3.928	3.000	2.307
4	39	3.945	3.000	2.305
4	40	4.004	3.010	2.309
4	41	3.919	3.000	2.307
4	42	3.964	3.000	2.276
4	43	3.924	3.000	2.294
4	44	3.962	3.000	2.279
4	45	3.979	3.000	2.290
4	46	3.954	3.000	2.254
4	47	3.961	3.000	2.272
4	48	3.949	3.000	2.279
4	49	3.919	3.000	2.265
4	50	3.932	3.000	2.252
Executing FF Gene Output
4	B	4.218

5	1	4.233	3.580	1.683
5	2	4.133	3.330	2.045
5	3	4.105	3.080	2.328
5	4	4.081	3.040	2.361
5	5	4.036	3.010	2.355
5	6	3.971	3.000	2.372
5	7	3.992	3.000	2.353
5	8	3.965	3.000	2.327
5	9	3.949	3.000	2.333
5	10	3.981	3.000	2.329
5	11	3.926	3.000	2.276
5	12	3.955	3.000	2.290
5	13	3.940	3.000	2.272
5	14	4.017	3.010	2.279
5	15	3.946	3.000	2.287
5	16	3.979	3.000	2.292
5	17	3.922	3.000	2.290
5	18	3.928	3.000	2.274
5	19	3.966	3.000	2.301
5	20	3.956	3.000	2.285
5	21	3.991	3.000	2.301
5	22	4.013	3.010	2.287
5	23	3.962	3.000	2.294
5	24	3.973	3.000	2.294
5	25	3.957	3.000	2.274
5	26	3.920	3.000	2.232
5	27	3.943	3.000	2.259
5	28	3.958	3.000	2.267
5	29	3.981	3.000	2.283
5	30	3.986	3.000	2.294
5	31	3.947	3.000	2.303
5	32	3.938	3.000	2.281
5	33	3.969	3.000	2.281
5	34	3.922	3.000	2.265
5	35	3.981	3.000	2.259
5	36	3.952	3.000	2.276
5	37	3.942	3.000	2.281
5	38	3.949	3.000	2.283
5	39	3.973	3.000	2.274
5	40	3.963	3.000	2.296
5	41	3.963	3.000	2.294
5	42	3.955	3.000	2.294
5	43	3.967	3.000	2.279
5	44	3.929	3.000	2.296
5	45	3.940	3.000	2.274
5	46	3.936	3.000	2.285
5	47	3.908	3.000	2.267
5	48	3.928	3.000	2.247
5	49	3.950	3.000	2.245
5	50	3.937	3.000	2.245
Executing FF Gene Output
5	B	4.2330000000000005

6	1	4.158	3.580	1.680
6	2	4.171	3.510	1.803
6	3	4.143	3.460	1.877
6	4	4.191	3.360	2.030
6	5	4.123	3.310	2.085
6	6	4.066	3.130	2.290
6	7	4.086	3.170	2.227
6	8	4.062	3.050	2.331
6	9	4.078	3.080	2.321
6	10	4.097	3.110	2.269
6	11	4.081	3.080	2.321
6	12	4.098	3.060	2.343
6	13	4.157	3.100	2.281
6	14	4.034	3.050	2.356
6	15	4.113	3.080	2.308
6	16	4.081	3.050	2.341
6	17	4.093	3.110	2.263
6	18	4.038	3.040	2.331
6	19	4.036	3.090	2.303
6	20	4.067	3.070	2.306
6	21	4.122	3.110	2.287
6	22	4.080	3.070	2.304
6	23	4.119	3.050	2.322
6	24	3.994	3.000	2.372
6	25	4.004	3.010	2.342
6	26	4.059	3.020	2.333
6	27	4.003	3.020	2.333
6	28	4.004	3.010	2.353
6	29	4.100	3.060	2.315
6	30	4.015	3.010	2.355
6	31	4.000	3.010	2.322
6	32	4.089	3.050	2.276
6	33	4.001	3.010	2.292
6	34	4.025	3.020	2.254
6	35	4.002	3.010	2.241
6	36	3.968	3.000	2.252
6	37	3.989	3.000	2.250
6	38	3.938	3.000	2.234
6	39	3.976	3.000	2.211
6	40	3.992	3.000	2.200
6	41	3.969	3.000	2.188
6	42	3.936	3.000	2.209
6	43	3.973	3.000	2.234
6	44	3.932	3.000	2.243
6	45	3.987	3.000	2.232
6	46	3.964	3.000	2.222
6	47	3.965	3.000	2.222
6	48	3.950	3.000	2.209
6	49	3.946	3.000	2.200
6	50	3.990	3.000	2.160
Executing FF Gene Output
6	B	4.190999999999999

7	1	4.168	3.580	1.683
7	2	4.177	3.420	1.921
7	3	4.202	3.440	1.874
7	4	4.165	3.360	2.015
7	5	4.187	3.380	1.973
7	6	4.190	3.400	1.938
7	7	4.195	3.330	2.062
7	8	4.130	3.400	1.946
7	9	4.127	3.250	2.148
7	10	4.169	3.360	2.013
7	11	4.156	3.270	2.127
7	12	4.107	3.190	2.226
7	13	4.122	3.350	2.029
7	14	4.146	3.220	2.198
7	15	4.194	3.360	2.013
7	16	4.107	3.260	2.133
7	17	4.137	3.290	2.102
7	18	4.159	3.290	2.098
7	19	4.179	3.290	2.112
7	20	4.093	3.340	2.034
7	21	4.128	3.330	2.070
7	22	4.110	3.230	2.183
7	23	4.110	3.240	2.168
7	24	4.095	3.230	2.171
7	25	4.091	3.210	2.194
7	26	4.091	3.170	2.261
7	27	4.072	3.170	2.245
7	28	4.135	3.100	2.327
7	29	4.115	3.210	2.194
7	30	4.044	3.110	2.318
7	31	4.060	3.150	2.274
7	32	4.025	3.080	2.343
7	33	4.105	3.190	2.207
7	34	4.074	3.080	2.351
7	35	4.080	3.180	2.240
7	36	4.086	3.260	2.142
7	37	4.095	3.210	2.206
7	38	4.178	3.310	2.095
7	39	4.129	3.400	1.964
7	40	4.195	3.500	1.809
7	41	4.114	3.370	2.006
7	42	4.157	3.450	1.896
7	43	4.138	3.410	1.947
7	44	4.120	3.370	1.991
7	45	4.128	3.350	2.044
7	46	4.130	3.280	2.130
7	47	4.162	3.410	1.957
7	48	4.112	3.310	2.087
7	49	4.128	3.440	1.901
7	50	4.226	3.350	2.034
Executing FF Gene Output
7	B	4.226

8	1	4.137	3.680	1.480
8	2	4.187	3.510	1.801
8	3	4.162	3.220	2.207
8	4	4.121	3.230	2.181
8	5	4.071	3.170	2.254
8	6	4.063	3.100	2.322
8	7	4.061	3.230	2.174
8	8	4.101	3.190	2.232
8	9	4.056	3.190	2.248
8	10	4.075	3.240	2.177
8	11	4.077	3.200	2.225
8	12	4.088	3.190	2.244
8	13	4.066	3.140	2.307
8	14	4.079	3.120	2.317
8	15	4.068	3.160	2.268
8	16	4.071	3.160	2.264
8	17	4.016	3.050	2.376
8	18	4.043	3.070	2.362
8	19	4.097	3.110	2.320
8	20	4.040	3.090	2.334
8	21	4.061	3.030	2.387
8	22	4.054	3.050	2.350
8	23	4.029	3.030	2.372
8	24	4.037	3.070	2.324
8	25	4.038	3.020	2.368
8	26	4.020	3.030	2.365
8	27	4.008	3.020	2.368
8	28	3.996	3.000	2.380
8	29	4.022	3.020	2.353
8	30	4.016	3.010	2.380
8	31	4.020	3.010	2.380
8	32	4.008	3.010	2.363
8	33	4.077	3.050	2.322
8	34	4.041	3.070	2.328
8	35	4.055	3.040	2.348
8	36	4.171	3.140	2.254
8	37	4.208	3.320	2.074
8	38	4.385	3.450	1.909
8	39	4.319	3.540	1.789
8	40	4.375	3.530	1.823
8	41	4.484	3.450	1.953
8	42	4.223	3.450	1.877
8	43	4.386	3.450	1.938
8	44	4.332	3.440	1.895
8	45	4.619	3.570	1.742
8	46	4.374	3.520	1.828
8	47	4.441	3.680	1.620
8	48	4.624	3.860	1.425
8	49	4.638	3.920	1.502
8	50	4.766	3.980	1.456
Executing FF Gene Output
8	B	4.766

9	1	4.234	3.590	1.661
9	2	4.096	3.380	1.963
9	3	4.195	3.270	2.124
9	4	4.060	3.150	2.254
9	5	4.046	3.050	2.341
9	6	4.027	3.080	2.330
9	7	4.031	3.080	2.332
9	8	4.008	3.030	2.385
9	9	4.053	3.030	2.372
9	10	4.056	3.030	2.374
9	11	4.088	3.030	2.355
9	12	4.067	3.020	2.355
9	13	4.006	3.010	2.355
9	14	4.015	3.020	2.344
9	15	3.967	3.000	2.327
9	16	4.049	3.010	2.378
9	17	3.954	3.000	2.309
9	18	3.954	3.000	2.281
9	19	3.989	3.000	2.353
9	20	3.953	3.000	2.290
9	21	3.965	3.000	2.232
9	22	4.038	3.010	2.270
9	23	4.022	3.020	2.393
9	24	4.088	3.030	2.385
9	25	4.070	3.070	2.367
9	26	4.092	3.050	2.386
9	27	4.034	3.060	2.363
9	28	4.027	3.060	2.375
9	29	4.109	3.040	2.374
9	30	4.068	3.030	2.401
9	31	4.044	3.020	2.408
9	32	4.031	3.020	2.402
9	33	4.018	3.020	2.391
9	34	4.025	3.040	2.376
9	35	4.006	3.010	2.393
9	36	4.012	3.010	2.380
9	37	4.026	3.020	2.380
9	38	4.049	3.010	2.374
9	39	3.962	3.000	2.355
9	40	3.981	3.000	2.338
9	41	3.978	3.000	2.327
9	42	4.020	3.020	2.331
9	43	4.030	3.010	2.348
9	44	4.025	3.020	2.329
9	45	3.998	3.000	2.361
9	46	4.021	3.010	2.325
9	47	4.012	3.010	2.335
9	48	4.040	3.020	2.325
9	49	4.001	3.010	2.305
9	50	3.965	3.000	2.316
Executing FF Gene Output
9	B	4.233999999999999

10	1	4.176	3.700	1.456
10	2	4.152	3.520	1.775
10	3	4.145	3.370	1.996
10	4	4.123	3.250	2.160
10	5	4.088	3.240	2.177
10	6	4.090	3.180	2.251
10	7	4.083	3.150	2.280
10	8	4.061	3.170	2.254
10	9	4.041	3.140	2.292
10	10	4.050	3.060	2.371
10	11	4.024	3.050	2.382
10	12	4.035	3.100	2.327
10	13	4.045	3.100	2.329
10	14	4.078	3.100	2.309
10	15	4.060	3.090	2.312
10	16	4.024	3.080	2.317
10	17	4.052	3.060	2.346
10	18	4.102	3.030	2.357
10	19	4.035	3.010	2.374
10	20	4.055	3.010	2.292
10	21	3.944	3.000	2.298
10	22	3.994	3.000	2.346
10	23	4.006	3.010	2.281
10	24	3.958	3.000	2.281
10	25	3.989	3.000	2.294
10	26	3.947	3.000	2.279
10	27	3.950	3.000	2.279
10	28	3.970	3.000	2.241
10	29	3.909	3.000	2.236
10	30	3.906	3.000	2.227
10	31	3.948	3.000	2.247
10	32	3.911	3.000	2.236
10	33	3.897	3.000	2.245
10	34	3.895	3.000	2.252
10	35	3.921	3.000	2.234
10	36	3.927	3.000	2.241
10	37	3.926	3.000	2.227
10	38	3.910	3.000	2.247
10	39	3.955	3.000	2.263
10	40	3.898	3.000	2.243
10	41	3.921	3.000	2.243
10	42	3.924	3.000	2.259
10	43	3.944	3.000	2.270
10	44	3.901	3.000	2.270
10	45	3.929	3.000	2.276
10	46	3.923	3.000	2.287
10	47	3.944	3.000	2.294
10	48	3.952	3.000	2.296
10	49	3.964	3.000	2.305
10	50	3.952	3.000	2.303
Executing FF Gene Output
10	B	4.176000000000001

11	1	4.223	3.640	1.557
11	2	4.177	3.600	1.642
11	3	4.288	3.440	1.906
11	4	4.117	3.270	2.098
11	5	4.071	3.070	2.328
11	6	4.054	3.100	2.307
11	7	4.071	3.080	2.317
11	8	4.053	3.040	2.367
11	9	4.071	3.080	2.332
11	10	4.092	3.050	2.359
11	11	4.041	3.050	2.382
11	12	4.038	3.020	2.393
11	13	4.073	3.110	2.322
11	14	4.074	3.140	2.294
11	15	4.033	3.080	2.334
11	16	4.084	3.140	2.263
11	17	4.015	3.070	2.337
11	18	4.046	3.040	2.331
11	19	4.071	3.040	2.307
11	20	4.082	3.020	2.359
11	21	4.019	3.020	2.335
11	22	3.997	3.000	2.359
11	23	4.013	3.020	2.314
11	24	4.008	3.020	2.318
11	25	3.962	3.000	2.320
11	26	3.969	3.000	2.327
11	27	3.980	3.000	2.309
11	28	4.056	3.040	2.326
11	29	4.013	3.020	2.376
11	30	4.009	3.010	2.376
11	31	4.031	3.020	2.378
11	32	4.001	3.020	2.372
11	33	3.993	3.000	2.408
11	34	4.024	3.050	2.363
11	35	4.008	3.020	2.357
11	36	3.999	3.000	2.357
11	37	4.017	3.020	2.325
11	38	4.031	3.020	2.316
11	39	4.016	3.010	2.342
11	40	4.004	3.020	2.318
11	41	3.992	3.000	2.331
11	42	4.009	3.020	2.338
11	43	3.991	3.000	2.338
11	44	4.039	3.010	2.316
11	45	4.029	3.020	2.359
11	46	4.028	3.020	2.331
11	47	3.997	3.000	2.346
11	48	4.012	3.010	2.331
11	49	4.002	3.010	2.318
11	50	3.968	3.000	2.344
Executing FF Gene Output
11	B	4.287999999999999

12	1	4.157	3.590	1.670
12	2	4.164	3.350	2.042
12	3	4.149	3.180	2.220
12	4	4.029	3.050	2.365
12	5	4.075	3.100	2.320
12	6	4.018	3.020	2.397
12	7	4.033	3.040	2.370
12	8	4.062	3.060	2.343
12	9	4.072	3.030	2.374
12	10	4.089	3.100	2.309
12	11	4.099	3.040	2.350
12	12	4.046	3.050	2.328
12	13	4.043	3.040	2.337
12	14	4.000	3.010	2.348
12	15	4.013	3.020	2.350
12	16	4.022	3.050	2.339
12	17	4.069	3.080	2.325
12	18	4.078	3.080	2.323
12	19	4.083	3.070	2.324
12	20	4.125	3.050	2.307
12	21	4.082	3.060	2.322
12	22	4.061	3.070	2.324
12	23	4.072	3.120	2.269
12	24	4.064	3.030	2.342
12	25	4.057	3.070	2.328
12	26	4.045	3.010	2.320
12	27	4.050	3.080	2.306
12	28	4.047	3.040	2.367
12	29	4.130	3.110	2.305
12	30	4.102	3.100	2.312
12	31	4.113	3.110	2.300
12	32	4.081	3.150	2.276
12	33	4.064	3.150	2.267
12	34	4.039	3.090	2.332
12	35	4.019	3.060	2.354
12	36	4.090	3.120	2.302
12	37	4.030	3.020	2.393
12	38	4.009	3.010	2.404
12	39	4.056	3.040	2.380
12	40	4.020	3.050	2.356
12	41	4.016	3.060	2.341
12	42	4.062	3.020	2.385
12	43	4.029	3.050	2.371
12	44	4.056	3.070	2.343
12	45	4.030	3.060	2.346
12	46	4.088	3.030	2.380
12	47	4.035	3.040	2.376
12	48	4.042	3.040	2.374
12	49	4.047	3.040	2.359
12	50	4.050	3.030	2.365
Executing FF Gene Output
12	B	4.164

13	1	4.179	3.660	1.522
13	2	4.166	3.620	1.594
13	3	4.064	3.320	2.074
13	4	4.108	3.290	2.112
13	5	4.097	3.250	2.167
13	6	4.073	3.210	2.208
13	7	4.135	3.260	2.149
13	8	4.069	3.190	2.230
13	9	4.050	3.140	2.283
13	10	4.072	3.130	2.286
13	11	4.046	3.090	2.334
13	12	4.026	3.030	2.380
13	13	4.038	3.040	2.372
13	14	4.032	3.030	2.340
13	15	4.062	3.020	2.348
13	16	4.052	3.010	2.335
13	17	3.990	3.000	2.368
13	18	4.046	3.020	2.329
13	19	4.026	3.020	2.338
13	20	3.975	3.000	2.355
13	21	4.042	3.010	2.335
13	22	4.051	3.030	2.305
13	23	4.014	3.010	2.335
13	24	4.023	3.030	2.331
13	25	3.979	3.000	2.335
13	26	4.014	3.010	2.333
13	27	4.072	3.040	2.335
13	28	4.023	3.010	2.376
13	29	4.007	3.010	2.368
13	30	4.027	3.020	2.372
13	31	4.003	3.010	2.346
13	32	4.003	3.010	2.342
13	33	4.002	3.010	2.357
13	34	4.025	3.010	2.335
13	35	3.985	3.000	2.342
13	36	3.963	3.000	2.344
13	37	4.010	3.010	2.335
13	38	4.011	3.010	2.342
13	39	4.009	3.010	2.309
13	40	3.983	3.000	2.346
13	41	3.977	3.000	2.361
13	42	4.031	3.010	2.376
13	43	3.996	3.000	2.387
13	44	3.996	3.000	2.385
13	45	3.996	3.000	2.361
13	46	3.993	3.000	2.402
13	47	3.974	3.000	2.385
13	48	4.028	3.010	2.353
13	49	3.982	3.000	2.363
13	50	3.977	3.000	2.387
Executing FF Gene Output
13	B	4.179

14	1	4.181	3.640	1.560
14	2	4.167	3.430	1.908
14	3	4.062	3.280	2.116
14	4	4.126	3.200	2.209
14	5	4.089	3.190	2.214
14	6	4.105	3.180	2.247
14	7	4.033	3.070	2.369
14	8	4.036	3.110	2.324
14	9	4.067	3.150	2.258
14	10	4.073	3.080	2.349
14	11	4.073	3.190	2.219
14	12	4.056	3.160	2.246
14	13	4.070	3.130	2.279
14	14	4.076	3.100	2.303
14	15	4.073	3.100	2.312
14	16	4.106	3.070	2.326
14	17	4.107	3.120	2.264
14	18	4.062	3.090	2.303
14	19	4.072	3.070	2.332
14	20	4.102	3.080	2.306
14	21	4.092	3.030	2.346
14	22	4.045	3.100	2.261
14	23	4.093	3.010	2.361
14	24	4.095	3.040	2.339
14	25	4.031	3.020	2.348
14	26	4.006	3.020	2.348
14	27	4.017	3.020	2.338
14	28	4.027	3.010	2.333
14	29	4.048	3.020	2.329
14	30	4.125	3.030	2.289
14	31	4.022	3.010	2.316
14	32	4.018	3.040	2.287
14	33	4.084	3.030	2.287
14	34	4.033	3.030	2.300
14	35	4.082	3.020	2.298
14	36	4.046	3.020	2.290
14	37	3.973	3.000	2.316
14	38	3.963	3.000	2.298
14	39	4.002	3.010	2.272
14	40	3.994	3.000	2.314
14	41	3.996	3.000	2.290
14	42	4.063	3.010	2.290
14	43	4.024	3.010	2.276
14	44	4.011	3.010	2.281
14	45	3.974	3.000	2.287
14	46	3.989	3.000	2.274
14	47	3.993	3.000	2.279
14	48	3.996	3.000	2.296
14	49	4.025	3.010	2.238
14	50	3.984	3.000	2.259
Executing FF Gene Output
14	B	4.181

15	1	4.179	3.710	1.416
15	2	4.201	3.460	1.880
15	3	4.145	3.370	1.988
15	4	4.142	3.390	1.956
15	5	4.224	3.460	1.880
15	6	4.117	3.370	2.003
15	7	4.177	3.470	1.861
15	8	4.156	3.550	1.728
15	9	4.188	3.430	1.911
15	10	4.238	3.490	1.837
15	11	4.257	3.670	1.528
15	12	4.215	3.650	1.572
15	13	4.202	3.570	1.719
15	14	4.208	3.730	1.406
15	15	4.221	3.750	1.370
15	16	4.267	3.850	1.127
15	17	4.323	3.820	1.213
15	18	4.317	3.890	1.029
15	19	4.356	3.970	0.969
15	20	4.322	3.970	0.864
15	21	4.394	3.950	1.062
15	22	4.411	3.980	1.087
15	23	4.395	3.960	1.247
15	24	4.410	3.990	1.243
15	25	4.393	3.990	1.223
15	26	4.450	4.000	1.223
15	27	4.596	4.000	1.202
15	28	4.416	4.000	1.202
15	29	4.401	3.980	1.235
15	30	4.397	3.990	1.223
15	31	4.415	3.990	1.206
15	32	4.397	4.000	1.185
15	33	4.457	3.990	1.255
15	34	4.602	3.990	1.310
15	35	4.483	3.990	1.239
15	36	4.514	3.990	1.442
15	37	4.475	4.000	1.385
15	38	4.536	3.990	1.534
15	39	4.504	4.000	1.460
15	40	4.496	3.980	1.446
15	41	4.565	4.000	1.508
15	42	4.504	3.990	1.497
15	43	4.472	4.000	1.487
15	44	4.554	4.000	1.491
15	45	4.547	4.000	1.534
15	46	4.537	3.990	1.527
15	47	4.523	3.990	1.446
15	48	4.550	3.990	1.554
15	49	4.517	4.000	1.550
15	50	4.519	4.000	1.567
Executing FF Gene Output
15	B	4.602

16	1	4.183	3.660	1.539
16	2	4.160	3.410	1.949
16	3	4.198	3.330	2.062
16	4	4.097	3.270	2.136
16	5	4.168	3.350	2.042
16	6	4.224	3.510	1.792
16	7	4.117	3.370	1.996
16	8	4.116	3.440	1.898
16	9	4.243	3.470	1.864
16	10	4.207	3.680	1.513
16	11	4.188	3.630	1.593
16	12	4.226	3.740	1.390
16	13	4.223	3.680	1.513
16	14	4.225	3.800	1.235
16	15	4.257	3.750	1.366
16	16	4.176	3.830	1.129
16	17	4.227	3.560	1.716
16	18	4.190	3.600	1.648
16	19	4.199	3.610	1.629
16	20	4.229	3.580	1.677
16	21	4.188	3.690	1.468
16	22	4.181	3.480	1.869
16	23	4.208	3.520	1.792
16	24	4.297	3.540	1.769
16	25	4.175	3.570	1.707
16	26	4.208	3.630	1.596
16	27	4.174	3.690	1.475
16	28	4.244	3.730	1.410
16	29	4.257	3.670	1.525
16	30	4.240	3.610	1.632
16	31	4.300	3.680	1.500
16	32	4.229	3.580	1.698
16	33	4.200	3.600	1.648
16	34	4.156	3.600	1.648
16	35	4.172	3.590	1.673
16	36	4.171	3.500	1.815
16	37	4.163	3.510	1.792
16	38	4.187	3.590	1.664
16	39	4.213	3.510	1.798
16	40	4.184	3.710	1.427
16	41	4.211	3.600	1.655
16	42	4.232	3.580	1.668
16	43	4.192	3.550	1.743
16	44	4.170	3.450	1.888
16	45	4.231	3.510	1.806
16	46	4.075	3.190	2.212
16	47	4.130	3.240	2.144
16	48	4.151	3.240	2.151
16	49	4.164	3.260	2.121
16	50	4.093	3.170	2.230
Executing FF Gene Output
16	B	4.299999999999999

17	1	4.194	3.710	1.423
17	2	4.169	3.600	1.642
17	3	4.124	3.390	1.961
17	4	4.118	3.220	2.202
17	5	4.124	3.240	2.172
17	6	4.073	3.150	2.282
17	7	4.101	3.220	2.186
17	8	4.070	3.260	2.142
17	9	4.098	3.160	2.264
17	10	4.109	3.230	2.178
17	11	4.153	3.220	2.186
17	12	4.064	3.180	2.240
17	13	4.053	3.110	2.318
17	14	4.046	3.090	2.342
17	15	4.132	3.210	2.201
17	16	4.071	3.130	2.284
17	17	4.055	3.110	2.320
17	18	4.097	3.110	2.318
17	19	4.095	3.100	2.327
17	20	4.060	3.050	2.380
17	21	4.052	3.090	2.327
17	22	4.044	3.110	2.320
17	23	4.111	3.110	2.315
17	24	4.022	3.080	2.349
17	25	4.085	3.120	2.300
17	26	4.056	3.110	2.311
17	27	4.085	3.060	2.371
17	28	4.019	3.010	2.393
17	29	4.046	3.090	2.327
17	30	4.053	3.080	2.338
17	31	4.056	3.070	2.341
17	32	4.040	3.110	2.287
17	33	4.055	3.090	2.323
17	34	4.043	3.050	2.352
17	35	4.046	3.070	2.352
17	36	4.086	3.110	2.296
17	37	4.048	3.080	2.334
17	38	4.065	3.040	2.361
17	39	4.050	3.050	2.367
17	40	4.030	3.070	2.343
17	41	4.065	3.070	2.337
17	42	4.042	3.060	2.361
17	43	4.042	3.070	2.321
17	44	4.020	3.020	2.395
17	45	4.043	3.040	2.355
17	46	4.034	3.050	2.365
17	47	3.999	3.000	2.393
17	48	4.033	3.040	2.357
17	49	4.020	3.050	2.350
17	50	4.053	3.040	2.346
Executing FF Gene Output
17	B	4.194000000000001

18	1	4.212	3.660	1.522
18	2	4.122	3.530	1.755
18	3	4.142	3.420	1.932
18	4	4.109	3.400	1.959
18	5	4.101	3.350	2.032
18	6	4.116	3.250	2.169
18	7	4.135	3.320	2.084
18	8	4.112	3.340	2.051
18	9	4.169	3.530	1.772
18	10	4.157	3.540	1.743
18	11	4.181	3.610	1.617
18	12	4.139	3.420	1.932
18	13	4.183	3.350	2.024
18	14	4.133	3.350	2.019
18	15	4.141	3.280	2.135
18	16	4.098	3.260	2.137
18	17	4.114	3.320	2.057
18	18	4.070	3.250	2.134
18	19	4.150	3.230	2.192
18	20	4.074	3.200	2.227
18	21	4.140	3.210	2.196
18	22	4.078	3.240	2.163
18	23	4.077	3.150	2.269
18	24	4.136	3.210	2.196
18	25	4.106	3.120	2.302
18	26	4.076	3.080	2.315
18	27	4.055	3.120	2.282
18	28	4.119	3.080	2.330
18	29	4.039	3.060	2.339
18	30	4.084	3.070	2.328
18	31	4.041	3.040	2.348
18	32	4.044	3.030	2.357
18	33	4.008	3.010	2.389
18	34	4.007	3.010	2.368
18	35	3.980	3.000	2.376
18	36	3.997	3.000	2.368
18	37	4.022	3.010	2.348
18	38	4.013	3.020	2.357
18	39	4.025	3.010	2.325
18	40	4.004	3.010	2.318
18	41	3.960	3.000	2.331
18	42	3.997	3.000	2.346
18	43	3.988	3.000	2.318
18	44	3.965	3.000	2.318
18	45	3.973	3.000	2.303
18	46	3.988	3.000	2.305
18	47	3.997	3.000	2.307
18	48	3.980	3.000	2.314
18	49	3.974	3.000	2.305
18	50	3.971	3.000	2.322
Executing FF Gene Output
18	B	4.212

19	1	4.177	3.730	1.377
19	2	4.184	3.560	1.707
19	3	4.129	3.370	2.001
19	4	4.095	3.290	2.110
19	5	4.118	3.320	2.074
19	6	4.099	3.300	2.101
19	7	4.109	3.280	2.121
19	8	4.089	3.290	2.117
19	9	4.180	3.370	2.013
19	10	4.142	3.330	2.075
19	11	4.125	3.360	2.025
19	12	4.156	3.330	2.067
19	13	4.069	3.250	2.174
19	14	4.108	3.340	2.051
19	15	4.092	3.240	2.179
19	16	4.117	3.330	2.062
19	17	4.073	3.190	2.237
19	18	4.096	3.310	2.085
19	19	4.154	3.190	2.241
19	20	4.111	3.190	2.244
19	21	4.056	3.250	2.155
19	22	4.084	3.190	2.228
19	23	4.092	3.160	2.271
19	24	4.060	3.180	2.249
19	25	4.073	3.190	2.239
19	26	4.060	3.250	2.162
19	27	4.132	3.240	2.179
19	28	4.057	3.260	2.158
19	29	4.120	3.260	2.158
19	30	4.054	3.240	2.177
19	31	4.099	3.260	2.158
19	32	4.097	3.200	2.232
19	33	4.086	3.250	2.171
19	34	4.089	3.260	2.161
19	35	4.064	3.150	2.287
19	36	4.056	3.160	2.273
19	37	4.050	3.150	2.282
19	38	4.071	3.120	2.319
19	39	4.155	3.230	2.190
19	40	4.088	3.250	2.162
19	41	4.090	3.170	2.263
19	42	4.030	3.100	2.322
19	43	4.071	3.170	2.261
19	44	4.066	3.170	2.261
19	45	4.062	3.160	2.282
19	46	4.071	3.230	2.194
19	47	4.075	3.210	2.212
19	48	4.158	3.390	1.984
19	49	4.188	3.370	2.013
19	50	4.202	3.470	1.872
Executing FF Gene Output
19	B	4.202000000000001

20	1	4.193	3.720	1.411
20	2	4.148	3.610	1.626
20	3	4.126	3.330	2.067
20	4	4.093	3.370	2.003
20	5	4.101	3.390	1.977
20	6	4.091	3.290	2.112
20	7	4.077	3.210	2.201
20	8	4.101	3.210	2.187
20	9	4.065	3.120	2.304
20	10	4.061	3.190	2.230
20	11	4.045	3.100	2.340
20	12	4.068	3.130	2.286
20	13	4.083	3.140	2.265
20	14	4.054	3.080	2.319
20	15	4.038	3.110	2.307
20	16	4.092	3.050	2.371
20	17	4.062	3.060	2.348
20	18	4.011	3.030	2.380
20	19	4.028	3.080	2.321
20	20	4.066	3.040	2.374
20	21	4.011	3.020	2.380
20	22	4.030	3.050	2.348
20	23	3.993	3.000	2.406
20	24	3.981	3.000	2.378
20	25	4.008	3.010	2.393
20	26	4.019	3.020	2.363
20	27	4.006	3.010	2.363
20	28	3.967	3.000	2.372
20	29	3.993	3.000	2.361
20	30	4.044	3.010	2.363
20	31	3.978	3.000	2.378
20	32	4.014	3.010	2.359
20	33	4.015	3.010	2.374
20	34	3.976	3.000	2.333
20	35	3.954	3.000	2.327
20	36	3.965	3.000	2.301
20	37	3.948	3.000	2.331
20	38	3.986	3.000	2.335
20	39	3.959	3.000	2.325
20	40	3.958	3.000	2.320
20	41	3.986	3.000	2.338
20	42	3.955	3.000	2.305
20	43	3.955	3.000	2.285
20	44	3.967	3.000	2.303
20	45	3.937	3.000	2.294
20	46	3.960	3.000	2.287
20	47	3.922	3.000	2.261
20	48	3.925	3.000	2.290
20	49	3.922	3.000	2.274
20	50	3.978	3.000	2.276
Executing FF Gene Output
20	B	4.193

21	1	4.175	3.630	1.584
21	2	4.147	3.450	1.896
21	3	4.114	3.320	2.069
21	4	4.194	3.330	2.060
21	5	4.149	3.340	2.034
21	6	4.139	3.300	2.101
21	7	4.093	3.300	2.103
21	8	4.110	3.220	2.188
21	9	4.082	3.180	2.238
21	10	4.064	3.140	2.259
21	11	4.063	3.060	2.365
21	12	4.027	3.060	2.365
21	13	4.067	3.050	2.388
21	14	4.056	3.110	2.300
21	15	4.040	3.080	2.354
21	16	4.061	3.070	2.358
21	17	4.061	3.060	2.363
21	18	4.027	3.040	2.384
21	19	4.047	3.050	2.376
21	20	4.054	3.050	2.361
21	21	4.053	3.060	2.358
21	22	4.030	3.070	2.341
21	23	4.075	3.080	2.315
21	24	4.020	3.010	2.374
21	25	4.005	3.020	2.387
21	26	4.034	3.030	2.357
21	27	4.055	3.060	2.335
21	28	4.012	3.010	2.376
21	29	4.004	3.010	2.383
21	30	4.000	3.010	2.393
21	31	4.011	3.010	2.380
21	32	3.998	3.000	2.385
21	33	3.996	3.000	2.383
21	34	4.005	3.020	2.378
21	35	4.046	3.020	2.359
21	36	4.005	3.010	2.374
21	37	3.994	3.000	2.383
21	38	3.994	3.000	2.387
21	39	4.022	3.030	2.346
21	40	4.024	3.020	2.361
21	41	3.984	3.000	2.353
21	42	3.983	3.000	2.368
21	43	3.991	3.000	2.355
21	44	3.995	3.000	2.378
21	45	4.010	3.010	2.372
21	46	3.973	3.000	2.361
21	47	3.981	3.000	2.380
21	48	3.956	3.000	2.370
21	49	3.988	3.000	2.368
21	50	3.987	3.000	2.391
Executing FF Gene Output
21	B	4.194

22	1	4.158	3.610	1.632
22	2	4.190	3.430	1.916
22	3	4.100	3.270	2.129
22	4	4.087	3.130	2.293
22	5	4.044	3.110	2.305
22	6	4.048	3.060	2.365
22	7	4.051	3.070	2.337
22	8	4.033	3.050	2.352
22	9	4.017	3.020	2.385
22	10	4.026	3.020	2.391
22	11	4.061	3.050	2.361
22	12	3.999	3.000	2.366
22	13	4.009	3.020	2.355
22	14	3.980	3.000	2.404
22	15	4.005	3.010	2.387
22	16	4.075	3.030	2.365
22	17	4.003	3.010	2.395
22	18	4.002	3.010	2.383
22	19	4.079	3.060	2.348
22	20	4.016	3.010	2.412
22	21	4.009	3.020	2.404
22	22	4.054	3.040	2.401
22	23	4.021	3.040	2.393
22	24	4.047	3.040	2.393
22	25	4.027	3.030	2.389
22	26	4.036	3.040	2.380
22	27	4.037	3.040	2.389
22	28	4.054	3.040	2.391
22	29	4.046	3.050	2.378
22	30	4.050	3.040	2.378
22	31	4.017	3.020	2.416
22	32	4.045	3.090	2.323
22	33	4.026	3.040	2.365
22	34	4.020	3.020	2.406
22	35	4.049	3.070	2.339
22	36	4.022	3.040	2.384
22	37	4.013	3.020	2.404
22	38	4.065	3.100	2.298
22	39	4.035	3.030	2.399
22	40	4.060	3.040	2.374
22	41	4.052	3.020	2.399
22	42	4.005	3.020	2.383
22	43	4.037	3.100	2.320
22	44	4.035	3.030	2.378
22	45	4.060	3.010	2.389
22	46	4.011	3.040	2.376
22	47	4.064	3.070	2.332
22	48	4.027	3.040	2.365
22	49	4.050	3.050	2.374
22	50	4.078	3.040	2.367
Executing FF Gene Output
22	B	4.19

23	1	4.222	3.670	1.511
23	2	4.124	3.540	1.734
23	3	4.129	3.290	2.117
23	4	4.099	3.260	2.149
23	5	4.083	3.200	2.222
23	6	4.109	3.250	2.167
23	7	4.072	3.200	2.232
23	8	4.049	3.210	2.219
23	9	4.082	3.180	2.256
23	10	4.089	3.220	2.207
23	11	4.081	3.240	2.182
23	12	4.083	3.160	2.273
23	13	4.062	3.130	2.301
23	14	4.056	3.090	2.353
23	15	4.055	3.110	2.331
23	16	4.035	3.050	2.391
23	17	4.012	3.040	2.382
23	18	4.049	3.070	2.350
23	19	4.101	3.020	2.391
23	20	4.088	3.080	2.334
23	21	4.055	3.050	2.331
23	22	4.047	3.020	2.320
23	23	4.013	3.020	2.316
23	24	3.979	3.000	2.346
23	25	4.008	3.010	2.329
23	26	3.995	3.000	2.355
23	27	3.980	3.000	2.335
23	28	3.984	3.000	2.331
23	29	3.952	3.000	2.307
23	30	3.980	3.000	2.340
23	31	3.991	3.000	2.322
23	32	3.955	3.000	2.285
23	33	3.952	3.000	2.296
23	34	3.921	3.000	2.229
23	35	3.868	3.000	2.127
23	36	3.879	3.000	2.118
23	37	3.872	3.000	2.127
23	38	3.871	3.000	2.160
23	39	3.892	3.000	2.174
23	40	3.915	3.000	2.186
23	41	3.939	3.000	2.218
23	42	3.912	3.000	2.197
23	43	3.861	3.000	2.137
23	44	3.909	3.000	2.163
23	45	3.953	3.000	2.186
23	46	3.953	3.000	2.209
23	47	3.891	3.000	2.174
23	48	3.993	3.000	2.263
23	49	3.951	3.000	2.276
23	50	3.970	3.000	2.232
Executing FF Gene Output
23	B	4.222

24	1	4.160	3.670	1.511
24	2	4.202	3.560	1.707
24	3	4.109	3.300	2.099
24	4	4.096	3.200	2.213
24	5	4.111	3.070	2.369
24	6	4.051	3.120	2.311
24	7	4.065	3.110	2.318
24	8	4.087	3.100	2.325
24	9	4.051	3.130	2.281
24	10	4.026	3.070	2.334
24	11	4.043	3.060	2.354
24	12	4.037	3.050	2.367
24	13	4.073	3.040	2.374
24	14	4.055	3.050	2.344
24	15	4.009	3.030	2.365
24	16	4.009	3.010	2.355
24	17	4.006	3.010	2.391
24	18	4.061	3.050	2.354
24	19	4.098	3.040	2.352
24	20	4.033	3.100	2.303
24	21	4.125	3.090	2.329
24	22	4.064	3.060	2.350
24	23	4.054	3.080	2.323
24	24	4.086	3.080	2.325
24	25	4.103	3.070	2.339
24	26	4.070	3.030	2.368
24	27	4.024	3.080	2.308
24	28	4.072	3.040	2.348
24	29	4.033	3.060	2.322
24	30	4.073	3.030	2.331
24	31	4.041	3.010	2.342
24	32	4.000	3.010	2.370
24	33	4.011	3.020	2.340
24	34	4.026	3.010	2.353
24	35	3.996	3.000	2.368
24	36	4.002	3.010	2.327
24	37	3.997	3.000	2.320
24	38	3.978	3.000	2.292
24	39	3.952	3.000	2.285
24	40	3.986	3.000	2.366
24	41	3.990	3.000	2.338
24	42	4.026	3.010	2.340
24	43	4.029	3.010	2.335
24	44	3.980	3.000	2.331
24	45	4.015	3.010	2.342
24	46	3.998	3.000	2.361
24	47	4.018	3.040	2.318
24	48	4.020	3.010	2.361
24	49	4.045	3.050	2.331
24	50	4.001	3.010	2.363
Executing FF Gene Output
24	B	4.202

25	1	4.194	3.670	1.498
25	2	4.152	3.430	1.921
25	3	4.116	3.250	2.157
25	4	4.067	3.230	2.187
25	5	4.088	3.250	2.160
25	6	4.068	3.300	2.106
25	7	4.128	3.300	2.108
25	8	4.114	3.370	2.006
25	9	4.078	3.380	1.996
25	10	4.080	3.410	1.952
25	11	4.090	3.330	2.065
25	12	4.097	3.300	2.108
25	13	4.066	3.300	2.111
25	14	4.107	3.360	2.025
25	15	4.108	3.270	2.143
25	16	4.108	3.280	2.123
25	17	4.096	3.220	2.207
25	18	4.093	3.270	2.141
25	19	4.065	3.180	2.254
25	20	4.104	3.320	2.079
25	21	4.103	3.290	2.112
25	22	4.084	3.210	2.206
25	23	4.086	3.230	2.183
25	24	4.086	3.260	2.137
25	25	4.142	3.270	2.145
25	26	4.155	3.310	2.080
25	27	4.111	3.170	2.236
25	28	4.200	3.380	1.981
25	29	4.131	3.360	2.005
25	30	4.156	3.260	2.121
25	31	4.139	3.240	2.161
25	32	4.143	3.280	2.087
25	33	4.172	3.200	2.211
25	34	4.123	3.230	2.141
25	35	4.124	3.270	2.110
25	36	4.135	3.260	2.128
25	37	4.155	3.270	2.107
25	38	4.127	3.160	2.239
25	39	4.167	3.250	2.143
25	40	4.201	3.240	2.142
25	41	4.117	3.160	2.237
25	42	4.070	3.050	2.344
25	43	4.045	3.040	2.357
25	44	4.039	3.020	2.335
25	45	4.033	3.010	2.374
25	46	3.994	3.000	2.368
25	47	4.009	3.020	2.355
25	48	4.008	3.020	2.348
25	49	3.980	3.000	2.344
25	50	3.993	3.000	2.335
Executing FF Gene Output
25	B	4.200999999999999

26	1	4.263	3.660	1.539
26	2	4.155	3.420	1.934
26	3	4.170	3.370	2.003
26	4	4.153	3.470	1.861
26	5	4.147	3.450	1.898
26	6	4.164	3.440	1.911
26	7	4.104	3.450	1.890
26	8	4.114	3.530	1.761
26	9	4.119	3.480	1.842
26	10	4.126	3.440	1.911
26	11	4.102	3.480	1.839
26	12	4.133	3.540	1.746
26	13	4.097	3.540	1.740
26	14	4.143	3.570	1.692
26	15	4.182	3.550	1.740
26	16	4.125	3.520	1.778
26	17	4.138	3.440	1.906
26	18	4.103	3.300	2.106
26	19	4.088	3.380	1.989
26	20	4.092	3.360	2.018
26	21	4.113	3.390	1.982
26	22	4.119	3.350	2.039
26	23	4.107	3.320	2.079
26	24	4.113	3.330	2.050
26	25	4.071	3.160	2.280
26	26	4.072	3.130	2.312
26	27	4.084	3.120	2.328
26	28	4.079	3.150	2.293
26	29	4.059	3.180	2.258
26	30	4.068	3.130	2.310
26	31	4.099	3.200	2.232
26	32	4.125	3.100	2.342
26	33	4.068	3.190	2.246
26	34	4.082	3.140	2.285
26	35	4.025	3.050	2.395
26	36	4.034	3.030	2.410
26	37	4.075	3.070	2.360
26	38	4.053	3.060	2.361
26	39	4.002	3.010	2.406
26	40	4.011	3.030	2.393
26	41	4.013	3.020	2.406
26	42	4.029	3.060	2.361
26	43	4.000	3.010	2.414
26	44	4.017	3.020	2.402
26	45	4.009	3.020	2.399
26	46	4.008	3.010	2.412
26	47	3.994	3.000	2.402
26	48	4.017	3.010	2.395
26	49	4.025	3.010	2.385
26	50	4.007	3.010	2.353
Executing FF Gene Output
26	B	4.263

27	1	4.206	3.620	1.607
27	2	4.165	3.440	1.901
27	3	4.106	3.340	2.019
27	4	4.096	3.120	2.311
27	5	4.079	3.140	2.274
27	6	4.072	3.160	2.251
27	7	4.097	3.170	2.220
27	8	4.122	3.180	2.213
27	9	4.175	3.120	2.271
27	10	4.160	3.160	2.221
27	11	4.178	3.120	2.262
27	12	4.072	3.060	2.324
27	13	4.097	3.120	2.258
27	14	4.085	3.150	2.249
27	15	4.019	3.070	2.317
27	16	4.057	3.070	2.306
27	17	4.025	3.030	2.309
27	18	4.028	3.030	2.324
27	19	4.036	3.030	2.318
27	20	3.999	3.000	2.303
27	21	3.976	3.000	2.298
27	22	3.934	3.000	2.285
27	23	3.977	3.000	2.279
27	24	3.959	3.000	2.276
27	25	3.963	3.000	2.247
27	26	3.971	3.000	2.256
27	27	3.943	3.000	2.276
27	28	3.945	3.000	2.285
27	29	3.999	3.000	2.287
27	30	3.971	3.000	2.281
27	31	3.982	3.000	2.272
27	32	3.950	3.000	2.270
27	33	3.984	3.000	2.270
27	34	3.972	3.000	2.283
27	35	3.994	3.000	2.265
27	36	3.958	3.000	2.250
27	37	3.943	3.000	2.243
27	38	4.022	3.010	2.265
27	39	3.921	3.000	2.250
27	40	3.944	3.000	2.229
27	41	3.907	3.000	2.211
27	42	3.913	3.000	2.229
27	43	3.899	3.000	2.197
27	44	3.894	3.000	2.209
27	45	3.900	3.000	2.207
27	46	3.952	3.000	2.172
27	47	3.955	3.000	2.202
27	48	3.917	3.000	2.234
27	49	3.912	3.000	2.250
27	50	3.920	3.000	2.261
Executing FF Gene Output
27	B	4.205999999999999

28	1	4.148	3.600	1.642
28	2	4.104	3.300	2.091
28	3	4.162	3.270	2.124
28	4	4.173	3.270	2.129
28	5	4.112	3.310	2.087
28	6	4.124	3.380	1.986
28	7	4.085	3.290	2.107
28	8	4.101	3.260	2.151
28	9	4.096	3.270	2.141
28	10	4.166	3.220	2.205
28	11	4.070	3.180	2.233
28	12	4.093	3.190	2.237
28	13	4.091	3.220	2.175
28	14	4.109	3.230	2.171
28	15	4.087	3.190	2.221
28	16	4.062	3.140	2.285
28	17	4.095	3.190	2.232
28	18	4.080	3.220	2.184
28	19	4.052	3.160	2.268
28	20	4.076	3.100	2.316
28	21	4.055	3.120	2.311
28	22	4.068	3.120	2.286
28	23	4.081	3.120	2.280
28	24	4.084	3.090	2.319
28	25	4.089	3.080	2.336
28	26	4.066	3.080	2.345
28	27	4.053	3.080	2.323
28	28	4.068	3.100	2.318
28	29	4.142	3.080	2.317
28	30	4.168	3.170	2.186
28	31	4.174	3.170	2.177
28	32	4.197	3.270	2.061
28	33	4.202	3.230	2.112
28	34	4.156	3.220	2.106
28	35	4.095	3.170	2.151
28	36	4.085	3.080	2.282
28	37	4.067	3.040	2.324
28	38	4.044	3.070	2.282
28	39	4.022	3.050	2.318
28	40	4.041	3.020	2.353
28	41	4.031	3.040	2.344
28	42	4.034	3.060	2.322
28	43	4.012	3.030	2.329
28	44	4.050	3.030	2.287
28	45	4.037	3.030	2.307
28	46	3.963	3.000	2.316
28	47	4.029	3.020	2.307
28	48	4.055	3.020	2.316
28	49	3.992	3.000	2.312
28	50	4.010	3.010	2.279
Executing FF Gene Output
28	B	4.202

29	1	4.232	3.740	1.357
29	2	4.200	3.440	1.909
29	3	4.202	3.490	1.828
29	4	4.118	3.440	1.898
29	5	4.101	3.250	2.162
29	6	4.116	3.330	2.065
29	7	4.084	3.300	2.096
29	8	4.118	3.280	2.128
29	9	4.095	3.290	2.119
29	10	4.097	3.310	2.085
29	11	4.106	3.290	2.112
29	12	4.082	3.240	2.177
29	13	4.125	3.280	2.128
29	14	4.168	3.490	1.820
29	15	4.155	3.310	2.100
29	16	4.168	3.440	1.909
29	17	4.089	3.330	2.062
29	18	4.113	3.390	1.979
29	19	4.120	3.300	2.103
29	20	4.110	3.340	2.044
29	21	4.140	3.410	1.947
29	22	4.111	3.280	2.130
29	23	4.143	3.260	2.140
29	24	4.115	3.340	2.049
29	25	4.151	3.290	2.117
29	26	4.086	3.380	1.984
29	27	4.082	3.340	2.051
29	28	4.073	3.290	2.122
29	29	4.076	3.260	2.151
29	30	4.113	3.210	2.210
29	31	4.083	3.180	2.254
29	32	4.072	3.160	2.266
29	33	4.057	3.080	2.371
29	34	4.052	3.150	2.274
29	35	4.071	3.150	2.285
29	36	4.088	3.190	2.228
29	37	4.081	3.080	2.358
29	38	4.059	3.090	2.347
29	39	4.063	3.140	2.276
29	40	4.061	3.100	2.331
29	41	4.054	3.140	2.279
29	42	4.085	3.170	2.265
29	43	4.117	3.120	2.322
29	44	4.077	3.020	2.425
29	45	4.093	3.110	2.318
29	46	4.064	3.100	2.331
29	47	4.082	3.140	2.288
29	48	4.073	3.140	2.281
29	49	4.044	3.140	2.281
29	50	4.081	3.110	2.315
Executing FF Gene Output
29	B	4.231999999999999

30	1	4.200	3.690	1.461
30	2	4.218	3.560	1.713
30	3	4.152	3.440	1.909
30	4	4.137	3.290	2.090
30	5	4.115	3.230	2.169
30	6	4.065	3.100	2.338
30	7	4.075	3.190	2.230
30	8	4.080	3.260	2.158
30	9	4.173	3.210	2.215
30	10	4.112	3.240	2.177
30	11	4.105	3.150	2.280
30	12	4.062	3.180	2.236
30	13	4.071	3.120	2.317
30	14	4.093	3.140	2.283
30	15	4.105	3.190	2.226
30	16	4.108	3.240	2.165
30	17	4.099	3.200	2.220
30	18	4.106	3.120	2.300
30	19	4.122	3.170	2.245
30	20	4.070	3.190	2.217
30	21	4.075	3.130	2.284
30	22	4.057	3.080	2.356
30	23	4.065	3.070	2.354
30	24	4.052	3.110	2.298
30	25	4.071	3.110	2.311
30	26	4.056	3.090	2.325
30	27	4.045	3.060	2.371
30	28	4.105	3.090	2.334
30	29	4.064	3.150	2.265
30	30	4.045	3.100	2.307
30	31	4.015	3.050	2.365
30	32	4.028	3.050	2.356
30	33	4.036	3.020	2.391
30	34	3.995	3.000	2.391
30	35	4.038	3.020	2.368
30	36	4.002	3.010	2.361
30	37	4.003	3.010	2.372
30	38	3.998	3.000	2.370
30	39	4.001	3.010	2.338
30	40	3.981	3.000	2.357
30	41	4.027	3.010	2.331
30	42	3.998	3.000	2.335
30	43	3.981	3.000	2.329
30	44	3.978	3.000	2.320
30	45	3.986	3.000	2.331
30	46	3.985	3.000	2.316
30	47	3.957	3.000	2.320
30	48	3.990	3.000	2.314
30	49	3.961	3.000	2.285
30	50	3.922	3.000	2.270
Executing FF Gene Output
30	B	4.217999999999999

31	1	4.231	3.570	1.713
31	2	4.124	3.380	1.979
31	3	4.170	3.480	1.834
31	4	4.153	3.390	1.979
31	5	4.212	3.560	1.740
31	6	4.209	3.600	1.651
31	7	4.216	3.650	1.559
31	8	4.176	3.600	1.642
31	9	4.274	3.470	1.883
31	10	4.249	3.540	1.749
31	11	4.226	3.440	1.901
31	12	4.211	3.500	1.820
31	13	4.150	3.530	1.755
31	14	4.186	3.510	1.784
31	15	4.162	3.420	1.932
31	16	4.187	3.450	1.898
31	17	4.181	3.370	2.008
31	18	4.212	3.490	1.817
31	19	4.285	3.650	1.550
31	20	4.291	3.790	1.324
31	21	4.273	3.780	1.334
31	22	4.234	3.720	1.447
31	23	4.217	3.740	1.401
31	24	4.247	3.800	1.259
31	25	4.231	3.800	1.275
31	26	4.217	3.850	1.136
31	27	4.335	3.790	1.305
31	28	4.289	3.810	1.265
31	29	4.243	3.890	1.063
31	30	4.268	3.870	1.116
31	31	4.259	3.840	1.195
31	32	4.300	3.830	1.235
31	33	4.343	3.840	1.204
31	34	4.311	3.840	1.191
31	35	4.284	3.830	1.256
31	36	4.335	3.850	1.197
31	37	4.325	3.910	1.011
31	38	4.282	3.910	1.031
31	39	4.243	3.810	1.265
31	40	4.281	3.890	1.019
31	41	4.263	3.850	1.171
31	42	4.275	3.880	1.047
31	43	4.427	3.820	1.238
31	44	4.351	3.890	1.058
31	45	4.271	3.790	1.336
31	46	4.359	3.890	1.039
31	47	4.298	3.870	1.169
31	48	4.276	3.900	1.054
31	49	4.285	3.840	1.273
31	50	4.380	3.880	1.166
Executing FF Gene Output
31	B	4.427

32	1	4.157	3.580	1.689
32	2	4.129	3.480	1.837
32	3	4.118	3.240	2.179
32	4	4.098	3.190	2.235
32	5	4.122	3.180	2.251
32	6	4.110	3.320	2.071
32	7	4.098	3.360	2.015
32	8	4.095	3.360	2.020
32	9	4.162	3.580	1.677
32	10	4.143	3.360	2.020
32	11	4.130	3.370	2.001
32	12	4.072	3.140	2.290
32	13	4.088	3.110	2.291
32	14	4.097	3.070	2.358
32	15	4.056	3.140	2.281
32	16	4.074	3.120	2.306
32	17	4.101	3.100	2.327
32	18	4.075	3.120	2.304
32	19	4.067	3.080	2.354
32	20	4.058	3.040	2.382
32	21	4.079	3.120	2.289
32	22	4.040	3.090	2.314
32	23	4.031	3.050	2.361
32	24	4.028	3.070	2.328
32	25	4.042	3.020	2.391
32	26	4.037	3.040	2.357
32	27	4.027	3.030	2.382
32	28	4.067	3.040	2.367
32	29	4.005	3.020	2.365
32	30	4.015	3.060	2.317
32	31	4.067	3.050	2.320
32	32	4.090	3.020	2.365
32	33	4.012	3.020	2.353
32	34	4.010	3.010	2.368
32	35	4.075	3.040	2.333
32	36	4.053	3.040	2.322
32	37	4.054	3.070	2.286
32	38	4.034	3.010	2.357
32	39	4.018	3.020	2.340
32	40	4.001	3.010	2.357
32	41	4.020	3.010	2.325
32	42	4.019	3.010	2.312
32	43	4.012	3.010	2.342
32	44	3.979	3.000	2.298
32	45	4.022	3.010	2.298
32	46	4.021	3.010	2.296
32	47	3.993	3.000	2.312
32	48	3.955	3.000	2.303
32	49	3.956	3.000	2.316
32	50	3.946	3.000	2.283
Executing FF Gene Output
32	B	4.162

33	1	4.170	3.660	1.532
33	2	4.160	3.400	1.959
33	3	4.146	3.370	2.001
33	4	4.132	3.310	2.068
33	5	4.136	3.210	2.210
33	6	4.113	3.110	2.324
33	7	4.093	3.110	2.305
33	8	4.063	3.130	2.290
33	9	4.087	3.150	2.278
33	10	4.069	3.180	2.222
33	11	4.093	3.150	2.256
33	12	4.100	3.190	2.210
33	13	4.106	3.200	2.202
33	14	4.150	3.160	2.248
33	15	4.091	3.120	2.289
33	16	4.079	3.070	2.341
33	17	4.097	3.120	2.266
33	18	4.085	3.090	2.301
33	19	4.067	3.090	2.305
33	20	4.065	3.050	2.354
33	21	4.048	3.080	2.306
33	22	4.039	3.020	2.333
33	23	4.058	3.030	2.350
33	24	4.088	3.050	2.337
33	25	4.013	3.020	2.338
33	26	4.065	3.050	2.335
33	27	4.054	3.040	2.316
33	28	4.008	3.010	2.357
33	29	4.013	3.040	2.311
33	30	4.038	3.030	2.331
33	31	4.017	3.010	2.363
33	32	4.028	3.010	2.361
33	33	4.071	3.060	2.324
33	34	4.002	3.020	2.365
33	35	3.993	3.000	2.385
33	36	3.992	3.000	2.380
33	37	4.018	3.030	2.350
33	38	4.008	3.010	2.385
33	39	3.969	3.000	2.344
33	40	4.000	3.010	2.357
33	41	3.982	3.000	2.351
33	42	4.005	3.010	2.320
33	43	3.987	3.000	2.338
33	44	3.981	3.000	2.335
33	45	3.995	3.000	2.342
33	46	3.989	3.000	2.351
33	47	4.006	3.020	2.322
33	48	4.017	3.010	2.327
33	49	3.991	3.000	2.314
33	50	3.967	3.000	2.329
Executing FF Gene Output
33	B	4.17

34	1	4.166	3.650	1.543
34	2	4.193	3.480	1.842
34	3	4.148	3.490	1.817
34	4	4.131	3.280	2.132
34	5	4.106	3.310	2.087
34	6	4.136	3.200	2.232
34	7	4.074	3.370	2.011
34	8	4.142	3.340	2.056
34	9	4.120	3.430	1.919
34	10	4.076	3.290	2.117
34	11	4.108	3.360	2.023
34	12	4.075	3.270	2.145
34	13	4.100	3.250	2.160
34	14	4.081	3.190	2.232
34	15	4.090	3.320	2.076
34	16	4.115	3.380	1.991
34	17	4.106	3.390	1.977
34	18	4.171	3.430	1.916
34	19	4.185	3.500	1.815
34	20	4.195	3.630	1.577
34	21	4.183	3.650	1.540
34	22	4.186	3.580	1.680
34	23	4.155	3.580	1.674
34	24	4.215	3.480	1.853
34	25	4.174	3.490	1.823
34	26	4.260	3.500	1.809
34	27	4.168	3.510	1.803
34	28	4.169	3.550	1.746
34	29	4.304	3.610	1.651
34	30	4.220	3.670	1.525
34	31	4.240	3.700	1.474
34	32	4.180	3.610	1.648
34	33	4.233	3.710	1.472
34	34	4.229	3.620	1.616
34	35	4.208	3.590	1.694
34	36	4.269	3.640	1.602
34	37	4.223	3.660	1.539
34	38	4.235	3.690	1.499
34	39	4.283	3.680	1.510
34	40	4.261	3.700	1.491
34	41	4.373	3.760	1.383
34	42	4.231	3.720	1.447
34	43	4.328	3.820	1.205
34	44	4.305	3.700	1.481
34	45	4.200	3.770	1.347
34	46	4.240	3.710	1.455
34	47	4.300	3.690	1.509
34	48	4.307	3.780	1.272
34	49	4.251	3.800	1.259
34	50	4.270	3.780	1.349
Executing FF Gene Output
34	B	4.373

35	1	4.148	3.640	1.583
35	2	4.173	3.470	1.867
35	3	4.158	3.340	2.049
35	4	4.078	3.160	2.277
35	5	4.060	3.240	2.177
35	6	4.057	3.130	2.312
35	7	4.061	3.250	2.157
35	8	4.068	3.160	2.277
35	9	4.091	3.150	2.276
35	10	4.064	3.170	2.263
35	11	4.086	3.110	2.320
35	12	4.049	3.120	2.311
35	13	4.037	3.160	2.262
35	14	4.110	3.160	2.275
35	15	4.045	3.130	2.306
35	16	4.040	3.110	2.326
35	17	4.040	3.150	2.282
35	18	4.042	3.100	2.327
35	19	4.022	3.040	2.389
35	20	4.006	3.010	2.416
35	21	4.014	3.020	2.402
35	22	3.985	3.000	2.397
35	23	4.000	3.010	2.399
35	24	4.057	3.030	2.401
35	25	4.071	3.020	2.404
35	26	4.063	3.040	2.393
35	27	4.037	3.040	2.374
35	28	4.049	3.110	2.302
35	29	4.046	3.100	2.309
35	30	4.000	3.010	2.408
35	31	4.069	3.050	2.359
35	32	4.011	3.020	2.391
35	33	4.053	3.040	2.374
35	34	4.067	3.060	2.363
35	35	4.053	3.060	2.352
35	36	4.042	3.010	2.351
35	37	3.998	3.000	2.374
35	38	3.985	3.000	2.366
35	39	4.002	3.010	2.348
35	40	3.975	3.000	2.359
35	41	4.000	3.010	2.363
35	42	4.024	3.010	2.346
35	43	4.074	3.020	2.346
35	44	4.012	3.010	2.372
35	45	4.012	3.020	2.355
35	46	4.019	3.010	2.374
35	47	3.999	3.000	2.376
35	48	4.016	3.020	2.355
35	49	3.988	3.000	2.361
35	50	4.002	3.010	2.320
Executing FF Gene Output
35	B	4.172999999999999

36	1	4.167	3.570	1.698
36	2	4.150	3.290	2.112
36	3	4.061	3.150	2.285
36	4	4.039	3.160	2.264
36	5	4.104	3.220	2.205
36	6	4.169	3.320	2.081
36	7	4.099	3.260	2.158
36	8	4.145	3.380	2.001
36	9	4.103	3.370	2.011
36	10	4.096	3.290	2.122
36	11	4.096	3.330	2.067
36	12	4.114	3.310	2.085
36	13	4.082	3.310	2.083
36	14	4.127	3.240	2.186
36	15	4.102	3.340	2.053
36	16	4.122	3.250	2.171
36	17	4.114	3.150	2.282
36	18	4.052	3.150	2.276
36	19	4.086	3.090	2.336
36	20	4.088	3.160	2.268
36	21	4.060	3.140	2.292
36	22	4.082	3.080	2.358
36	23	4.075	3.180	2.233
36	24	4.082	3.160	2.268
36	25	4.039	3.080	2.349
36	26	4.111	3.130	2.304
36	27	4.052	3.140	2.288
36	28	4.057	3.100	2.333
36	29	4.043	3.090	2.336
36	30	4.110	3.190	2.228
36	31	4.063	3.030	2.404
36	32	4.080	3.100	2.335
36	33	4.036	3.040	2.395
36	34	4.045	3.040	2.386
36	35	4.023	3.040	2.389
36	36	4.051	3.070	2.350
36	37	4.058	3.040	2.386
36	38	4.021	3.040	2.382
36	39	4.021	3.040	2.389
36	40	4.026	3.020	2.402
36	41	4.054	3.040	2.378
36	42	4.065	3.070	2.352
36	43	4.036	3.060	2.358
36	44	3.996	3.000	2.418
36	45	4.044	3.060	2.346
36	46	4.021	3.050	2.382
36	47	3.995	3.000	2.418
36	48	4.049	3.060	2.346
36	49	4.032	3.010	2.380
36	50	4.029	3.050	2.344
Executing FF Gene Output
36	B	4.169

37	1	4.190	3.510	1.789
37	2	4.165	3.380	1.994
37	3	4.076	3.230	2.176
37	4	4.092	3.080	2.338
37	5	4.043	3.060	2.348
37	6	4.023	3.040	2.386
37	7	4.038	3.050	2.361
37	8	4.033	3.030	2.374
37	9	4.074	3.070	2.328
37	10	4.061	3.110	2.267
37	11	4.038	3.050	2.318
37	12	4.008	3.010	2.366
37	13	4.060	3.030	2.344
37	14	4.103	3.090	2.290
37	15	4.046	3.050	2.350
37	16	4.034	3.020	2.383
37	17	4.022	3.030	2.348
37	18	4.023	3.020	2.387
37	19	4.003	3.020	2.376
37	20	3.996	3.000	2.383
37	21	4.010	3.020	2.376
37	22	4.000	3.010	2.374
37	23	4.001	3.010	2.351
37	24	4.047	3.030	2.337
37	25	4.032	3.010	2.331
37	26	4.010	3.020	2.338
37	27	4.013	3.030	2.320
37	28	4.046	3.090	2.250
37	29	4.139	3.040	2.291
37	30	4.168	3.070	2.269
37	31	4.073	3.060	2.231
37	32	4.047	3.020	2.252
37	33	4.034	3.040	2.229
37	34	4.106	3.030	2.229
37	35	4.014	3.010	2.274
37	36	4.065	3.020	2.265
37	37	4.044	3.020	2.252
37	38	4.018	3.010	2.276
37	39	4.075	3.050	2.229
37	40	4.030	3.020	2.240
37	41	4.059	3.010	2.220
37	42	3.963	3.000	2.234
37	43	3.944	3.000	2.204
37	44	3.935	3.000	2.232
37	45	3.907	3.000	2.190
37	46	3.938	3.000	2.181
37	47	3.911	3.000	2.167
37	48	3.894	3.000	2.153
37	49	3.865	3.000	2.177
37	50	3.930	3.000	2.172
Executing FF Gene Output
37	B	4.19

38	1	4.195	3.600	1.645
38	2	4.136	3.630	1.574
38	3	4.114	3.450	1.877
38	4	4.109	3.350	2.027
38	5	4.085	3.340	2.053
38	6	4.087	3.440	1.906
38	7	4.115	3.430	1.921
38	8	4.141	3.510	1.801
38	9	4.117	3.470	1.861
38	10	4.095	3.470	1.861
38	11	4.128	3.380	2.001
38	12	4.123	3.380	1.994
38	13	4.122	3.340	2.056
38	14	4.111	3.370	2.011
38	15	4.107	3.380	1.994
38	16	4.098	3.340	2.051
38	17	4.077	3.320	2.069
38	18	4.097	3.280	2.123
38	19	4.096	3.260	2.156
38	20	4.075	3.260	2.154
38	21	4.097	3.310	2.092
38	22	4.087	3.240	2.184
38	23	4.087	3.300	2.106
38	24	4.091	3.280	2.123
38	25	4.095	3.310	2.090
38	26	4.121	3.230	2.190
38	27	4.130	3.270	2.134
38	28	4.126	3.280	2.135
38	29	4.144	3.320	2.074
38	30	4.086	3.280	2.132
38	31	4.137	3.210	2.222
38	32	4.093	3.190	2.214
38	33	4.071	3.180	2.245
38	34	4.087	3.100	2.327
38	35	4.100	3.190	2.232
38	36	4.163	3.120	2.289
38	37	4.083	3.110	2.318
38	38	4.080	3.070	2.360
38	39	4.060	3.110	2.298
38	40	4.111	3.170	2.245
38	41	4.086	3.100	2.331
38	42	4.049	3.170	2.234
38	43	4.063	3.110	2.305
38	44	4.084	3.070	2.332
38	45	4.091	3.080	2.319
38	46	4.023	3.050	2.350
38	47	4.105	3.070	2.332
38	48	4.066	3.060	2.350
38	49	4.051	3.080	2.306
38	50	4.021	3.050	2.350
Executing FF Gene Output
38	B	4.194999999999999

39	1	4.228	3.610	1.629
39	2	4.168	3.460	1.864
39	3	4.136	3.160	2.239
39	4	4.044	3.060	2.328
39	5	4.019	3.030	2.344
39	6	4.029	3.020	2.316
39	7	4.001	3.010	2.344
39	8	4.003	3.010	2.340
39	9	4.025	3.010	2.331
39	10	4.018	3.010	2.329
39	11	3.981	3.000	2.329
39	12	4.035	3.010	2.327
39	13	4.043	3.010	2.309
39	14	4.024	3.010	2.305
39	15	4.015	3.010	2.290
39	16	3.976	3.000	2.294
39	17	3.973	3.000	2.303
39	18	4.048	3.010	2.298
39	19	3.999	3.000	2.314
39	20	4.001	3.020	2.303
39	21	4.014	3.030	2.320
39	22	4.023	3.010	2.344
39	23	4.050	3.010	2.329
39	24	4.049	3.030	2.318
39	25	4.004	3.010	2.338
39	26	3.960	3.000	2.333
39	27	3.993	3.000	2.333
39	28	4.008	3.020	2.333
39	29	3.988	3.000	2.335
39	30	4.016	3.010	2.338
39	31	3.996	3.000	2.355
39	32	4.044	3.010	2.314
39	33	4.039	3.010	2.329
39	34	3.959	3.000	2.322
39	35	3.965	3.000	2.322
39	36	4.047	3.010	2.327
39	37	3.990	3.000	2.316
39	38	4.042	3.020	2.276
39	39	3.922	3.000	2.270
39	40	3.917	3.000	2.279
39	41	3.982	3.000	2.247
39	42	3.991	3.000	2.261
39	43	3.938	3.000	2.250
39	44	3.915	3.000	2.256
39	45	3.946	3.000	2.254
39	46	3.968	3.000	2.276
39	47	3.951	3.000	2.263
39	48	3.941	3.000	2.279
39	49	3.929	3.000	2.272
39	50	3.938	3.000	2.252
Executing FF Gene Output
39	B	4.228

40	1	4.174	3.670	1.498
40	2	4.152	3.500	1.820
40	3	4.134	3.330	2.067
40	4	4.083	3.240	2.170
40	5	4.116	3.310	2.080
40	6	4.136	3.290	2.122
40	7	4.098	3.300	2.096
40	8	4.208	3.320	2.071
40	9	4.153	3.360	2.000
40	10	4.093	3.250	2.148
40	11	4.092	3.310	2.056
40	12	4.080	3.280	2.097
40	13	4.089	3.160	2.246
40	14	4.104	3.190	2.219
40	15	4.118	3.120	2.291
40	16	4.079	3.120	2.273
40	17	4.087	3.070	2.317
40	18	4.067	3.050	2.335
40	19	4.032	3.010	2.344
40	20	3.992	3.000	2.348
40	21	4.062	3.020	2.331
40	22	4.028	3.020	2.301
40	23	4.079	3.020	2.296
40	24	4.044	3.040	2.272
40	25	3.988	3.000	2.296
40	26	3.956	3.000	2.296
40	27	4.030	3.010	2.270
40	28	3.950	3.000	2.274
40	29	3.998	3.000	2.261
40	30	3.943	3.000	2.181
40	31	3.880	3.000	2.130
40	32	3.851	3.000	2.091
40	33	3.869	3.000	2.113
40	34	3.895	3.000	2.089
40	35	3.908	3.000	2.062
40	36	3.855	3.000	2.057
40	37	3.874	3.000	2.060
40	38	3.822	3.000	2.018
40	39	3.846	3.000	2.057
40	40	3.862	3.000	2.033
40	41	3.863	3.000	2.018
40	42	3.854	3.000	2.025
40	43	3.835	3.000	2.077
40	44	3.847	3.000	2.052
40	45	3.892	3.000	2.082
40	46	3.881	3.000	2.082
40	47	3.832	3.000	2.050
40	48	3.857	3.000	2.094
40	49	3.914	3.000	2.125
40	50	3.906	3.000	2.120
Executing FF Gene Output
40	B	4.208

41	1	4.149	3.660	1.526
41	2	4.108	3.300	2.096
41	3	4.089	3.230	2.178
41	4	4.087	3.130	2.268
41	5	4.051	3.090	2.321
41	6	4.081	3.150	2.271
41	7	4.036	3.100	2.309
41	8	4.058	3.050	2.344
41	9	4.034	3.080	2.301
41	10	4.053	3.150	2.231
41	11	4.026	3.070	2.313
41	12	4.047	3.040	2.348
41	13	4.006	3.030	2.365
41	14	4.019	3.040	2.357
41	15	4.037	3.050	2.322
41	16	4.031	3.030	2.365
41	17	4.048	3.020	2.393
41	18	4.034	3.030	2.348
41	19	4.052	3.040	2.331
41	20	4.038	3.050	2.348
41	21	4.025	3.020	2.372
41	22	4.077	3.040	2.350
41	23	4.038	3.060	2.335
41	24	4.072	3.070	2.321
41	25	4.043	3.070	2.313
41	26	4.047	3.050	2.350
41	27	4.050	3.030	2.372
41	28	4.040	3.030	2.355
41	29	4.075	3.060	2.337
41	30	4.057	3.050	2.313
41	31	4.055	3.040	2.333
41	32	4.017	3.020	2.357
41	33	4.060	3.040	2.331
41	34	4.001	3.010	2.353
41	35	4.032	3.020	2.348
41	36	4.002	3.010	2.335
41	37	4.022	3.010	2.353
41	38	4.021	3.010	2.327
41	39	4.023	3.010	2.322
41	40	4.046	3.010	2.355
41	41	4.029	3.010	2.333
41	42	4.001	3.010	2.312
41	43	3.983	3.000	2.335
41	44	4.029	3.020	2.318
41	45	3.993	3.000	2.296
41	46	3.988	3.000	2.327
41	47	3.997	3.000	2.316
41	48	3.976	3.000	2.307
41	49	4.026	3.010	2.305
41	50	4.015	3.010	2.296
Executing FF Gene Output
41	B	4.148999999999999

42	1	4.292	3.660	1.526
42	2	4.136	3.380	1.986
42	3	4.091	3.150	2.267
42	4	4.099	3.160	2.264
42	5	4.052	3.070	2.356
42	6	4.063	3.060	2.365
42	7	4.028	3.030	2.376
42	8	4.008	3.010	2.410
42	9	4.028	3.090	2.321
42	10	4.064	3.060	2.346
42	11	4.052	3.040	2.367
42	12	4.040	3.070	2.330
42	13	4.058	3.030	2.385
42	14	4.064	3.070	2.345
42	15	3.984	3.000	2.406
42	16	4.047	3.050	2.363
42	17	4.016	3.020	2.406
42	18	4.041	3.020	2.389
42	19	4.012	3.020	2.361
42	20	4.015	3.010	2.380
42	21	4.017	3.020	2.363
42	22	3.985	3.000	2.372
42	23	4.070	3.010	2.378
42	24	4.035	3.010	2.355
42	25	3.980	3.000	2.359
42	26	3.986	3.000	2.348
42	27	4.023	3.010	2.329
42	28	3.975	3.000	2.333
42	29	4.005	3.010	2.346
42	30	3.974	3.000	2.344
42	31	3.995	3.000	2.348
42	32	4.010	3.010	2.322
42	33	3.986	3.000	2.320
42	34	4.033	3.010	2.335
42	35	3.980	3.000	2.338
42	36	3.985	3.000	2.340
42	37	3.954	3.000	2.318
42	38	3.983	3.000	2.338
42	39	4.005	3.010	2.329
42	40	4.008	3.010	2.312
42	41	3.957	3.000	2.338
42	42	3.970	3.000	2.331
42	43	4.009	3.010	2.290
42	44	3.954	3.000	2.316
42	45	3.952	3.000	2.331
42	46	3.979	3.000	2.316
42	47	4.007	3.010	2.316
42	48	3.996	3.000	2.325
42	49	3.980	3.000	2.346
42	50	3.985	3.000	2.368
Executing FF Gene Output
42	B	4.292

43	1	4.148	3.690	1.458
43	2	4.131	3.440	1.903
43	3	4.113	3.270	2.131
43	4	4.096	3.150	2.269
43	5	4.064	3.210	2.194
43	6	4.055	3.080	2.356
43	7	4.071	3.140	2.276
43	8	4.076	3.090	2.319
43	9	4.130	3.160	2.246
43	10	4.060	3.090	2.314
43	11	4.099	3.110	2.311
43	12	4.100	3.110	2.285
43	13	4.042	3.070	2.347
43	14	4.025	3.050	2.356
43	15	4.058	3.070	2.339
43	16	4.113	3.090	2.312
43	17	4.061	3.070	2.347
43	18	4.084	3.040	2.348
43	19	4.036	3.030	2.376
43	20	4.094	3.050	2.333
43	21	4.041	3.080	2.308
43	22	4.052	3.020	2.363
43	23	4.047	3.020	2.370
43	24	4.051	3.030	2.376
43	25	4.058	3.050	2.320
43	26	4.019	3.020	2.383
43	27	4.017	3.040	2.302
43	28	4.025	3.030	2.342
43	29	4.062	3.060	2.322
43	30	4.031	3.030	2.350
43	31	4.131	3.100	2.309
43	32	4.021	3.050	2.356
43	33	4.046	3.080	2.306
43	34	4.067	3.080	2.325
43	35	4.036	3.030	2.361
43	36	4.052	3.060	2.339
43	37	4.019	3.040	2.357
43	38	4.079	3.040	2.372
43	39	4.081	3.090	2.323
43	40	4.030	3.050	2.341
43	41	4.022	3.050	2.328
43	42	4.030	3.030	2.387
43	43	4.046	3.050	2.348
43	44	4.048	3.070	2.326
43	45	4.048	3.030	2.357
43	46	4.050	3.030	2.355
43	47	4.074	3.050	2.333
43	48	3.997	3.000	2.359
43	49	3.992	3.000	2.355
43	50	4.021	3.020	2.363
Executing FF Gene Output
43	B	4.1480000000000015

44	1	4.151	3.620	1.613
44	2	4.201	3.500	1.815
44	3	4.137	3.410	1.952
44	4	4.093	3.230	2.185
44	5	4.072	3.100	2.342
44	6	4.071	3.170	2.248
44	7	4.075	3.110	2.300
44	8	4.079	3.120	2.280
44	9	4.072	3.140	2.274
44	10	4.088	3.180	2.229
44	11	4.056	3.150	2.262
44	12	4.073	3.110	2.298
44	13	4.076	3.120	2.302
44	14	4.103	3.100	2.307
44	15	4.033	3.050	2.346
44	16	4.102	3.020	2.372
44	17	4.015	3.010	2.370
44	18	4.043	3.010	2.357
44	19	4.026	3.020	2.359
44	20	4.047	3.010	2.355
44	21	4.038	3.020	2.355
44	22	4.021	3.010	2.314
44	23	3.998	3.000	2.346
44	24	4.019	3.010	2.312
44	25	3.935	3.000	2.294
44	26	4.006	3.010	2.276
44	27	4.008	3.010	2.281
44	28	4.011	3.010	2.296
44	29	3.991	3.000	2.303
44	30	3.986	3.000	2.296
44	31	3.985	3.000	2.276
44	32	3.985	3.000	2.294
44	33	3.959	3.000	2.267
44	34	3.956	3.000	2.252
44	35	3.986	3.000	2.236
44	36	3.975	3.000	2.227
44	37	3.949	3.000	2.202
44	38	3.959	3.000	2.204
44	39	3.943	3.000	2.174
44	40	3.916	3.000	2.209
44	41	3.925	3.000	2.216
44	42	3.900	3.000	2.195
44	43	3.875	3.000	2.190
44	44	3.967	3.000	2.184
44	45	3.853	3.000	2.158
44	46	3.873	3.000	2.172
44	47	3.868	3.000	2.153
44	48	3.950	3.000	2.234
44	49	3.938	3.000	2.232
44	50	3.905	3.000	2.220
Executing FF Gene Output
44	B	4.201

45	1	4.179	3.630	1.587
45	2	4.194	3.410	1.952
45	3	4.126	3.270	2.141
45	4	4.106	3.330	2.050
45	5	4.091	3.260	2.158
45	6	4.104	3.240	2.170
45	7	4.105	3.310	2.083
45	8	4.078	3.160	2.273
45	9	4.059	3.110	2.326
45	10	4.057	3.130	2.310
45	11	4.057	3.120	2.304
45	12	4.065	3.100	2.338
45	13	4.076	3.200	2.222
45	14	4.041	3.120	2.295
45	15	4.066	3.090	2.325
45	16	4.038	3.040	2.370
45	17	4.028	3.050	2.341
45	18	4.026	3.030	2.380
45	19	4.076	3.030	2.365
45	20	4.056	3.030	2.370
45	21	4.108	3.090	2.303
45	22	4.057	3.020	2.389
45	23	4.072	3.020	2.387
45	24	4.077	3.030	2.355
45	25	4.047	3.050	2.344
45	26	3.986	3.000	2.361
45	27	4.049	3.020	2.357
45	28	4.065	3.010	2.355
45	29	3.975	3.000	2.357
45	30	4.009	3.020	2.346
45	31	4.011	3.010	2.338
45	32	4.012	3.010	2.344
45	33	4.030	3.020	2.340
45	34	4.006	3.020	2.348
45	35	4.062	3.010	2.351
45	36	3.993	3.000	2.363
45	37	4.014	3.020	2.338
45	38	4.012	3.010	2.340
45	39	3.981	3.000	2.359
45	40	4.017	3.010	2.342
45	41	3.998	3.000	2.355
45	42	4.018	3.010	2.333
45	43	3.977	3.000	2.366
45	44	4.021	3.010	2.357
45	45	4.055	3.020	2.344
45	46	4.047	3.030	2.333
45	47	4.010	3.040	2.339
45	48	4.002	3.010	2.353
45	49	4.013	3.010	2.374
45	50	4.009	3.010	2.357
Executing FF Gene Output
45	B	4.194

46	1	4.207	3.650	1.556
46	2	4.132	3.510	1.789
46	3	4.134	3.400	1.969
46	4	4.105	3.430	1.916
46	5	4.160	3.400	1.967
46	6	4.113	3.340	2.049
46	7	4.114	3.330	2.055
46	8	4.137	3.300	2.103
46	9	4.080	3.280	2.132
46	10	4.041	3.170	2.259
46	11	4.080	3.130	2.306
46	12	4.060	3.150	2.276
46	13	4.042	3.050	2.388
46	14	4.039	3.060	2.369
46	15	4.064	3.050	2.374
46	16	4.078	3.070	2.354
46	17	4.011	3.030	2.397
46	18	4.082	3.090	2.325
46	19	4.018	3.030	2.365
46	20	4.026	3.010	2.353
46	21	3.987	3.000	2.348
46	22	3.991	3.000	2.338
46	23	4.003	3.010	2.325
46	24	4.049	3.010	2.344
46	25	4.019	3.010	2.327
46	26	4.050	3.020	2.298
46	27	4.003	3.010	2.327
46	28	4.008	3.020	2.331
46	29	3.974	3.000	2.355
46	30	3.992	3.000	2.355
46	31	4.007	3.010	2.376
46	32	4.008	3.010	2.366
46	33	4.026	3.010	2.351
46	34	4.026	3.010	2.357
46	35	4.089	3.020	2.333
46	36	3.993	3.000	2.344
46	37	4.018	3.020	2.335
46	38	4.021	3.010	2.355
46	39	4.044	3.020	2.363
46	40	4.012	3.010	2.370
46	41	4.019	3.010	2.376
46	42	4.011	3.010	2.351
46	43	3.990	3.000	2.376
46	44	3.966	3.000	2.351
46	45	4.020	3.030	2.316
46	46	3.976	3.000	2.322
46	47	4.027	3.010	2.342
46	48	3.975	3.000	2.372
46	49	3.980	3.000	2.357
46	50	3.969	3.000	2.318
Executing FF Gene Output
46	B	4.206999999999999

47	1	4.186	3.590	1.667
47	2	4.244	3.400	1.967
47	3	4.137	3.240	2.123
47	4	4.031	3.030	2.395
47	5	4.129	3.050	2.369
47	6	4.055	3.040	2.363
47	7	4.030	3.020	2.408
47	8	4.021	3.010	2.404
47	9	4.016	3.020	2.416
47	10	4.008	3.020	2.418
47	11	4.065	3.080	2.336
47	12	4.037	3.020	2.414
47	13	4.072	3.060	2.363
47	14	4.049	3.060	2.356
47	15	4.062	3.040	2.391
47	16	4.020	3.010	2.391
47	17	4.035	3.040	2.380
47	18	4.025	3.040	2.367
47	19	4.029	3.030	2.361
47	20	4.016	3.010	2.391
47	21	4.047	3.040	2.367
47	22	4.028	3.030	2.376
47	23	4.026	3.010	2.361
47	24	3.991	3.000	2.383
47	25	4.033	3.020	2.353
47	26	4.017	3.010	2.353
47	27	4.043	3.010	2.361
47	28	4.028	3.020	2.338
47	29	3.982	3.000	2.376
47	30	4.023	3.020	2.350
47	31	4.015	3.010	2.331
47	32	3.997	3.000	2.340
47	33	4.010	3.010	2.309
47	34	3.966	3.000	2.305
47	35	4.099	3.010	2.303
47	36	3.963	3.000	2.296
47	37	3.992	3.000	2.274
47	38	3.958	3.000	2.285
47	39	4.008	3.010	2.279
47	40	3.970	3.000	2.285
47	41	3.926	3.000	2.256
47	42	3.989	3.000	2.245
47	43	4.003	3.010	2.265
47	44	4.021	3.010	2.329
47	45	3.978	3.000	2.361
47	46	3.999	3.000	2.325
47	47	4.064	3.020	2.294
47	48	4.005	3.010	2.290
47	49	3.915	3.000	2.250
47	50	3.981	3.000	2.229
Executing FF Gene Output
47	B	4.243999999999999

48	1	4.163	3.680	1.483
48	2	4.134	3.480	1.845
48	3	4.105	3.390	1.966
48	4	4.164	3.380	1.973
48	5	4.153	3.440	1.895
48	6	4.180	3.560	1.722
48	7	4.172	3.500	1.817
48	8	4.162	3.580	1.686
48	9	4.229	3.560	1.716
48	10	4.157	3.500	1.815
48	11	4.199	3.580	1.686
48	12	4.163	3.670	1.508
48	13	4.179	3.700	1.446
48	14	4.143	3.690	1.475
48	15	4.176	3.530	1.772
48	16	4.088	3.260	2.149
48	17	4.231	3.340	2.049
48	18	4.092	3.370	2.006
48	19	4.174	3.450	1.896
48	20	4.133	3.390	1.979
48	21	4.201	3.420	1.939
48	22	4.167	3.550	1.731
48	23	4.257	3.500	1.823
48	24	4.233	3.550	1.743
48	25	4.196	3.500	1.829
48	26	4.260	3.560	1.722
48	27	4.187	3.570	1.698
48	28	4.219	3.730	1.381
48	29	4.295	3.730	1.424
48	30	4.288	3.860	1.106
48	31	4.281	3.900	0.959
48	32	4.224	3.780	1.323
48	33	4.272	3.870	1.046
48	34	4.239	3.850	1.109
48	35	4.226	3.830	1.181
48	36	4.263	3.880	1.028
48	37	4.213	3.820	1.184
48	38	4.255	3.850	1.175
48	39	4.238	3.860	1.106
48	40	4.310	3.890	1.048
48	41	4.285	3.890	1.039
48	42	4.308	3.880	1.126
48	43	4.288	3.840	1.187
48	44	4.348	3.880	1.099
48	45	4.281	3.870	1.079
48	46	4.234	3.880	1.052
48	47	4.264	3.860	1.155
48	48	4.313	3.850	1.184
48	49	4.236	3.900	0.995
48	50	4.270	3.890	1.014
Executing FF Gene Output
48	B	4.348

49	1	4.180	3.620	1.613
49	2	4.119	3.500	1.803
49	3	4.141	3.480	1.845
49	4	4.109	3.320	2.074
49	5	4.092	3.310	2.085
49	6	4.085	3.260	2.151
49	7	4.098	3.280	2.113
49	8	4.095	3.270	2.141
49	9	4.074	3.240	2.177
49	10	4.084	3.220	2.198
49	11	4.093	3.270	2.141
49	12	4.124	3.270	2.143
49	13	4.136	3.250	2.167
49	14	4.105	3.150	2.285
49	15	4.136	3.250	2.157
49	16	4.087	3.230	2.183
49	17	4.109	3.210	2.194
49	18	4.075	3.160	2.255
49	19	4.099	3.170	2.241
49	20	4.162	3.180	2.238
49	21	4.101	3.150	2.262
49	22	4.065	3.090	2.310
49	23	4.058	3.050	2.328
49	24	4.060	3.040	2.324
49	25	4.065	3.040	2.344
49	26	4.059	3.040	2.322
49	27	4.028	3.030	2.311
49	28	4.005	3.010	2.309
49	29	4.001	3.010	2.331
49	30	3.999	3.000	2.338
49	31	4.013	3.010	2.342
49	32	4.014	3.020	2.316
49	33	3.979	3.000	2.325
49	34	4.013	3.010	2.333
49	35	3.989	3.000	2.331
49	36	4.039	3.020	2.327
49	37	4.123	3.030	2.314
49	38	4.038	3.010	2.329
49	39	4.014	3.010	2.338
49	40	3.989	3.000	2.344
49	41	4.014	3.010	2.340
49	42	3.976	3.000	2.338
49	43	4.058	3.030	2.333
49	44	4.005	3.010	2.338
49	45	4.053	3.010	2.351
49	46	4.038	3.030	2.331
49	47	4.012	3.020	2.318
49	48	3.993	3.000	2.338
49	49	3.970	3.000	2.322
49	50	3.967	3.000	2.261
Executing FF Gene Output
49	B	4.179999999999999

50	1	4.170	3.660	1.536
50	2	4.145	3.460	1.872
50	3	4.099	3.380	1.989
50	4	4.081	3.280	2.130
50	5	4.082	3.320	2.076
50	6	4.115	3.270	2.141
50	7	4.074	3.180	2.236
50	8	4.024	3.040	2.342
50	9	4.002	3.010	2.357
50	10	4.019	3.040	2.335
50	11	4.026	3.010	2.380
50	12	4.015	3.020	2.361
50	13	4.007	3.010	2.370
50	14	4.044	3.020	2.340
50	15	3.999	3.000	2.316
50	16	3.963	3.000	2.312
50	17	3.959	3.000	2.298
50	18	3.969	3.000	2.305
50	19	3.977	3.000	2.294
50	20	4.037	3.010	2.285
50	21	3.984	3.000	2.305
50	22	3.959	3.000	2.290
50	23	3.990	3.000	2.245
50	24	3.952	3.000	2.225
50	25	3.904	3.000	2.213
50	26	4.002	3.010	2.218
50	27	3.916	3.000	2.225
50	28	3.965	3.000	2.241
50	29	3.930	3.000	2.213
50	30	3.934	3.000	2.232
50	31	4.001	3.010	2.245
50	32	4.008	3.010	2.213
50	33	3.970	3.000	2.232
50	34	3.932	3.000	2.218
50	35	3.970	3.000	2.234
50	36	3.957	3.000	2.245
50	37	3.977	3.000	2.252
50	38	3.969	3.000	2.225
50	39	3.954	3.000	2.247
50	40	3.989	3.000	2.222
50	41	3.939	3.000	2.261
50	42	3.993	3.000	2.283
50	43	4.033	3.010	2.285
50	44	4.006	3.010	2.290
50	45	3.980	3.000	2.303
50	46	4.006	3.010	2.307
50	47	4.014	3.020	2.292
50	48	4.024	3.020	2.301
50	49	4.049	3.050	2.315
50	50	4.035	3.010	2.292
Executing FF Gene Output
50	B	4.17

Over All:
	Average Run Average Fitness: 3
	Average Run Best Fitness: 4
	Best Fitness: 5.0
	Best Chromo: Run 1: Generation 14: 5863 5826 8129 4068 7333 9463 2197 8209 7076 7488 9329 4307 9135 2365 6042 2181 4675 4489 2755 9946 4873 6973 9755 1040 9887 6642 7768 6409 4319 1384 6912 7820 9784 809 1211 4947 9526 1595 9954 818 503 4516 3290 3243 7472 4971 4600 9685 2536 1870 3057 5102 4085 9928 1504 6571 3711 735 8073 443 4203 1240 5767 8555 7908 5128 1454 3300 4107 4783 757 2318 8229 8042 4619 8495 1596 2549 7721 7706 8406 5105 3421 6751 3132 4974 530 9583 440 1940 9258 9989 8299 887 3814 8667 8879 9819 7507 8155 108 4704 7219 2306 1560 6254 9088 8636 177 531 651 257 2613 8035 153 7582 1185 5347 408 279 3348 9319 177 7964 7059 6821 3775 3885 9418 2515 9953 3130 9529 3154 8062 2312 2533 913 2896 3270 4562 435 4950 8912 9533 4614 5804 6139 2457 1639 972 1596 3903 3196 6340 4340 5620 2908 358 7417 7323 1446 3922 6432 273 341 2519 1030 9446 3180 215 2064 4964 5528 5880 7351 3475 413 7545 5167 9960 617 5359 7754 2153 5050 8553 8255 8652 8752 7921 5203 1435 2855 248 8179 5032 5149 4929 4073 1617 3216 391 7893 1313 229 6290 5101 9277 7105 2548 6956 7022 6732 673 2580 5010 5877 267 845 3434 7144 7153 8326 7380 9152 3430 2234 9668 7886 7455 3567 4630 9684 826 5275 6047 3601 9024 2481 6493 6210 2776 8775 8570 4580 2956 8517 1407 8635 5810 17 247 747 3063 9979 
Start:  Sun Mar 20 23:09:30 EDT 2016
End  :  Mon Mar 21 11:19:52 EDT 2016
