
Parameter File Name is: hw3_axel_all.params

Setting up Fitness Function.....Iterated Prisoner's Dilemma
1	1	4.587	3.730	1.647
1	2	4.556	3.590	1.727
1	3	4.590	3.780	1.682
1	4	5.192	4.000	2.431
1	5	4.843	3.920	1.911
1	6	4.728	3.900	1.621
1	7	4.565	3.540	1.979
1	8	4.600	3.820	1.355
1	9	4.665	3.670	1.756
1	10	4.486	3.880	1.683
1	11	4.441	3.940	1.585
1	12	4.452	3.970	1.531
1	13	4.439	3.980	1.547
1	14	4.453	3.980	1.547
1	15	4.832	3.980	1.352
1	16	4.893	3.510	1.977
1	17	4.990	3.640	1.706
1	18	5.023	3.650	2.047
1	19	5.023	3.750	1.909
1	20	5.023	3.800	2.179
1	21	5.023	3.870	2.031
1	22	5.023	3.700	2.130
1	23	4.984	3.600	2.062
1	24	4.832	3.500	2.005
1	25	4.684	3.470	1.997
1	26	4.792	3.770	1.681
1	27	4.438	3.620	1.581
1	28	4.439	3.550	1.755
1	29	4.741	3.760	1.727
1	30	4.700	3.870	1.724
1	31	4.614	3.880	1.455
1	32	4.807	3.860	1.925
1	33	4.742	3.900	1.592
1	34	4.673	3.850	1.523
1	35	4.813	3.870	1.910
1	36	4.847	3.930	1.960
1	37	4.639	3.760	1.590
1	38	4.910	3.930	1.991
1	39	4.846	3.930	1.844
1	40	4.777	3.830	1.583
1	41	4.437	3.550	1.769
1	42	4.263	3.130	2.200
1	43	4.257	3.220	2.161
1	44	4.281	3.810	1.241
1	45	4.465	3.910	0.991
1	46	4.977	3.970	1.925
1	47	4.977	3.990	2.665
1	48	4.977	4.000	2.841
1	49	4.977	3.990	2.721
1	50	4.977	3.990	2.682
Executing FF Gene Output
1	B	5.192499999999998

2	1	4.697	3.760	1.640
2	2	4.998	3.940	2.411
2	3	5.032	4.000	2.701
2	4	5.219	4.050	2.384
2	5	5.150	4.050	2.324
2	6	5.027	4.030	2.693
2	7	4.998	4.000	2.843
2	8	5.015	4.010	2.805
2	9	4.999	4.000	2.843
2	10	4.999	4.000	2.843
2	11	4.999	4.000	2.809
2	12	5.012	4.000	2.740
2	13	4.999	3.990	2.796
2	14	5.089	4.000	2.785
2	15	5.119	4.020	2.771
2	16	4.999	4.000	2.843
2	17	5.179	4.060	2.735
2	18	5.192	4.130	2.629
2	19	4.999	4.000	2.839
2	20	4.999	4.000	2.843
2	21	4.999	4.000	2.843
2	22	4.999	4.000	2.839
2	23	5.167	4.040	2.763
2	24	4.999	4.000	2.839
2	25	4.999	4.000	2.843
2	26	4.999	4.000	2.841
2	27	5.167	4.050	2.756
2	28	4.999	4.000	2.841
2	29	4.999	4.000	2.843
2	30	4.999	4.000	2.841
2	31	5.091	4.100	2.687
2	32	5.306	4.570	1.835
2	33	5.343	4.270	2.418
2	34	5.473	4.230	2.532
2	35	4.999	4.000	2.843
2	36	4.999	4.000	2.839
2	37	4.999	4.000	2.841
2	38	5.169	4.080	2.712
2	39	5.349	4.080	2.751
2	40	5.622	4.800	1.792
2	41	5.622	4.790	1.956
2	42	5.602	4.540	2.283
2	43	5.622	4.320	2.315
2	44	5.496	4.280	2.468
2	45	5.622	4.740	1.983
2	46	5.562	4.190	2.650
2	47	4.999	4.000	2.837
2	48	5.527	4.170	2.663
2	49	5.590	4.330	2.523
2	50	5.622	4.560	2.320
Executing FF Gene Output
2	B	5.621666666666667

3	1	4.577	3.680	1.666
3	2	4.927	3.810	1.955
3	3	4.965	3.950	2.566
3	4	4.965	3.960	2.659
3	5	4.997	4.000	2.841
3	6	4.997	4.000	2.839
3	7	4.998	4.000	2.629
3	8	4.998	4.000	2.640
3	9	4.998	4.000	2.843
3	10	4.998	4.000	2.843
3	11	4.999	4.000	2.843
3	12	4.999	3.990	2.655
3	13	4.999	4.000	2.843
3	14	4.999	4.000	2.843
3	15	4.999	4.000	2.723
3	16	4.999	3.990	2.803
3	17	4.999	4.000	2.841
3	18	4.999	4.000	2.843
3	19	4.999	4.000	2.754
3	20	4.999	4.000	2.754
3	21	4.999	4.000	2.803
3	22	4.999	4.000	2.843
3	23	4.999	4.000	2.843
3	24	4.999	4.000	2.747
3	25	4.999	4.000	2.807
3	26	4.999	4.000	2.841
3	27	4.999	4.000	2.825
3	28	4.999	4.000	2.816
3	29	4.999	4.000	2.823
3	30	4.999	4.000	2.841
3	31	4.999	4.000	2.839
3	32	4.999	4.000	2.843
3	33	4.999	3.960	2.689
3	34	4.999	3.880	2.496
3	35	4.999	3.890	2.662
3	36	4.999	3.860	2.617
3	37	4.999	3.920	2.679
3	38	4.999	3.870	2.637
3	39	4.999	3.860	2.648
3	40	4.999	3.820	2.546
3	41	4.999	3.890	2.524
3	42	4.999	4.000	2.843
3	43	4.999	3.970	2.736
3	44	4.999	3.960	2.698
3	45	4.999	3.950	2.767
3	46	4.999	4.000	2.841
3	47	4.999	4.000	2.843
3	48	4.999	4.000	2.839
3	49	4.999	3.880	2.632
3	50	4.999	3.870	2.602
Executing FF Gene Output
3	B	4.9991666666666665

4	1	4.608	3.720	1.586
4	2	4.928	3.920	2.051
4	3	4.994	3.980	2.552
4	4	5.038	4.020	2.761
4	5	4.998	4.000	2.837
4	6	4.998	4.000	2.816
4	7	5.048	4.060	2.694
4	8	4.998	4.000	2.837
4	9	4.998	4.000	2.843
4	10	5.029	4.030	2.754
4	11	4.998	4.000	2.843
4	12	4.998	4.000	2.843
4	13	4.998	4.000	2.841
4	14	4.998	4.000	2.841
4	15	4.998	4.000	2.839
4	16	5.067	4.120	2.649
4	17	4.998	4.000	2.839
4	18	5.033	4.080	2.699
4	19	5.121	4.010	2.669
4	20	5.266	4.030	2.741
4	21	5.270	4.100	2.042
4	22	5.033	3.850	1.806
4	23	4.998	3.990	2.691
4	24	4.998	4.000	2.841
4	25	4.998	4.000	2.841
4	26	4.998	3.980	2.699
4	27	4.998	4.000	2.843
4	28	5.033	4.010	2.655
4	29	5.006	4.000	2.670
4	30	5.053	3.980	2.344
4	31	4.998	4.000	2.841
4	32	5.088	4.000	2.586
4	33	4.998	4.000	2.841
4	34	4.998	4.000	2.841
4	35	4.998	4.000	2.843
4	36	4.998	4.000	2.843
4	37	4.998	4.000	2.843
4	38	4.998	4.000	2.843
4	39	4.998	4.000	2.843
4	40	4.998	4.000	2.843
4	41	4.998	3.970	2.743
4	42	4.998	4.000	2.843
4	43	5.008	3.990	2.706
4	44	5.024	3.650	2.066
4	45	5.217	3.680	2.382
4	46	5.528	4.670	2.082
4	47	5.618	4.810	1.785
4	48	5.604	4.750	1.866
4	49	5.671	4.920	1.929
4	50	5.503	4.610	1.839
Executing FF Gene Output
4	B	5.670833333333333

5	1	4.676	3.730	1.595
5	2	4.902	3.950	2.004
5	3	4.968	3.970	2.632
5	4	4.968	3.990	2.796
5	5	4.972	3.980	2.708
5	6	4.998	4.000	2.762
5	7	4.998	3.990	2.741
5	8	4.998	3.990	2.783
5	9	4.999	3.980	2.809
5	10	4.999	4.000	2.843
5	11	4.999	4.000	2.843
5	12	4.999	4.000	2.841
5	13	4.999	4.000	2.843
5	14	4.999	4.000	2.843
5	15	4.999	4.000	2.843
5	16	4.999	4.000	2.785
5	17	4.999	4.000	2.843
5	18	4.999	4.000	2.730
5	19	4.999	4.000	2.843
5	20	4.999	4.000	2.839
5	21	4.999	4.000	2.785
5	22	4.999	4.000	2.837
5	23	4.999	4.000	2.762
5	24	5.044	4.000	2.769
5	25	4.999	3.980	2.823
5	26	4.999	3.980	2.689
5	27	4.999	3.950	2.689
5	28	4.999	4.000	2.843
5	29	4.999	3.960	2.732
5	30	4.999	4.000	2.843
5	31	4.999	4.000	2.843
5	32	4.999	3.950	2.694
5	33	4.999	3.890	2.532
5	34	5.057	4.080	2.658
5	35	4.999	4.000	2.841
5	36	4.999	3.990	2.828
5	37	4.999	3.990	2.830
5	38	4.999	3.990	2.827
5	39	4.999	3.970	2.805
5	40	4.999	3.990	2.825
5	41	4.999	3.990	2.814
5	42	4.999	3.990	2.818
5	43	4.999	3.990	2.798
5	44	4.999	4.000	2.843
5	45	4.999	4.000	2.843
5	46	4.999	4.000	2.843
5	47	4.999	4.000	2.843
5	48	4.999	4.000	2.819
5	49	4.999	4.000	2.811
5	50	4.999	4.000	2.841
Executing FF Gene Output
5	B	5.056666666666667

6	1	4.848	3.740	1.640
6	2	4.560	3.870	1.376
6	3	4.767	3.880	1.462
6	4	5.452	3.870	1.753
6	5	4.777	3.780	1.804
6	6	4.604	4.000	1.287
6	7	4.476	3.850	1.175
6	8	4.384	3.860	1.223
6	9	4.464	3.880	1.245
6	10	4.623	3.890	1.463
6	11	4.412	3.670	1.621
6	12	4.533	3.580	1.674
6	13	4.646	3.600	1.712
6	14	5.351	3.720	1.787
6	15	5.303	4.140	1.750
6	16	5.234	4.130	2.056
6	17	5.233	3.870	2.114
6	18	4.694	3.760	1.727
6	19	4.903	3.920	1.854
6	20	4.883	3.850	1.595
6	21	4.747	3.830	1.732
6	22	5.013	3.850	1.833
6	23	4.883	3.770	1.817
6	24	4.653	3.700	1.661
6	25	4.500	3.460	1.885
6	26	4.708	3.910	1.580
6	27	4.949	3.920	1.838
6	28	5.056	3.980	2.141
6	29	5.594	4.150	2.300
6	30	5.608	4.300	1.964
6	31	5.195	3.760	2.142
6	32	4.710	3.890	1.410
6	33	4.706	3.930	1.523
6	34	4.635	3.890	1.388
6	35	4.977	3.940	1.493
6	36	5.187	4.080	2.033
6	37	5.193	4.540	1.877
6	38	5.142	4.440	1.879
6	39	5.217	4.630	1.584
6	40	5.393	4.670	1.624
6	41	5.391	4.440	2.027
6	42	5.562	4.820	2.022
6	43	5.579	4.820	2.064
6	44	5.582	4.910	1.988
6	45	5.493	4.730	1.814
6	46	5.579	4.800	1.670
6	47	5.365	4.570	1.929
6	48	5.436	4.740	1.779
6	49	5.604	4.710	1.825
6	50	5.707	4.780	1.934
Executing FF Gene Output
6	B	5.706666666666666

7	1	4.782	3.770	1.500
7	2	4.618	3.760	1.682
7	3	4.981	3.950	2.181
7	4	4.981	3.990	2.725
7	5	4.981	4.000	2.839
7	6	4.981	4.000	2.837
7	7	4.981	4.000	2.843
7	8	5.331	3.980	2.758
7	9	5.667	4.000	2.732
7	10	5.672	4.080	2.738
7	11	5.689	4.580	2.257
7	12	5.691	4.700	2.312
7	13	5.697	4.560	2.112
7	14	5.700	4.520	2.098
7	15	5.719	4.610	2.199
7	16	5.719	4.690	2.273
7	17	5.721	4.690	2.341
7	18	5.641	4.410	1.878
7	19	5.731	4.460	2.103
7	20	5.717	4.440	2.051
7	21	5.645	4.300	1.969
7	22	5.701	4.470	1.875
7	23	5.641	4.340	1.884
7	24	5.562	4.300	2.055
7	25	5.642	4.160	2.049
7	26	5.412	4.050	2.062
7	27	5.180	3.960	2.086
7	28	5.266	3.960	2.072
7	29	4.849	3.940	1.903
7	30	5.018	3.960	1.869
7	31	5.544	3.720	1.790
7	32	5.309	3.990	2.047
7	33	5.224	3.980	2.188
7	34	5.145	3.970	2.002
7	35	5.544	3.920	1.832
7	36	5.074	3.940	2.138
7	37	4.822	3.950	1.872
7	38	4.887	3.950	1.769
7	39	4.761	3.970	1.708
7	40	4.818	3.920	1.677
7	41	4.977	3.770	1.623
7	42	4.825	3.880	1.838
7	43	4.879	3.970	1.407
7	44	5.005	3.870	1.715
7	45	5.065	3.910	1.804
7	46	5.479	3.770	1.803
7	47	5.586	4.140	2.144
7	48	5.662	4.060	2.126
7	49	5.435	3.850	2.052
7	50	5.531	3.980	1.449
Executing FF Gene Output
7	B	5.730833333333332

8	1	4.562	3.740	1.548
8	2	4.675	3.800	1.667
8	3	4.972	3.930	2.121
8	4	4.972	3.900	2.478
8	5	4.972	3.960	2.745
8	6	4.973	3.970	2.800
8	7	4.997	3.990	2.800
8	8	4.999	4.000	2.841
8	9	4.999	4.000	2.841
8	10	4.999	4.000	2.841
8	11	4.999	4.000	2.734
8	12	4.999	4.000	2.843
8	13	4.999	4.000	2.843
8	14	4.999	4.000	2.732
8	15	4.999	4.000	2.732
8	16	4.999	4.000	2.598
8	17	4.999	4.000	2.843
8	18	4.999	4.000	2.843
8	19	4.999	4.000	2.843
8	20	4.999	4.000	2.843
8	21	4.999	4.000	2.800
8	22	4.999	3.990	2.798
8	23	4.999	4.000	2.828
8	24	4.999	4.000	2.843
8	25	4.999	4.000	2.732
8	26	4.999	4.000	2.825
8	27	4.999	3.990	2.758
8	28	4.999	4.000	2.843
8	29	4.999	4.000	2.843
8	30	4.999	4.000	2.823
8	31	4.999	4.000	2.732
8	32	4.999	4.000	2.843
8	33	4.999	3.980	2.832
8	34	4.999	4.000	2.843
8	35	4.999	4.000	2.843
8	36	4.999	3.990	2.695
8	37	4.999	3.980	2.771
8	38	4.999	3.980	2.791
8	39	4.999	3.960	2.798
8	40	4.999	3.910	2.642
8	41	4.999	4.000	2.843
8	42	4.999	4.000	2.843
8	43	4.999	4.000	2.843
8	44	4.999	4.000	2.843
8	45	4.999	4.000	2.843
8	46	4.999	4.000	2.843
8	47	4.999	3.900	2.670
8	48	4.999	3.930	2.671
8	49	4.999	3.850	2.482
8	50	4.999	3.870	2.650
Executing FF Gene Output
8	B	4.9991666666666665

9	1	4.612	3.810	1.489
9	2	4.896	3.930	1.919
9	3	4.968	3.980	2.672
9	4	4.968	4.000	2.783
9	5	4.970	4.000	2.763
9	6	4.979	4.000	2.836
9	7	4.979	4.000	2.592
9	8	4.980	4.000	2.839
9	9	4.980	4.000	2.843
9	10	4.980	4.000	2.843
9	11	4.980	4.000	2.843
9	12	4.981	4.000	2.736
9	13	4.996	4.000	2.754
9	14	4.996	4.000	2.843
9	15	4.996	4.000	2.794
9	16	4.998	4.000	2.789
9	17	4.998	3.990	2.752
9	18	4.998	4.000	2.843
9	19	4.998	4.000	2.843
9	20	4.998	4.000	2.841
9	21	4.998	4.000	2.843
9	22	4.998	4.000	2.843
9	23	4.998	4.000	2.843
9	24	4.998	4.000	2.843
9	25	4.998	4.000	2.843
9	26	4.998	4.000	2.792
9	27	4.998	4.000	2.843
9	28	4.998	4.000	2.843
9	29	4.998	4.000	2.843
9	30	4.998	4.000	2.843
9	31	4.998	4.000	2.843
9	32	4.998	4.000	2.843
9	33	4.998	4.000	2.843
9	34	4.998	4.000	2.843
9	35	4.998	4.000	2.578
9	36	4.998	4.000	2.680
9	37	4.998	4.000	2.743
9	38	4.998	4.000	2.843
9	39	4.998	4.000	2.843
9	40	4.998	4.000	2.843
9	41	4.998	4.000	2.732
9	42	4.998	4.000	2.730
9	43	4.998	4.000	2.699
9	44	4.998	4.000	2.843
9	45	4.998	4.000	2.843
9	46	4.998	4.000	2.843
9	47	4.998	4.000	2.391
9	48	4.998	4.000	2.843
9	49	4.998	4.000	2.687
9	50	4.998	4.000	2.843
Executing FF Gene Output
9	B	4.9975

10	1	4.617	3.730	1.604
10	2	4.837	3.790	1.849
10	3	4.975	4.000	2.629
10	4	4.975	4.000	2.836
10	5	4.997	4.000	2.721
10	6	4.997	3.980	2.712
10	7	4.998	4.000	2.837
10	8	4.998	3.910	2.740
10	9	4.998	4.000	2.843
10	10	4.998	4.000	2.841
10	11	4.998	3.930	2.608
10	12	4.998	4.000	2.836
10	13	4.998	3.950	2.726
10	14	4.998	3.860	2.549
10	15	4.998	3.930	2.728
10	16	4.999	4.000	2.841
10	17	4.999	3.960	2.715
10	18	4.999	3.950	2.728
10	19	4.999	4.000	2.837
10	20	4.999	4.000	2.837
10	21	4.999	4.000	2.843
10	22	4.999	4.000	2.843
10	23	4.999	4.000	2.841
10	24	4.999	3.960	2.745
10	25	4.999	3.930	2.742
10	26	4.999	3.930	2.728
10	27	4.999	3.990	2.821
10	28	4.999	4.000	2.841
10	29	4.999	4.000	2.774
10	30	4.999	4.000	2.843
10	31	4.999	4.000	2.843
10	32	4.999	3.980	2.832
10	33	4.999	4.000	2.843
10	34	4.999	3.990	2.818
10	35	4.999	4.000	2.843
10	36	4.999	3.970	2.821
10	37	4.999	3.980	2.810
10	38	4.999	3.960	2.799
10	39	4.999	3.990	2.830
10	40	4.999	4.000	2.843
10	41	4.999	4.000	2.841
10	42	4.999	4.000	2.837
10	43	4.999	4.000	2.841
10	44	4.999	4.000	2.839
10	45	4.999	4.000	2.839
10	46	4.999	3.980	2.839
10	47	4.999	4.000	2.841
10	48	4.999	4.000	2.843
10	49	4.999	3.870	2.738
10	50	4.999	3.880	2.726
Executing FF Gene Output
10	B	4.9991666666666665

11	1	4.506	3.770	1.550
11	2	4.951	3.950	2.037
11	3	4.973	3.970	2.562
11	4	4.972	4.000	2.830
11	5	4.972	4.000	2.841
11	6	4.972	3.990	2.780
11	7	4.972	4.000	2.843
11	8	4.972	3.960	2.702
11	9	4.972	3.840	2.561
11	10	4.972	4.000	2.843
11	11	4.990	3.960	2.698
11	12	4.972	4.000	2.843
11	13	4.972	3.960	2.734
11	14	4.972	4.000	2.843
11	15	4.972	4.000	2.843
11	16	4.972	4.000	2.843
11	17	4.972	3.930	2.561
11	18	4.972	3.950	2.737
11	19	4.972	4.000	2.843
11	20	4.972	4.000	2.843
11	21	4.972	4.000	2.843
11	22	4.972	4.000	2.843
11	23	4.972	4.000	2.843
11	24	4.972	4.000	2.843
11	25	4.972	4.000	2.841
11	26	4.972	3.970	2.743
11	27	4.972	3.930	2.729
11	28	4.972	4.000	2.843
11	29	4.972	4.000	2.843
11	30	4.972	4.000	2.843
11	31	4.972	4.000	2.843
11	32	4.972	4.000	2.843
11	33	4.972	3.920	2.709
11	34	4.972	3.940	2.735
11	35	5.045	3.780	2.404
11	36	5.012	3.930	2.724
11	37	5.034	3.890	2.664
11	38	4.972	3.830	2.586
11	39	4.972	3.930	2.746
11	40	4.972	3.920	2.720
11	41	4.972	4.000	2.839
11	42	4.972	3.700	2.551
11	43	4.972	4.000	2.841
11	44	4.972	3.750	2.616
11	45	4.972	3.920	2.727
11	46	4.972	3.830	2.701
11	47	5.010	3.880	2.705
11	48	5.624	3.130	1.942
11	49	5.767	3.190	1.973
11	50	5.904	3.370	1.886
Executing FF Gene Output
11	B	5.904166666666665

12	1	4.399	3.650	1.711
12	2	4.869	3.770	1.740
12	3	4.999	3.950	2.380
12	4	4.999	4.000	2.832
12	5	4.999	4.000	2.836
12	6	4.999	3.980	2.706
12	7	4.999	4.000	2.843
12	8	4.999	4.000	2.843
12	9	4.999	4.000	2.843
12	10	4.999	4.000	2.843
12	11	4.999	3.810	2.573
12	12	4.999	3.930	2.735
12	13	4.999	3.940	2.735
12	14	4.999	3.970	2.761
12	15	4.999	3.920	2.722
12	16	4.999	4.000	2.843
12	17	4.999	4.000	2.843
12	18	4.999	4.000	2.843
12	19	4.999	3.960	2.747
12	20	4.999	4.000	2.843
12	21	4.999	4.000	2.843
12	22	4.999	4.000	2.843
12	23	4.999	4.000	2.843
12	24	4.999	3.980	2.519
12	25	4.999	4.000	2.843
12	26	4.999	4.000	2.843
12	27	4.999	3.990	2.693
12	28	4.999	4.000	2.727
12	29	4.999	3.990	2.682
12	30	4.999	4.000	2.843
12	31	4.999	4.000	2.843
12	32	4.999	4.000	2.752
12	33	4.999	4.000	2.715
12	34	4.999	4.000	2.747
12	35	4.999	3.980	2.803
12	36	4.999	4.000	2.843
12	37	4.999	3.980	2.785
12	38	4.999	4.000	2.843
12	39	4.999	4.000	2.843
12	40	4.999	3.920	2.575
12	41	4.999	4.000	2.843
12	42	4.999	4.000	2.843
12	43	4.999	3.940	2.570
12	44	4.999	4.000	2.843
12	45	4.999	4.000	2.843
12	46	4.999	4.000	2.841
12	47	4.999	3.960	2.678
12	48	4.999	4.000	2.841
12	49	4.999	3.960	2.745
12	50	4.999	4.000	2.843
Executing FF Gene Output
12	B	4.9991666666666665

13	1	4.568	3.700	1.667
13	2	4.957	3.800	1.995
13	3	5.028	3.900	2.416
13	4	4.959	3.990	2.634
13	5	4.959	3.990	2.625
13	6	4.961	4.000	2.839
13	7	4.961	4.000	2.841
13	8	4.968	4.000	2.843
13	9	4.969	4.000	2.843
13	10	4.969	4.000	2.843
13	11	4.971	4.000	2.843
13	12	4.978	4.000	2.738
13	13	4.978	3.990	2.714
13	14	4.980	3.980	2.584
13	15	4.980	4.000	2.843
13	16	4.980	4.000	2.843
13	17	4.996	4.000	2.689
13	18	4.996	4.000	2.843
13	19	4.996	3.940	2.717
13	20	4.996	3.910	2.682
13	21	4.997	3.940	2.705
13	22	4.997	3.940	2.649
13	23	4.997	3.950	2.662
13	24	4.997	4.000	2.843
13	25	4.997	4.000	2.843
13	26	4.997	4.000	2.843
13	27	4.997	3.840	2.477
13	28	4.997	3.850	2.562
13	29	4.997	3.770	2.337
13	30	4.997	3.920	2.392
13	31	4.997	4.000	2.843
13	32	4.997	4.000	2.843
13	33	4.997	3.960	2.589
13	34	4.997	3.970	2.687
13	35	4.997	4.000	2.843
13	36	4.997	4.000	2.843
13	37	4.997	3.970	2.665
13	38	4.997	4.000	2.843
13	39	4.997	4.000	2.843
13	40	4.997	3.990	2.682
13	41	4.997	4.000	2.843
13	42	4.997	4.000	2.843
13	43	4.997	4.000	2.843
13	44	4.997	3.860	2.495
13	45	4.997	3.870	2.583
13	46	4.997	4.000	2.843
13	47	4.997	3.910	2.707
13	48	4.997	3.920	2.711
13	49	4.997	4.000	2.841
13	50	4.997	3.870	2.618
Executing FF Gene Output
13	B	5.028333333333333

14	1	4.627	3.780	1.544
14	2	4.938	3.840	1.808
14	3	4.968	3.960	2.496
14	4	4.965	3.990	2.756
14	5	4.965	4.000	2.836
14	6	4.965	4.000	2.832
14	7	4.965	4.000	2.832
14	8	4.965	4.000	2.837
14	9	4.976	3.970	2.687
14	10	4.987	3.980	2.717
14	11	4.987	3.990	2.812
14	12	4.965	3.990	2.754
14	13	4.965	3.990	2.789
14	14	4.965	4.000	2.839
14	15	4.965	4.000	2.767
14	16	4.965	4.000	2.825
14	17	4.965	4.000	2.827
14	18	4.965	4.000	2.830
14	19	4.965	4.000	2.839
14	20	4.965	3.980	2.556
14	21	4.965	3.960	2.544
14	22	4.965	3.970	2.715
14	23	4.967	3.980	2.721
14	24	4.978	4.000	2.839
14	25	5.024	3.990	2.780
14	26	5.455	3.990	2.736
14	27	4.983	4.000	2.767
14	28	4.983	4.000	2.828
14	29	4.983	4.000	2.836
14	30	4.983	3.990	2.816
14	31	4.983	4.000	2.843
14	32	4.983	4.000	2.841
14	33	4.983	4.000	2.839
14	34	4.983	4.000	2.809
14	35	4.983	4.000	2.803
14	36	4.983	4.000	2.821
14	37	4.983	4.000	2.837
14	38	4.983	4.000	2.839
14	39	4.983	4.000	2.836
14	40	4.983	4.000	2.763
14	41	4.983	4.000	2.834
14	42	4.983	4.000	2.836
14	43	4.983	4.000	2.773
14	44	4.983	4.000	2.669
14	45	4.983	4.000	2.657
14	46	4.983	3.990	2.693
14	47	4.983	3.990	2.702
14	48	4.983	3.980	2.760
14	49	4.983	3.990	2.730
14	50	4.983	3.980	2.778
Executing FF Gene Output
14	B	5.454999999999999

15	1	4.820	3.800	1.550
15	2	4.973	3.880	2.011
15	3	4.970	3.960	2.374
15	4	4.966	3.990	2.721
15	5	4.966	3.970	2.763
15	6	4.966	3.990	2.758
15	7	4.966	4.000	2.732
15	8	4.998	4.000	2.843
15	9	4.998	4.000	2.843
15	10	4.998	4.000	2.843
15	11	4.998	3.980	2.695
15	12	4.998	4.000	2.843
15	13	4.998	3.990	2.693
15	14	4.998	3.910	2.608
15	15	4.998	3.920	2.631
15	16	4.998	3.870	2.458
15	17	4.998	3.960	2.750
15	18	4.998	4.000	2.843
15	19	4.998	3.920	2.684
15	20	4.998	4.000	2.843
15	21	4.998	3.880	2.605
15	22	4.999	4.000	2.843
15	23	4.999	4.000	2.843
15	24	4.999	4.000	2.843
15	25	4.999	4.000	2.843
15	26	4.999	3.960	2.812
15	27	4.999	3.960	2.776
15	28	4.999	3.990	2.832
15	29	4.999	4.000	2.843
15	30	4.999	4.000	2.843
15	31	4.999	4.000	2.843
15	32	4.999	4.000	2.843
15	33	4.999	3.990	2.834
15	34	4.999	4.000	2.843
15	35	4.999	4.000	2.843
15	36	4.999	4.000	2.843
15	37	4.999	3.990	2.773
15	38	4.999	4.000	2.843
15	39	4.999	4.000	2.843
15	40	4.999	3.950	2.693
15	41	4.999	3.930	2.683
15	42	4.999	4.000	2.843
15	43	4.999	4.000	2.843
15	44	4.999	3.950	2.678
15	45	4.999	4.000	2.843
15	46	4.999	3.980	2.747
15	47	4.999	3.970	2.678
15	48	4.999	3.940	2.670
15	49	4.999	3.910	2.615
15	50	4.999	3.940	2.698
Executing FF Gene Output
15	B	4.9991666666666665

16	1	4.693	3.730	1.654
16	2	4.976	3.900	1.931
16	3	4.976	3.960	2.403
16	4	4.983	3.990	2.814
16	5	4.998	4.000	2.785
16	6	4.998	4.000	2.830
16	7	4.998	4.000	2.828
16	8	4.998	4.000	2.843
16	9	4.999	4.000	2.843
16	10	4.999	4.000	2.830
16	11	4.999	4.000	2.823
16	12	5.013	4.010	2.803
16	13	4.999	4.000	2.791
16	14	4.999	4.000	2.843
16	15	4.999	4.000	2.841
16	16	4.999	4.000	2.843
16	17	4.999	3.980	2.841
16	18	4.999	4.000	2.830
16	19	4.999	4.000	2.843
16	20	4.999	4.000	2.843
16	21	4.999	4.000	2.819
16	22	4.999	4.000	2.828
16	23	4.999	4.000	2.841
16	24	4.999	3.990	2.819
16	25	4.999	3.990	2.837
16	26	4.999	4.000	2.828
16	27	4.999	4.000	2.814
16	28	4.999	3.990	2.816
16	29	4.999	4.000	2.825
16	30	4.999	4.000	2.841
16	31	4.999	4.000	2.828
16	32	4.999	4.000	2.814
16	33	4.999	4.000	2.828
16	34	4.999	4.000	2.843
16	35	4.999	4.000	2.843
16	36	4.999	3.990	2.839
16	37	4.999	3.990	2.839
16	38	4.999	3.990	2.828
16	39	4.999	4.000	2.800
16	40	4.999	4.000	2.828
16	41	4.999	3.990	2.807
16	42	4.999	3.990	2.818
16	43	4.999	4.000	2.843
16	44	4.999	3.990	2.814
16	45	4.999	3.970	2.702
16	46	4.999	4.000	2.843
16	47	4.999	3.990	2.801
16	48	4.999	3.980	2.758
16	49	4.999	4.000	2.843
16	50	4.999	3.970	2.702
Executing FF Gene Output
16	B	5.013333333333334

17	1	4.690	3.720	1.586
17	2	4.848	3.840	1.668
17	3	4.956	3.970	2.480
17	4	4.956	3.990	2.710
17	5	4.957	4.000	2.837
17	6	4.957	4.000	2.841
17	7	4.957	4.000	2.841
17	8	4.958	4.000	2.834
17	9	4.958	3.990	2.821
17	10	4.958	4.000	2.836
17	11	4.958	3.990	2.669
17	12	4.958	3.990	2.725
17	13	4.958	4.000	2.836
17	14	4.958	4.000	2.837
17	15	4.958	3.990	2.600
17	16	4.958	4.000	2.839
17	17	4.958	4.000	2.834
17	18	4.958	4.000	2.836
17	19	4.958	4.000	2.841
17	20	4.958	4.000	2.837
17	21	4.963	4.000	2.836
17	22	4.963	4.000	2.837
17	23	4.963	3.830	2.625
17	24	4.963	3.880	2.675
17	25	4.997	4.000	2.839
17	26	4.997	4.000	2.837
17	27	4.997	3.970	2.723
17	28	4.997	3.970	2.687
17	29	4.998	4.000	2.841
17	30	4.998	4.000	2.839
17	31	4.998	4.000	2.843
17	32	4.998	4.000	2.841
17	33	4.998	4.000	2.841
17	34	4.998	4.000	2.843
17	35	4.998	4.000	2.843
17	36	4.998	4.000	2.785
17	37	5.064	3.960	2.605
17	38	4.998	4.000	2.843
17	39	4.998	4.000	2.843
17	40	5.738	3.920	2.567
17	41	6.220	4.040	2.628
17	42	6.229	4.340	2.595
17	43	6.274	4.500	2.492
17	44	6.079	4.260	2.586
17	45	6.147	4.370	2.507
17	46	5.675	4.040	2.724
17	47	6.206	4.510	2.213
17	48	5.635	4.210	2.375
17	49	5.940	4.430	2.257
17	50	6.288	4.260	2.214
Executing FF Gene Output
17	B	6.2875000000000005

18	1	4.600	3.750	1.601
18	2	4.830	3.820	1.874
18	3	4.972	3.990	2.474
18	4	4.972	3.990	2.752
18	5	4.983	4.000	2.843
18	6	4.983	4.000	2.843
18	7	4.983	3.930	2.528
18	8	4.983	3.930	2.546
18	9	4.983	4.000	2.843
18	10	4.983	4.000	2.839
18	11	4.998	4.000	2.841
18	12	4.998	4.000	2.843
18	13	4.998	4.000	2.841
18	14	4.998	3.900	2.525
18	15	4.998	3.970	2.691
18	16	4.998	4.000	2.841
18	17	4.998	4.000	2.843
18	18	4.998	4.000	2.843
18	19	4.998	4.000	2.839
18	20	4.998	4.000	2.839
18	21	4.998	3.930	2.688
18	22	4.998	4.000	2.841
18	23	4.998	4.000	2.843
18	24	4.998	3.960	2.700
18	25	4.998	3.900	2.570
18	26	4.998	3.800	2.470
18	27	4.998	3.970	2.738
18	28	4.998	4.000	2.841
18	29	4.998	4.000	2.843
18	30	4.998	4.000	2.843
18	31	4.998	4.000	2.843
18	32	4.998	4.000	2.839
18	33	4.998	4.000	2.841
18	34	4.998	4.000	2.843
18	35	4.998	4.000	2.843
18	36	4.998	4.000	2.841
18	37	4.998	3.900	2.712
18	38	4.998	3.870	2.594
18	39	4.998	3.870	2.549
18	40	4.998	4.000	2.841
18	41	4.998	4.000	2.843
18	42	4.998	4.000	2.843
18	43	4.998	4.000	2.841
18	44	4.998	4.000	2.841
18	45	4.998	3.960	2.681
18	46	4.998	4.000	2.841
18	47	4.998	4.000	2.841
18	48	4.998	3.930	2.711
18	49	4.998	3.940	2.717
18	50	4.998	4.000	2.841
Executing FF Gene Output
18	B	4.998333333333334

19	1	4.706	3.750	1.591
19	2	4.957	3.970	2.042
19	3	4.957	3.950	2.476
19	4	4.957	4.000	2.832
19	5	4.957	4.000	2.714
19	6	4.957	4.000	2.841
19	7	4.957	4.000	2.843
19	8	4.957	4.000	2.843
19	9	4.957	4.000	2.841
19	10	4.957	3.990	2.617
19	11	4.957	4.000	2.841
19	12	4.957	4.000	2.839
19	13	4.957	3.990	2.634
19	14	4.957	4.000	2.717
19	15	4.957	4.000	2.476
19	16	4.957	3.980	2.676
19	17	4.957	4.000	2.609
19	18	4.957	4.000	2.843
19	19	4.957	4.000	2.843
19	20	4.957	4.000	2.839
19	21	4.957	4.000	2.837
19	22	4.957	4.000	2.728
19	23	4.957	4.000	2.841
19	24	4.957	4.000	2.843
19	25	4.958	4.000	2.697
19	26	4.958	4.000	2.701
19	27	4.958	3.970	2.464
19	28	4.972	3.970	2.247
19	29	4.972	4.000	2.841
19	30	4.972	4.000	2.519
19	31	4.972	4.000	2.843
19	32	4.972	4.000	2.715
19	33	4.972	4.000	2.843
19	34	4.972	4.000	2.839
19	35	4.972	4.000	2.843
19	36	5.292	3.990	2.699
19	37	5.086	4.020	2.653
19	38	4.972	4.000	2.841
19	39	4.972	4.000	2.836
19	40	4.972	4.000	2.843
19	41	4.972	4.000	2.843
19	42	4.972	4.000	2.841
19	43	4.972	4.000	2.843
19	44	5.242	4.000	2.725
19	45	5.063	3.870	1.851
19	46	5.093	3.720	1.796
19	47	5.360	3.500	1.904
19	48	5.428	3.530	1.880
19	49	5.387	3.530	1.992
19	50	5.387	3.500	2.101
Executing FF Gene Output
19	B	5.428333333333332

20	1	4.553	3.760	1.599
20	2	4.626	3.790	1.499
20	3	4.916	3.920	2.021
20	4	4.996	3.970	2.584
20	5	5.011	4.010	2.785
20	6	4.998	4.000	2.834
20	7	4.998	4.000	2.819
20	8	4.998	4.000	2.823
20	9	5.285	4.010	2.828
20	10	5.298	4.050	2.651
20	11	4.877	3.960	1.672
20	12	4.998	4.000	2.521
20	13	4.998	3.990	2.754
20	14	4.998	4.000	2.839
20	15	4.998	4.000	2.839
20	16	4.998	4.000	2.821
20	17	4.998	4.000	2.812
20	18	4.998	3.970	2.726
20	19	4.998	4.000	2.843
20	20	4.998	3.960	2.514
20	21	4.998	3.950	2.518
20	22	4.998	4.000	2.841
20	23	4.998	4.000	2.841
20	24	4.998	3.950	2.737
20	25	4.998	4.000	2.841
20	26	4.998	4.000	2.841
20	27	4.998	4.000	2.839
20	28	4.998	3.990	2.712
20	29	4.998	4.000	2.843
20	30	4.998	4.000	2.843
20	31	4.998	4.000	2.841
20	32	4.998	4.000	2.839
20	33	4.998	4.000	2.841
20	34	4.998	4.000	2.843
20	35	4.998	4.000	2.843
20	36	4.998	4.000	2.841
20	37	4.998	3.980	2.513
20	38	4.998	3.990	2.697
20	39	4.998	4.000	2.586
20	40	4.998	4.000	2.839
20	41	4.998	3.990	2.816
20	42	4.998	3.980	2.776
20	43	4.998	4.000	2.841
20	44	4.998	4.000	2.843
20	45	4.998	3.990	2.749
20	46	4.998	4.000	2.839
20	47	4.998	4.000	2.843
20	48	4.998	4.000	2.841
20	49	4.998	4.000	2.839
20	50	4.998	4.000	2.843
Executing FF Gene Output
20	B	5.298333333333336

21	1	4.721	3.780	1.583
21	2	4.945	3.970	2.247
21	3	4.995	3.970	2.628
21	4	4.995	3.970	2.774
21	5	4.998	3.990	2.787
21	6	4.998	4.000	2.747
21	7	4.999	4.000	2.843
21	8	4.999	3.990	2.655
21	9	4.999	4.000	2.730
21	10	4.999	3.980	2.765
21	11	4.999	4.000	2.841
21	12	4.999	4.000	2.774
21	13	4.999	3.970	2.603
21	14	4.999	3.990	2.734
21	15	4.999	3.960	2.717
21	16	4.999	3.980	2.774
21	17	4.999	4.000	2.843
21	18	4.999	3.990	2.821
21	19	4.999	4.000	2.841
21	20	4.999	3.960	2.745
21	21	4.999	4.000	2.843
21	22	4.999	4.000	2.841
21	23	4.999	4.000	2.843
21	24	4.999	3.980	2.721
21	25	4.999	4.000	2.843
21	26	4.999	3.980	2.730
21	27	4.999	4.000	2.843
21	28	4.999	4.000	2.774
21	29	4.999	4.000	2.767
21	30	4.999	4.000	2.843
21	31	4.999	3.990	2.774
21	32	4.999	4.000	2.843
21	33	4.999	3.990	2.810
21	34	4.999	4.000	2.843
21	35	4.999	3.880	2.705
21	36	4.999	4.000	2.843
21	37	4.999	4.000	2.843
21	38	4.999	3.880	2.673
21	39	4.999	4.000	2.843
21	40	4.999	4.000	2.843
21	41	4.999	4.000	2.843
21	42	4.999	3.890	2.670
21	43	4.999	4.000	2.843
21	44	4.999	3.890	2.674
21	45	4.999	4.000	2.843
21	46	4.999	3.800	2.586
21	47	4.999	3.820	2.634
21	48	4.999	4.000	2.841
21	49	4.999	4.000	2.843
21	50	4.999	3.870	2.682
Executing FF Gene Output
21	B	4.9991666666666665

22	1	4.638	3.740	1.587
22	2	4.852	3.870	1.671
22	3	4.944	3.960	2.296
22	4	5.288	4.010	2.543
22	5	4.973	3.990	2.625
22	6	4.973	4.000	2.843
22	7	4.983	4.000	2.843
22	8	4.983	4.000	2.843
22	9	4.983	4.000	2.843
22	10	4.999	4.000	2.843
22	11	4.999	3.990	2.667
22	12	4.999	3.990	2.674
22	13	4.999	4.000	2.843
22	14	4.999	3.980	2.695
22	15	4.999	3.950	2.698
22	16	4.999	3.970	2.765
22	17	4.999	4.000	2.843
22	18	4.999	3.970	2.685
22	19	4.999	4.000	2.843
22	20	4.999	3.980	2.727
22	21	4.999	4.000	2.843
22	22	4.999	4.000	2.843
22	23	4.999	4.000	2.843
22	24	4.999	4.000	2.721
22	25	4.999	4.000	2.843
22	26	4.999	4.000	2.843
22	27	4.999	3.990	2.697
22	28	4.999	4.000	2.839
22	29	4.999	4.000	2.760
22	30	4.999	4.000	2.843
22	31	4.999	4.000	2.717
22	32	4.999	4.000	2.691
22	33	4.999	4.000	2.841
22	34	4.999	4.000	2.665
22	35	4.999	4.000	2.691
22	36	4.999	3.990	2.715
22	37	4.999	4.000	2.841
22	38	4.999	4.000	2.839
22	39	4.999	4.000	2.841
22	40	4.999	4.000	2.839
22	41	4.999	4.000	2.841
22	42	4.999	4.000	2.839
22	43	4.999	4.000	2.841
22	44	4.999	4.000	2.841
22	45	4.999	4.000	2.841
22	46	4.999	4.000	2.839
22	47	4.999	3.970	2.544
22	48	4.999	3.980	2.672
22	49	4.999	3.950	2.544
22	50	4.999	3.960	2.542
Executing FF Gene Output
22	B	5.288333333333334

23	1	4.711	3.760	1.599
23	2	4.916	3.850	1.825
23	3	4.974	3.980	2.329
23	4	4.974	3.960	2.558
23	5	5.689	3.960	2.294
23	6	4.982	4.000	2.839
23	7	4.996	4.000	2.841
23	8	4.997	4.000	2.841
23	9	4.997	4.000	2.843
23	10	4.998	4.000	2.843
23	11	4.998	3.990	2.756
23	12	4.998	4.000	2.670
23	13	4.999	4.000	2.843
23	14	4.999	4.000	2.684
23	15	4.999	4.000	2.843
23	16	4.999	4.000	2.843
23	17	4.999	4.000	2.843
23	18	4.999	4.000	2.682
23	19	4.999	4.000	2.843
23	20	4.999	4.000	2.843
23	21	4.999	4.000	2.613
23	22	4.999	3.990	2.706
23	23	4.999	4.000	2.843
23	24	4.999	4.000	2.841
23	25	4.999	4.000	2.556
23	26	4.999	4.000	2.843
23	27	4.999	4.000	2.749
23	28	4.999	4.000	2.714
23	29	4.999	4.000	2.665
23	30	4.999	4.000	2.756
23	31	4.999	4.000	2.843
23	32	4.999	4.000	2.843
23	33	4.999	3.980	2.511
23	34	4.999	4.000	2.843
23	35	4.999	4.000	2.832
23	36	4.999	4.000	2.837
23	37	4.999	4.000	2.676
23	38	4.999	4.000	2.837
23	39	4.999	4.000	2.704
23	40	4.999	3.990	2.425
23	41	4.999	4.000	2.839
23	42	4.999	4.000	2.843
23	43	4.999	4.000	2.839
23	44	4.999	3.980	2.661
23	45	4.999	4.000	2.843
23	46	4.999	4.000	2.843
23	47	4.999	4.000	2.843
23	48	4.999	3.960	2.723
23	49	4.999	4.000	2.843
23	50	4.999	4.000	2.843
Executing FF Gene Output
23	B	5.689166666666669

24	1	4.650	3.680	1.705
24	2	4.880	3.550	1.880
24	3	5.175	3.710	1.874
24	4	5.923	3.980	1.803
24	5	5.952	4.270	2.064
24	6	6.180	4.590	2.121
24	7	6.267	4.770	2.197
24	8	6.392	5.120	2.083
24	9	6.374	5.200	2.342
24	10	6.394	5.250	2.428
24	11	6.397	5.260	2.299
24	12	6.434	5.300	2.327
24	13	6.020	4.200	2.648
24	14	5.800	4.700	1.815
24	15	5.792	4.840	1.868
24	16	6.225	5.040	2.498
24	17	6.225	5.000	2.492
24	18	6.317	5.340	2.293
24	19	6.424	5.370	2.351
24	20	6.348	5.130	2.527
24	21	6.408	5.050	2.382
24	22	6.149	4.490	2.082
24	23	5.759	4.340	2.194
24	24	6.219	4.070	2.068
24	25	6.282	4.270	2.007
24	26	6.380	5.590	1.815
24	27	6.395	5.640	2.050
24	28	6.435	5.510	2.197
24	29	6.345	4.940	2.240
24	30	6.437	5.190	2.290
24	31	6.106	4.780	2.248
24	32	6.345	4.940	2.320
24	33	6.341	4.930	2.373
24	34	6.352	5.150	2.386
24	35	6.360	4.930	2.224
24	36	6.390	4.940	2.247
24	37	6.257	4.760	2.266
24	38	5.839	3.690	2.149
24	39	5.604	3.330	1.939
24	40	5.780	2.700	1.864
24	41	4.917	2.810	1.600
24	42	4.975	3.390	1.825
24	43	4.738	2.810	1.871
24	44	4.709	2.900	1.712
24	45	4.319	3.220	1.804
24	46	4.768	3.600	1.679
24	47	5.484	3.250	1.672
24	48	5.411	3.080	1.851
24	49	4.393	3.220	1.913
24	50	4.560	3.370	1.978
Executing FF Gene Output
24	B	6.437499999999997

25	1	4.697	3.770	1.520
25	2	4.878	3.660	1.739
25	3	4.699	3.650	1.794
25	4	4.616	3.750	1.566
25	5	4.513	3.640	1.649
25	6	4.653	3.460	1.997
25	7	4.846	3.910	1.676
25	8	5.058	3.940	1.855
25	9	5.877	3.940	1.839
25	10	5.877	4.030	2.012
25	11	5.877	4.030	1.449
25	12	5.879	4.060	1.641
25	13	5.703	3.990	1.501
25	14	5.376	4.010	1.828
25	15	5.271	3.810	1.908
25	16	5.577	4.260	1.886
25	17	5.480	4.180	1.984
25	18	5.899	4.600	2.195
25	19	5.899	4.810	2.521
25	20	5.899	4.750	2.649
25	21	5.976	4.740	2.489
25	22	5.899	4.590	2.254
25	23	5.899	4.770	2.647
25	24	5.899	4.650	2.472
25	25	5.899	4.410	2.205
25	26	5.899	4.690	2.511
25	27	5.899	4.600	2.329
25	28	5.899	4.490	2.227
25	29	5.899	4.400	2.005
25	30	5.792	4.380	1.871
25	31	5.802	4.500	1.936
25	32	5.709	4.500	1.910
25	33	5.899	4.690	2.114
25	34	5.899	4.870	2.807
25	35	5.900	4.950	2.826
25	36	5.900	4.770	2.233
25	37	5.807	4.620	2.107
25	38	5.912	4.700	2.292
25	39	5.912	4.810	2.667
25	40	5.917	4.920	2.809
25	41	5.917	4.860	2.359
25	42	5.917	4.860	2.602
25	43	5.918	4.780	2.758
25	44	5.918	4.610	2.572
25	45	5.918	4.420	2.239
25	46	5.920	4.640	2.598
25	47	5.920	4.510	2.338
25	48	5.920	4.580	2.338
25	49	5.933	4.700	2.586
25	50	5.933	4.350	2.206
Executing FF Gene Output
25	B	5.975833333333331

26	1	4.583	3.670	1.688
26	2	4.503	3.710	1.597
26	3	4.360	3.490	1.845
26	4	4.747	3.460	1.914
26	5	4.958	3.850	1.989
26	6	4.958	3.960	2.208
26	7	4.967	3.940	2.672
26	8	4.967	3.960	2.624
26	9	4.968	4.000	2.843
26	10	4.969	4.000	2.689
26	11	4.971	4.000	2.843
26	12	4.971	4.000	2.843
26	13	4.971	3.990	2.529
26	14	4.976	4.000	2.839
26	15	4.976	4.000	2.752
26	16	4.978	4.000	2.841
26	17	4.978	4.000	2.837
26	18	4.978	4.000	2.836
26	19	4.982	4.000	2.740
26	20	4.982	4.000	2.843
26	21	4.982	4.000	2.769
26	22	4.982	4.000	2.841
26	23	4.982	4.000	2.843
26	24	4.982	4.000	2.843
26	25	4.982	4.000	2.841
26	26	4.982	4.000	2.843
26	27	4.982	3.990	2.674
26	28	4.982	4.000	2.843
26	29	4.982	4.000	2.843
26	30	4.982	4.000	2.627
26	31	4.983	4.000	2.714
26	32	4.983	4.000	2.603
26	33	4.983	4.000	2.843
26	34	4.983	4.000	2.805
26	35	4.983	4.000	2.843
26	36	4.983	4.000	2.843
26	37	4.983	4.000	2.828
26	38	4.983	4.000	2.843
26	39	4.983	4.000	2.843
26	40	4.983	4.000	2.819
26	41	4.983	4.000	2.843
26	42	4.983	4.000	2.821
26	43	4.983	4.000	2.803
26	44	4.983	4.000	2.782
26	45	4.983	4.000	2.787
26	46	4.983	3.990	2.728
26	47	4.998	4.000	2.825
26	48	4.998	4.000	2.814
26	49	4.998	4.000	2.843
26	50	4.998	4.000	2.843
Executing FF Gene Output
26	B	4.9975

27	1	4.667	3.750	1.601
27	2	4.975	3.920	1.818
27	3	4.970	3.980	2.320
27	4	4.975	3.990	2.734
27	5	4.971	4.000	2.794
27	6	4.971	3.990	2.758
27	7	4.972	4.000	2.843
27	8	4.972	3.990	2.783
27	9	4.982	4.000	2.837
27	10	4.982	4.000	2.834
27	11	4.982	3.970	2.761
27	12	4.998	3.990	2.830
27	13	4.999	4.000	2.841
27	14	4.999	4.000	2.760
27	15	4.999	4.000	2.839
27	16	4.999	4.000	2.837
27	17	4.999	3.840	2.673
27	18	5.002	3.870	2.581
27	19	4.999	3.850	2.657
27	20	4.999	4.000	2.836
27	21	4.999	3.980	2.816
27	22	4.999	3.960	2.805
27	23	4.999	4.000	2.843
27	24	4.999	4.000	2.839
27	25	4.999	3.990	2.830
27	26	4.999	4.000	2.839
27	27	4.999	4.000	2.837
27	28	4.999	4.000	2.841
27	29	4.999	4.000	2.837
27	30	4.999	4.000	2.841
27	31	4.999	4.000	2.839
27	32	4.999	4.000	2.818
27	33	4.999	4.000	2.830
27	34	4.999	3.990	2.782
27	35	4.999	4.000	2.825
27	36	4.999	3.870	2.596
27	37	4.999	4.000	2.841
27	38	4.999	4.000	2.843
27	39	4.999	3.950	2.685
27	40	4.999	3.950	2.702
27	41	4.999	3.990	2.809
27	42	4.999	4.000	2.794
27	43	4.999	3.990	2.780
27	44	4.999	4.000	2.834
27	45	4.999	4.000	2.841
27	46	4.999	4.000	2.839
27	47	4.999	4.000	2.841
27	48	4.999	4.000	2.839
27	49	4.999	4.000	2.843
27	50	4.999	4.000	2.732
Executing FF Gene Output
27	B	5.001666666666668

28	1	4.650	3.720	1.567
28	2	4.829	3.720	1.649
28	3	4.732	3.640	1.688
28	4	5.939	3.940	2.069
28	5	4.738	3.670	1.804
28	6	4.402	3.920	1.224
28	7	4.560	3.950	1.118
28	8	4.540	3.540	1.866
28	9	4.302	3.840	1.056
28	10	4.266	3.360	1.990
28	11	4.587	3.860	0.959
28	12	4.531	3.420	2.013
28	13	4.267	3.800	1.189
28	14	4.153	3.960	0.425
28	15	4.349	3.910	0.854
28	16	4.381	3.370	2.003
28	17	4.255	3.020	1.595
28	18	4.267	3.410	1.913
28	19	4.261	3.740	1.397
28	20	4.406	3.900	1.137
28	21	4.393	3.950	0.750
28	22	4.392	3.960	0.834
28	23	4.398	3.870	1.253
28	24	4.428	3.900	1.176
28	25	4.475	3.710	1.626
28	26	4.499	3.890	1.149
28	27	4.589	3.860	1.378
28	28	4.705	3.970	1.477
28	29	4.701	3.970	1.681
28	30	4.737	3.930	1.824
28	31	4.763	3.990	1.845
28	32	4.784	3.990	2.000
28	33	4.786	3.980	2.069
28	34	4.755	3.990	2.042
28	35	4.742	3.990	1.896
28	36	4.663	3.990	1.738
28	37	4.822	3.990	1.661
28	38	4.838	3.980	2.141
28	39	4.937	4.000	2.344
28	40	5.006	4.010	2.134
28	41	4.860	4.000	2.079
28	42	4.943	3.990	2.346
28	43	5.030	4.010	2.055
28	44	4.944	3.840	1.929
28	45	4.699	3.950	1.734
28	46	4.530	3.980	1.732
28	47	4.542	3.980	1.711
28	48	4.557	3.990	1.676
28	49	4.612	4.000	1.685
28	50	4.956	3.990	2.010
Executing FF Gene Output
28	B	5.939166666666669

29	1	4.742	3.720	1.612
29	2	4.508	3.590	1.750
29	3	4.614	3.760	1.512
29	4	4.602	3.740	1.574
29	5	4.658	3.730	1.604
29	6	4.904	3.910	1.973
29	7	4.967	3.970	2.346
29	8	4.968	4.000	2.767
29	9	4.969	3.990	2.619
29	10	4.969	4.000	2.650
29	11	4.996	3.990	2.767
29	12	4.996	4.000	2.843
29	13	4.996	3.990	2.728
29	14	4.999	4.000	2.821
29	15	4.999	4.000	2.818
29	16	4.999	4.000	2.843
29	17	4.999	3.990	2.738
29	18	4.999	4.000	2.843
29	19	4.999	4.000	2.843
29	20	4.999	3.990	2.702
29	21	4.999	4.000	2.843
29	22	4.999	3.990	2.693
29	23	4.999	4.000	2.691
29	24	4.999	4.000	2.752
29	25	4.999	3.990	2.736
29	26	4.999	4.000	2.843
29	27	4.999	4.000	2.843
29	28	4.999	4.000	2.789
29	29	4.999	4.000	2.843
29	30	5.048	4.000	2.762
29	31	4.999	4.000	2.783
29	32	5.023	4.010	2.687
29	33	5.023	4.020	2.749
29	34	4.999	3.970	2.745
29	35	4.999	4.000	2.843
29	36	4.999	4.000	2.843
29	37	4.999	4.000	2.843
29	38	4.999	4.000	2.843
29	39	4.999	4.000	2.843
29	40	4.999	4.000	2.843
29	41	4.999	4.000	2.843
29	42	4.999	4.000	2.843
29	43	4.999	4.000	2.843
29	44	4.999	3.990	2.782
29	45	4.999	3.970	2.761
29	46	4.999	4.000	2.843
29	47	4.999	3.990	2.812
29	48	4.999	4.000	2.843
29	49	4.999	4.000	2.843
29	50	4.999	4.000	2.843
Executing FF Gene Output
29	B	5.0475

30	1	4.702	3.730	1.702
30	2	4.987	3.950	1.775
30	3	4.951	3.980	2.139
30	4	4.966	3.990	2.721
30	5	4.953	4.000	2.836
30	6	4.955	3.970	2.628
30	7	4.955	4.000	2.832
30	8	4.958	3.980	2.714
30	9	4.958	3.900	2.554
30	10	4.958	3.950	2.678
30	11	4.958	4.000	2.839
30	12	4.958	4.000	2.841
30	13	4.958	4.000	2.837
30	14	4.958	4.000	2.834
30	15	4.958	4.000	2.832
30	16	4.958	3.970	2.695
30	17	4.958	3.970	2.695
30	18	4.958	4.000	2.834
30	19	4.958	4.000	2.839
30	20	4.958	4.000	2.836
30	21	4.958	4.000	2.710
30	22	4.958	4.000	2.834
30	23	4.958	3.990	2.741
30	24	4.978	4.000	2.828
30	25	4.978	3.970	2.704
30	26	4.982	3.970	2.687
30	27	4.982	3.910	2.665
30	28	4.982	4.000	2.843
30	29	4.982	4.000	2.843
30	30	4.982	3.950	2.607
30	31	4.998	4.000	2.843
30	32	4.998	4.000	2.843
30	33	4.998	3.960	2.691
30	34	4.998	4.000	2.843
30	35	4.998	3.900	2.728
30	36	4.998	3.970	2.642
30	37	4.998	4.000	2.843
30	38	4.998	3.950	2.558
30	39	4.998	3.940	2.717
30	40	4.998	4.000	2.843
30	41	4.998	4.000	2.843
30	42	4.998	4.000	2.843
30	43	4.998	3.960	2.724
30	44	4.998	3.880	2.698
30	45	4.998	4.000	2.843
30	46	4.998	4.000	2.843
30	47	4.998	3.980	2.535
30	48	4.998	4.000	2.843
30	49	4.998	4.000	2.843
30	50	4.998	4.000	2.741
Executing FF Gene Output
30	B	4.998333333333334

31	1	4.532	3.700	1.624
31	2	4.778	3.820	1.858
31	3	4.957	3.990	2.580
31	4	4.957	3.980	2.521
31	5	4.957	3.990	2.762
31	6	4.966	4.000	2.843
31	7	4.966	4.000	2.650
31	8	4.966	4.000	2.615
31	9	4.999	4.000	2.843
31	10	4.999	4.000	2.843
31	11	4.999	4.000	2.843
31	12	4.999	4.000	2.843
31	13	4.999	4.000	2.843
31	14	4.999	4.000	2.765
31	15	4.999	4.000	2.719
31	16	4.999	4.000	2.843
31	17	4.999	4.000	2.843
31	18	4.999	4.000	2.843
31	19	4.999	4.000	2.843
31	20	4.999	4.000	2.695
31	21	4.999	4.000	2.736
31	22	4.999	4.000	2.723
31	23	4.999	4.000	2.721
31	24	4.999	4.000	2.715
31	25	4.999	4.000	2.566
31	26	4.999	4.000	2.758
31	27	4.999	4.000	2.843
31	28	4.999	4.000	2.721
31	29	4.999	4.000	2.580
31	30	4.999	4.000	2.712
31	31	4.999	4.000	2.843
31	32	4.999	4.000	2.751
31	33	4.999	4.000	2.743
31	34	4.999	4.000	2.773
31	35	4.999	4.000	2.843
31	36	4.999	4.000	2.762
31	37	4.999	4.000	2.843
31	38	4.999	4.000	2.843
31	39	4.999	4.000	2.843
31	40	4.999	4.000	2.758
31	41	4.999	4.000	2.843
31	42	4.999	4.000	2.843
31	43	4.999	4.000	2.752
31	44	4.999	4.000	2.843
31	45	4.999	4.000	2.747
31	46	4.999	4.000	2.843
31	47	4.999	4.000	2.843
31	48	4.999	4.000	2.843
31	49	4.999	4.000	2.843
31	50	4.999	4.000	2.843
Executing FF Gene Output
31	B	4.9991666666666665

32	1	4.654	3.710	1.597
32	2	4.936	3.900	1.723
32	3	4.955	3.970	2.294
32	4	4.980	3.990	2.730
32	5	4.995	4.000	2.836
32	6	4.995	3.990	2.717
32	7	4.995	3.980	2.725
32	8	4.998	3.920	2.623
32	9	4.998	4.000	2.841
32	10	4.998	4.000	2.843
32	11	4.999	4.000	2.843
32	12	4.999	4.000	2.843
32	13	4.999	3.980	2.747
32	14	4.999	3.990	2.785
32	15	4.999	4.000	2.843
32	16	4.999	4.000	2.843
32	17	4.999	4.000	2.841
32	18	4.999	3.910	2.615
32	19	4.999	3.920	2.658
32	20	4.999	3.920	2.725
32	21	4.999	3.960	2.651
32	22	4.999	3.970	2.732
32	23	4.999	4.000	2.843
32	24	4.999	4.000	2.714
32	25	4.999	4.000	2.843
32	26	4.999	3.990	2.632
32	27	4.999	4.000	2.841
32	28	4.999	3.980	2.697
32	29	4.999	4.000	2.839
32	30	4.999	3.980	2.787
32	31	4.999	4.000	2.843
32	32	4.999	3.990	2.782
32	33	4.999	3.990	2.767
32	34	4.999	3.960	2.754
32	35	4.999	4.000	2.843
32	36	4.999	3.960	2.739
32	37	4.999	3.960	2.653
32	38	4.999	4.000	2.843
32	39	4.999	4.000	2.843
32	40	4.999	4.000	2.843
32	41	4.999	4.000	2.843
32	42	4.999	4.000	2.843
32	43	4.999	3.960	2.698
32	44	4.999	4.000	2.843
32	45	4.999	3.990	2.730
32	46	4.999	4.000	2.717
32	47	4.999	3.990	2.736
32	48	4.999	3.990	2.780
32	49	4.999	3.980	2.751
32	50	4.999	4.000	2.843
Executing FF Gene Output
32	B	4.9991666666666665

33	1	4.583	3.750	1.635
33	2	4.999	3.970	2.594
33	3	4.999	3.980	2.687
33	4	4.999	4.000	2.776
33	5	4.999	4.000	2.841
33	6	4.999	4.000	2.843
33	7	4.999	4.000	2.843
33	8	4.999	4.000	2.843
33	9	4.999	4.000	2.823
33	10	4.999	4.000	2.825
33	11	4.999	4.000	2.778
33	12	4.999	4.000	2.819
33	13	4.999	4.000	2.839
33	14	4.999	4.000	2.841
33	15	4.999	4.000	2.789
33	16	4.999	4.000	2.841
33	17	4.999	4.000	2.791
33	18	4.999	3.990	2.830
33	19	4.999	3.990	2.830
33	20	4.999	3.990	2.834
33	21	4.999	4.000	2.841
33	22	4.999	4.000	2.843
33	23	4.999	4.000	2.843
33	24	4.999	4.000	2.676
33	25	4.999	4.000	2.619
33	26	4.999	4.000	2.725
33	27	4.999	4.000	2.839
33	28	4.999	4.000	2.839
33	29	4.999	4.000	2.805
33	30	4.999	4.000	2.818
33	31	4.999	4.000	2.794
33	32	4.999	4.000	2.839
33	33	4.999	4.000	2.841
33	34	4.999	4.000	2.789
33	35	4.999	4.000	2.839
33	36	4.999	4.000	2.834
33	37	4.999	3.980	2.805
33	38	4.999	4.000	2.841
33	39	4.999	4.000	2.843
33	40	4.999	4.000	2.841
33	41	4.999	3.980	2.810
33	42	4.999	4.000	2.834
33	43	4.999	3.940	2.666
33	44	4.999	4.000	2.706
33	45	4.999	4.000	2.667
33	46	4.999	4.000	2.712
33	47	4.999	4.000	2.821
33	48	4.999	4.000	2.834
33	49	4.999	3.950	2.691
33	50	4.999	4.000	2.836
Executing FF Gene Output
33	B	4.9991666666666665

34	1	4.684	3.710	1.692
34	2	5.028	3.710	1.766
34	3	4.773	3.760	1.535
34	4	4.985	3.910	2.092
34	5	4.962	3.990	2.760
34	6	4.962	4.000	2.843
34	7	4.976	4.000	2.809
34	8	4.977	4.000	2.814
34	9	4.977	4.000	2.827
34	10	4.978	4.000	2.807
34	11	4.978	4.000	2.841
34	12	4.978	4.000	2.843
34	13	4.978	4.000	2.839
34	14	4.978	4.000	2.841
34	15	4.978	4.000	2.839
34	16	4.978	4.000	2.839
34	17	4.978	4.000	2.802
34	18	4.978	4.000	2.843
34	19	4.978	4.000	2.843
34	20	4.978	4.000	2.843
34	21	4.978	4.000	2.792
34	22	4.978	4.000	2.827
34	23	4.978	4.000	2.825
34	24	4.978	4.000	2.843
34	25	4.978	4.000	2.832
34	26	4.978	4.000	2.832
34	27	4.978	4.000	2.811
34	28	4.978	4.000	2.841
34	29	4.978	4.000	2.821
34	30	4.978	4.000	2.819
34	31	4.978	3.990	2.814
34	32	4.978	4.000	2.787
34	33	4.978	4.000	2.841
34	34	4.978	4.000	2.841
34	35	4.981	4.000	2.841
34	36	4.981	4.000	2.832
34	37	4.981	4.000	2.843
34	38	4.983	4.000	2.843
34	39	4.983	4.000	2.689
34	40	4.983	4.000	2.843
34	41	4.983	4.000	2.843
34	42	4.983	4.000	2.609
34	43	4.983	3.990	2.533
34	44	4.983	4.000	2.693
34	45	4.983	4.000	2.843
34	46	4.983	4.000	2.843
34	47	4.983	4.000	2.843
34	48	4.998	4.000	2.702
34	49	4.998	4.000	2.843
34	50	4.998	4.000	2.562
Executing FF Gene Output
34	B	5.028333333333333

35	1	4.589	3.680	1.708
35	2	4.801	3.850	1.794
35	3	4.964	3.920	2.402
35	4	4.964	4.000	2.763
35	5	4.967	4.000	2.836
35	6	4.995	4.000	2.843
35	7	4.995	4.000	2.843
35	8	4.997	4.000	2.723
35	9	4.997	4.000	2.821
35	10	4.997	4.000	2.697
35	11	4.998	3.970	2.789
35	12	4.998	3.990	2.747
35	13	4.998	4.000	2.843
35	14	4.998	4.000	2.843
35	15	4.998	3.990	2.762
35	16	4.998	4.000	2.843
35	17	4.998	4.000	2.843
35	18	4.998	4.000	2.843
35	19	4.998	3.950	2.603
35	20	4.998	4.000	2.843
35	21	4.998	4.000	2.843
35	22	4.998	4.000	2.843
35	23	4.998	3.990	2.780
35	24	4.998	4.000	2.843
35	25	4.998	3.980	2.714
35	26	4.998	3.960	2.678
35	27	4.998	4.000	2.843
35	28	4.998	4.000	2.843
35	29	4.998	3.990	2.669
35	30	4.998	3.980	2.472
35	31	4.998	3.990	2.749
35	32	4.998	3.910	2.762
35	33	5.479	4.070	2.688
35	34	4.998	4.000	2.843
35	35	6.298	4.270	2.698
35	36	6.292	4.350	2.674
35	37	6.376	4.460	2.530
35	38	6.374	4.910	2.175
35	39	6.412	5.170	2.177
35	40	6.501	5.380	2.201
35	41	6.497	5.310	2.386
35	42	6.490	4.820	2.482
35	43	6.169	4.220	2.631
35	44	5.404	4.060	2.733
35	45	6.170	4.430	2.271
35	46	5.904	4.130	2.147
35	47	5.589	4.020	2.625
35	48	5.856	4.010	2.810
35	49	6.111	3.620	1.999
35	50	6.217	3.850	2.367
Executing FF Gene Output
35	B	6.500833333333333

36	1	4.423	3.720	1.583
36	2	4.661	3.760	1.551
36	3	4.998	3.900	2.243
36	4	4.998	3.990	2.570
36	5	4.998	3.990	2.687
36	6	4.998	4.000	2.721
36	7	4.998	4.000	2.839
36	8	4.998	4.000	2.836
36	9	4.998	4.000	2.836
36	10	4.998	4.000	2.837
36	11	4.998	4.000	2.839
36	12	4.998	4.000	2.802
36	13	4.998	4.000	2.782
36	14	4.998	4.000	2.686
36	15	4.998	4.000	2.734
36	16	4.998	3.990	2.734
36	17	4.998	4.000	2.834
36	18	4.998	4.000	2.803
36	19	4.998	4.000	2.798
36	20	4.998	4.000	2.836
36	21	4.998	3.990	2.749
36	22	4.998	3.990	2.810
36	23	4.998	4.000	2.839
36	24	4.998	4.000	2.834
36	25	4.998	4.000	2.834
36	26	4.998	4.000	2.839
36	27	4.998	4.000	2.809
36	28	4.998	4.000	2.794
36	29	4.998	4.000	2.807
36	30	4.998	4.000	2.732
36	31	4.998	4.000	2.837
36	32	4.998	3.990	2.818
36	33	4.998	4.000	2.841
36	34	4.998	4.000	2.841
36	35	4.998	4.000	2.843
36	36	4.998	4.000	2.843
36	37	4.998	4.000	2.843
36	38	4.998	4.000	2.843
36	39	4.998	4.000	2.789
36	40	4.998	4.000	2.740
36	41	4.998	3.990	2.732
36	42	4.998	4.000	2.841
36	43	4.998	4.000	2.749
36	44	4.998	4.000	2.740
36	45	4.998	4.000	2.841
36	46	4.998	4.000	2.841
36	47	4.998	4.000	2.841
36	48	4.998	4.000	2.843
36	49	4.998	4.000	2.841
36	50	4.998	4.000	2.752
Executing FF Gene Output
36	B	4.998333333333333

37	1	4.549	3.710	1.701
37	2	4.932	3.960	1.891
37	3	4.953	4.000	2.547
37	4	4.969	4.000	2.632
37	5	4.953	4.000	2.827
37	6	4.953	4.000	2.834
37	7	4.969	4.000	2.832
37	8	4.971	4.000	2.841
37	9	4.971	4.000	2.785
37	10	4.971	3.990	2.792
37	11	4.971	4.000	2.843
37	12	4.971	4.000	2.841
37	13	4.971	4.000	2.843
37	14	4.971	4.000	2.841
37	15	4.977	4.000	2.741
37	16	4.971	4.000	2.839
37	17	4.971	4.000	2.837
37	18	4.971	4.000	2.841
37	19	4.971	4.000	2.843
37	20	4.971	3.990	2.507
37	21	4.971	3.990	2.734
37	22	4.971	4.000	2.843
37	23	4.971	4.000	2.843
37	24	4.971	4.000	2.841
37	25	4.971	3.990	2.800
37	26	4.971	4.000	2.827
37	27	4.971	4.000	2.843
37	28	4.971	3.990	2.728
37	29	4.971	3.990	2.725
37	30	4.971	4.000	2.843
37	31	4.971	4.000	2.843
37	32	4.971	3.970	2.792
37	33	4.971	4.000	2.843
37	34	4.971	4.000	2.843
37	35	4.971	4.000	2.843
37	36	4.971	4.000	2.823
37	37	4.971	4.000	2.827
37	38	4.971	4.000	2.812
37	39	4.971	4.000	2.771
37	40	4.978	4.000	2.814
37	41	4.971	4.000	2.843
37	42	4.971	4.000	2.843
37	43	4.971	4.000	2.843
37	44	4.972	4.000	2.819
37	45	4.972	4.000	2.843
37	46	4.972	4.000	2.823
37	47	4.972	4.000	2.843
37	48	4.972	4.000	2.843
37	49	4.972	4.000	2.818
37	50	4.972	4.000	2.812
Executing FF Gene Output
37	B	4.9783333333333335

38	1	4.638	3.680	1.687
38	2	4.980	3.670	1.926
38	3	5.031	3.920	2.419
38	4	5.045	3.960	2.552
38	5	4.998	4.000	2.789
38	6	4.998	3.990	2.702
38	7	4.998	4.000	2.725
38	8	4.998	4.000	2.697
38	9	4.998	4.000	2.841
38	10	4.998	4.000	2.839
38	11	4.998	4.000	2.734
38	12	4.998	4.000	2.629
38	13	4.998	4.000	2.841
38	14	4.998	4.000	2.839
38	15	4.998	4.000	2.736
38	16	4.998	4.000	2.689
38	17	4.998	4.000	2.839
38	18	4.998	4.000	2.819
38	19	4.998	4.000	2.836
38	20	4.998	4.000	2.832
38	21	4.998	4.000	2.783
38	22	4.998	4.000	2.791
38	23	4.998	4.000	2.828
38	24	4.998	4.000	2.843
38	25	4.998	4.000	2.843
38	26	4.998	4.000	2.843
38	27	4.998	4.000	2.839
38	28	4.998	4.000	2.843
38	29	4.998	4.000	2.783
38	30	4.998	4.000	2.760
38	31	4.998	4.000	2.794
38	32	4.998	4.000	2.702
38	33	4.998	4.000	2.843
38	34	4.998	4.000	2.841
38	35	4.998	4.000	2.843
38	36	4.998	4.000	2.843
38	37	4.998	4.000	2.843
38	38	4.998	4.000	2.717
38	39	4.998	4.000	2.767
38	40	4.998	4.000	2.843
38	41	4.998	4.000	2.843
38	42	4.998	4.000	2.843
38	43	4.998	4.000	2.710
38	44	4.998	3.990	2.628
38	45	4.998	4.000	2.740
38	46	4.998	4.000	2.843
38	47	4.998	4.000	2.609
38	48	4.998	4.000	2.843
38	49	4.998	4.000	2.843
38	50	4.998	4.000	2.843
Executing FF Gene Output
38	B	5.045

39	1	4.676	3.840	1.444
39	2	4.977	3.860	1.642
39	3	4.919	3.880	1.852
39	4	5.363	3.680	1.940
39	5	4.758	3.810	1.584
39	6	4.603	3.850	1.377
39	7	4.672	3.720	1.733
39	8	4.668	3.890	1.792
39	9	5.132	3.940	1.734
39	10	5.140	4.080	1.870
39	11	5.153	4.430	1.788
39	12	5.382	4.740	1.440
39	13	5.529	4.530	1.909
39	14	5.640	4.780	1.851
39	15	5.640	4.870	1.876
39	16	5.703	4.840	1.889
39	17	5.703	4.760	2.036
39	18	5.622	4.660	2.004
39	19	5.537	4.320	2.122
39	20	5.548	4.050	2.009
39	21	5.278	4.050	1.833
39	22	5.595	4.010	2.263
39	23	5.473	4.170	2.177
39	24	5.604	4.600	1.902
39	25	5.606	4.850	1.935
39	26	5.672	4.880	2.114
39	27	5.658	4.870	2.193
39	28	5.664	4.860	2.008
39	29	5.618	4.820	1.861
39	30	5.495	4.410	2.065
39	31	5.422	4.380	2.083
39	32	5.423	4.220	2.161
39	33	5.058	3.980	1.954
39	34	4.493	3.840	1.358
39	35	4.333	3.650	1.620
39	36	4.731	3.670	1.557
39	37	4.503	3.790	1.479
39	38	4.667	3.960	1.158
39	39	4.578	3.930	1.420
39	40	4.490	3.930	1.297
39	41	4.420	3.950	1.188
39	42	4.451	3.960	1.279
39	43	4.262	3.980	0.858
39	44	4.274	3.830	1.240
39	45	4.385	3.860	1.318
39	46	4.417	3.920	1.257
39	47	4.408	3.930	1.212
39	48	4.382	3.970	1.101
39	49	4.383	3.960	1.024
39	50	4.286	3.430	1.906
Executing FF Gene Output
39	B	5.7025

40	1	4.641	3.720	1.612
40	2	4.998	3.880	2.095
40	3	5.009	3.990	2.776
40	4	4.998	3.990	2.736
40	5	4.998	3.930	2.722
40	6	4.999	4.000	2.843
40	7	4.999	4.000	2.843
40	8	4.999	3.940	2.733
40	9	4.999	4.000	2.843
40	10	4.999	4.000	2.843
40	11	4.999	3.950	2.752
40	12	4.999	4.000	2.843
40	13	4.999	4.000	2.841
40	14	4.999	4.000	2.843
40	15	4.999	4.000	2.839
40	16	4.999	3.940	2.730
40	17	4.999	4.000	2.843
40	18	4.999	4.000	2.843
40	19	4.999	4.000	2.839
40	20	4.999	3.960	2.706
40	21	4.999	4.000	2.843
40	22	5.000	3.990	2.758
40	23	4.999	3.980	2.800
40	24	4.999	3.990	2.723
40	25	4.999	3.980	2.712
40	26	4.999	4.000	2.841
40	27	4.999	3.990	2.823
40	28	4.999	4.000	2.843
40	29	4.999	4.000	2.843
40	30	4.999	3.940	2.735
40	31	4.999	4.000	2.843
40	32	4.999	4.000	2.841
40	33	4.999	3.970	2.823
40	34	4.999	3.990	2.828
40	35	4.999	4.000	2.841
40	36	4.999	4.000	2.839
40	37	4.999	3.990	2.834
40	38	4.999	4.000	2.843
40	39	4.999	4.000	2.843
40	40	4.999	4.000	2.814
40	41	4.999	4.000	2.843
40	42	4.999	3.990	2.830
40	43	4.999	4.000	2.843
40	44	4.999	3.990	2.839
40	45	4.999	3.990	2.818
40	46	4.999	4.000	2.841
40	47	4.999	4.000	2.841
40	48	4.999	3.980	2.816
40	49	4.999	4.000	2.839
40	50	4.999	3.990	2.825
Executing FF Gene Output
40	B	5.009166666666666

41	1	5.012	3.810	1.568
41	2	4.643	3.790	1.578
41	3	4.948	3.970	2.387
41	4	4.956	3.990	2.611
41	5	4.969	4.000	2.825
41	6	4.969	4.000	2.697
41	7	4.972	4.000	2.792
41	8	5.683	4.110	2.734
41	9	5.251	4.040	2.759
41	10	5.473	4.020	2.782
41	11	5.468	4.170	1.990
41	12	4.927	3.850	1.681
41	13	4.597	3.870	1.433
41	14	4.604	3.970	1.684
41	15	4.612	4.000	1.633
41	16	4.611	4.000	1.664
41	17	4.558	4.000	1.580
41	18	4.570	4.000	1.504
41	19	4.578	4.000	1.541
41	20	4.618	4.000	1.580
41	21	4.660	3.980	1.708
41	22	4.648	3.950	1.690
41	23	4.741	3.940	1.506
41	24	4.608	3.870	1.721
41	25	4.474	3.900	1.259
41	26	4.867	3.840	1.391
41	27	5.171	3.600	1.910
41	28	5.171	3.690	2.119
41	29	5.123	3.820	1.828
41	30	5.208	3.960	1.938
41	31	5.209	4.080	1.857
41	32	5.263	4.220	2.137
41	33	5.263	4.360	2.005
41	34	5.236	4.350	2.105
41	35	5.103	4.110	2.307
41	36	5.071	3.950	2.354
41	37	4.878	3.940	2.162
41	38	4.782	3.970	1.778
41	39	5.215	3.830	1.618
41	40	5.573	3.690	1.884
41	41	5.610	3.660	1.843
41	42	5.861	4.170	1.652
41	43	6.086	4.740	2.347
41	44	6.251	4.850	2.407
41	45	6.239	4.940	2.403
41	46	6.190	5.180	2.309
41	47	6.347	5.240	2.396
41	48	6.312	5.230	2.424
41	49	6.167	4.830	2.357
41	50	5.862	4.440	2.100
Executing FF Gene Output
41	B	6.347499999999997

42	1	4.634	3.750	1.556
42	2	4.627	3.720	1.609
42	3	5.052	3.920	2.241
42	4	5.058	4.030	2.404
42	5	4.998	4.000	2.843
42	6	4.998	4.000	2.843
42	7	4.998	4.000	2.843
42	8	4.998	4.000	2.843
42	9	4.998	4.000	2.825
42	10	4.998	4.000	2.809
42	11	4.998	4.000	2.843
42	12	4.998	3.990	2.796
42	13	4.998	4.000	2.832
42	14	4.998	4.000	2.749
42	15	4.998	4.000	2.832
42	16	4.998	4.000	2.823
42	17	4.998	4.000	2.827
42	18	4.998	4.000	2.843
42	19	4.998	4.000	2.843
42	20	4.998	4.000	2.843
42	21	4.998	4.000	2.843
42	22	4.998	4.000	2.843
42	23	4.998	4.000	2.843
42	24	4.998	4.000	2.843
42	25	4.998	4.000	2.841
42	26	4.998	4.000	2.843
42	27	4.998	4.000	2.843
42	28	4.998	4.000	2.843
42	29	4.998	4.000	2.841
42	30	4.998	4.000	2.841
42	31	4.998	3.770	2.730
42	32	5.079	3.620	2.603
42	33	5.023	3.940	2.757
42	34	4.998	4.000	2.843
42	35	4.998	4.000	2.843
42	36	4.998	4.000	2.843
42	37	4.998	3.860	2.676
42	38	4.998	4.000	2.843
42	39	4.998	4.000	2.841
42	40	4.998	4.000	2.841
42	41	4.998	3.930	2.671
42	42	4.998	3.930	2.599
42	43	4.998	3.940	2.702
42	44	4.998	3.920	2.716
42	45	5.013	3.990	2.769
42	46	4.998	4.000	2.843
42	47	5.172	3.880	2.660
42	48	5.158	3.360	1.980
42	49	4.824	3.230	1.850
42	50	5.028	3.220	1.954
Executing FF Gene Output
42	B	5.171666666666668

43	1	4.638	3.760	1.590
43	2	5.109	3.880	1.659
43	3	5.148	4.190	2.250
43	4	5.053	4.090	2.600
43	5	4.970	4.000	2.778
43	6	4.970	4.000	2.837
43	7	4.972	4.000	2.663
43	8	4.972	4.000	2.754
43	9	4.972	4.000	2.839
43	10	4.978	4.000	2.839
43	11	4.978	4.000	2.839
43	12	4.983	4.000	2.843
43	13	4.983	4.000	2.843
43	14	4.983	3.990	2.691
43	15	4.983	4.000	2.843
43	16	4.983	4.000	2.663
43	17	4.983	4.000	2.843
43	18	4.983	4.000	2.805
43	19	5.018	4.010	2.819
43	20	4.983	4.000	2.843
43	21	5.614	4.010	2.830
43	22	5.574	4.050	2.772
43	23	5.283	4.140	2.627
43	24	4.993	4.000	2.823
43	25	4.983	4.000	2.841
43	26	4.983	4.000	2.843
43	27	4.983	4.000	2.841
43	28	4.983	4.000	2.839
43	29	4.983	3.960	2.626
43	30	4.983	3.980	2.700
43	31	4.983	3.970	2.678
43	32	4.983	3.950	2.759
43	33	4.983	3.960	2.554
43	34	4.983	4.000	2.843
43	35	4.983	4.000	2.843
43	36	4.983	4.000	2.841
43	37	4.983	3.920	2.501
43	38	4.983	3.970	2.747
43	39	4.983	4.000	2.687
43	40	4.983	4.000	2.841
43	41	4.983	4.000	2.843
43	42	4.983	4.000	2.843
43	43	4.983	4.000	2.843
43	44	4.983	4.000	2.843
43	45	4.983	3.960	2.603
43	46	4.983	4.000	2.708
43	47	4.983	3.990	2.607
43	48	4.983	3.980	2.695
43	49	4.983	3.970	2.655
43	50	4.983	4.000	2.843
Executing FF Gene Output
43	B	5.6141666666666685

44	1	4.697	3.730	1.620
44	2	4.856	3.760	1.756
44	3	4.954	3.900	2.125
44	4	4.972	4.000	2.719
44	5	4.972	4.000	2.740
44	6	4.972	4.000	2.805
44	7	4.978	4.000	2.747
44	8	4.978	4.000	2.837
44	9	4.978	4.000	2.818
44	10	5.174	4.010	2.787
44	11	4.978	4.000	2.839
44	12	4.978	4.000	2.837
44	13	5.648	4.020	2.805
44	14	4.978	3.990	2.644
44	15	4.978	3.980	2.441
44	16	4.978	4.000	2.667
44	17	4.978	3.990	2.728
44	18	4.978	3.990	2.680
44	19	4.978	3.980	2.523
44	20	4.978	4.000	2.841
44	21	4.978	4.000	2.515
44	22	4.978	3.940	2.262
44	23	4.978	4.000	2.732
44	24	4.978	4.000	2.684
44	25	4.978	4.000	2.843
44	26	4.978	3.990	2.659
44	27	4.978	4.000	2.843
44	28	4.978	3.980	2.727
44	29	4.978	4.000	2.843
44	30	4.981	4.000	2.843
44	31	4.981	3.990	2.663
44	32	4.981	4.000	2.543
44	33	4.983	4.000	2.545
44	34	4.983	4.000	2.710
44	35	4.983	4.000	2.665
44	36	4.983	3.990	2.611
44	37	4.983	4.000	2.529
44	38	4.983	4.000	2.843
44	39	4.997	4.000	2.728
44	40	4.997	4.000	2.843
44	41	4.998	4.000	2.734
44	42	4.999	4.000	2.727
44	43	4.999	4.000	2.843
44	44	4.999	4.000	2.691
44	45	4.999	4.000	2.843
44	46	4.999	3.990	2.728
44	47	4.999	3.980	2.778
44	48	4.999	4.000	2.843
44	49	4.999	4.000	2.843
44	50	4.999	4.000	2.843
Executing FF Gene Output
44	B	5.648333333333333

45	1	4.843	3.800	1.460
45	2	4.714	3.680	1.714
45	3	5.002	3.750	1.927
45	4	5.277	3.950	2.401
45	5	4.953	4.000	2.839
45	6	4.973	4.000	2.841
45	7	4.973	4.000	2.841
45	8	4.974	3.980	2.812
45	9	4.993	4.000	2.802
45	10	5.097	3.870	2.387
45	11	5.202	4.300	1.959
45	12	5.213	4.190	2.191
45	13	5.126	3.990	2.067
45	14	5.123	4.030	2.359
45	15	5.061	4.000	2.663
45	16	5.173	4.000	2.741
45	17	4.995	3.990	2.710
45	18	4.998	3.990	2.725
45	19	4.998	4.000	2.843
45	20	4.998	4.000	2.843
45	21	4.998	4.000	2.843
45	22	4.998	3.980	2.665
45	23	4.999	3.970	2.678
45	24	4.999	3.960	2.589
45	25	4.999	4.000	2.695
45	26	4.999	4.000	2.843
45	27	4.999	4.000	2.841
45	28	4.999	3.990	2.776
45	29	4.999	3.990	2.728
45	30	4.999	3.980	2.670
45	31	4.999	3.960	2.670
45	32	4.999	3.950	2.657
45	33	4.999	3.970	2.683
45	34	4.999	4.000	2.841
45	35	4.999	4.000	2.841
45	36	4.999	4.000	2.841
45	37	4.999	3.990	2.765
45	38	4.999	4.000	2.843
45	39	4.999	4.000	2.841
45	40	4.999	4.000	2.769
45	41	4.999	4.000	2.751
45	42	4.999	3.970	2.760
45	43	4.999	4.000	2.841
45	44	4.999	3.990	2.810
45	45	4.999	4.000	2.836
45	46	4.999	4.000	2.699
45	47	4.999	3.990	2.796
45	48	4.999	4.000	2.841
45	49	4.999	4.000	2.843
45	50	4.999	3.970	2.649
Executing FF Gene Output
45	B	5.276666666666666

46	1	4.610	3.760	1.558
46	2	4.917	3.750	1.648
46	3	4.962	3.900	2.144
46	4	4.971	3.990	2.773
46	5	4.971	4.000	2.802
46	6	4.978	3.980	2.619
46	7	4.998	4.000	2.843
46	8	4.998	4.000	2.843
46	9	4.998	3.990	2.714
46	10	4.998	4.000	2.843
46	11	4.998	4.000	2.843
46	12	4.998	4.000	2.763
46	13	4.998	4.000	2.843
46	14	4.998	4.000	2.843
46	15	4.998	4.000	2.715
46	16	4.998	4.000	2.843
46	17	4.998	4.000	2.843
46	18	5.023	4.020	2.715
46	19	4.998	4.000	2.843
46	20	4.998	4.000	2.843
46	21	4.998	3.950	2.672
46	22	4.998	3.970	2.683
46	23	4.998	3.960	2.494
46	24	4.998	3.970	2.728
46	25	4.998	4.000	2.841
46	26	4.998	4.000	2.841
46	27	4.998	4.000	2.843
46	28	4.998	3.980	2.749
46	29	4.998	4.000	2.843
46	30	4.998	4.000	2.734
46	31	4.998	4.000	2.843
46	32	4.998	3.950	2.741
46	33	4.998	3.950	2.713
46	34	4.998	4.000	2.841
46	35	4.998	3.890	2.734
46	36	4.998	3.940	2.690
46	37	4.998	4.000	2.839
46	38	4.998	3.900	2.706
46	39	4.998	3.840	2.567
46	40	4.998	3.800	2.539
46	41	4.998	3.940	2.690
46	42	4.998	3.900	2.706
46	43	4.999	3.890	2.730
46	44	4.999	3.930	2.705
46	45	4.999	3.800	2.625
46	46	4.999	3.900	2.625
46	47	4.999	4.000	2.843
46	48	4.999	3.880	2.752
46	49	4.999	4.000	2.843
46	50	4.999	4.000	2.843
Executing FF Gene Output
46	B	5.0233333333333325

47	1	4.660	3.830	1.450
47	2	4.924	3.790	1.644
47	3	4.985	3.940	2.382
47	4	4.978	4.000	2.763
47	5	4.978	4.000	2.776
47	6	4.978	4.000	2.837
47	7	4.997	4.000	2.747
47	8	4.997	4.000	2.839
47	9	4.999	3.950	2.741
47	10	4.999	3.860	2.642
47	11	4.999	3.840	2.620
47	12	4.999	4.000	2.843
47	13	4.999	3.910	2.708
47	14	4.999	3.930	2.686
47	15	4.999	3.870	2.684
47	16	4.999	3.820	2.613
47	17	4.999	4.000	2.843
47	18	4.999	3.930	2.731
47	19	4.999	3.910	2.699
47	20	4.999	4.000	2.843
47	21	4.999	3.900	2.684
47	22	4.999	3.830	2.553
47	23	4.999	4.000	2.843
47	24	4.999	4.000	2.841
47	25	4.999	4.000	2.843
47	26	4.999	3.840	2.567
47	27	4.999	4.000	2.809
47	28	4.999	4.000	2.843
47	29	4.999	4.000	2.843
47	30	4.999	4.000	2.843
47	31	4.999	4.000	2.843
47	32	4.999	4.000	2.843
47	33	4.999	4.000	2.843
47	34	4.999	4.000	2.843
47	35	4.999	4.000	2.828
47	36	4.999	4.000	2.843
47	37	4.999	4.000	2.843
47	38	4.999	4.000	2.843
47	39	4.999	4.000	2.843
47	40	4.999	3.970	2.609
47	41	4.999	4.000	2.644
47	42	4.999	4.000	2.693
47	43	4.999	4.000	2.701
47	44	4.999	4.000	2.767
47	45	4.999	4.000	2.843
47	46	4.999	4.000	2.794
47	47	4.999	4.000	2.843
47	48	4.999	4.000	2.843
47	49	4.999	4.000	2.843
47	50	4.999	3.940	2.743
Executing FF Gene Output
47	B	4.9991666666666665

48	1	4.701	3.680	1.684
48	2	4.640	3.770	1.617
48	3	4.841	3.880	1.830
48	4	4.977	3.830	1.744
48	5	4.956	3.920	2.128
48	6	5.081	3.890	1.943
48	7	4.984	3.920	2.442
48	8	4.977	3.980	2.761
48	9	4.977	3.990	2.723
48	10	4.996	4.000	2.721
48	11	4.978	4.000	2.841
48	12	4.981	4.000	2.834
48	13	4.981	4.000	2.837
48	14	4.983	3.980	2.730
48	15	4.983	3.990	2.480
48	16	4.983	4.000	2.843
48	17	4.983	4.000	2.841
48	18	4.983	4.000	2.843
48	19	4.983	4.000	2.843
48	20	4.983	4.000	2.843
48	21	4.983	4.000	2.843
48	22	4.983	4.000	2.841
48	23	4.990	3.990	2.773
48	24	4.983	4.000	2.843
48	25	4.983	4.000	2.841
48	26	5.021	4.010	2.721
48	27	4.983	4.000	2.792
48	28	4.983	4.000	2.843
48	29	4.983	4.000	2.843
48	30	4.983	4.000	2.691
48	31	4.983	4.000	2.843
48	32	4.983	3.990	2.680
48	33	4.983	3.930	2.633
48	34	4.983	3.980	2.506
48	35	4.983	4.000	2.837
48	36	4.983	4.000	2.841
48	37	4.983	4.000	2.841
48	38	4.983	4.000	2.841
48	39	4.983	4.000	2.843
48	40	4.983	3.990	2.740
48	41	4.983	4.000	2.841
48	42	4.983	4.000	2.841
48	43	4.983	4.000	2.837
48	44	4.983	4.000	2.837
48	45	4.983	4.000	2.839
48	46	4.983	4.000	2.839
48	47	4.983	4.000	2.839
48	48	4.983	4.000	2.841
48	49	4.983	4.000	2.841
48	50	4.983	4.000	2.648
Executing FF Gene Output
48	B	5.080833333333333

49	1	4.594	3.770	1.540
49	2	4.889	3.870	1.894
49	3	5.133	3.750	2.007
49	4	4.642	3.740	1.596
49	5	4.429	3.920	1.383
49	6	4.388	3.940	1.388
49	7	4.344	3.920	1.312
49	8	4.406	3.960	1.388
49	9	4.448	3.950	1.254
49	10	4.832	3.730	1.579
49	11	4.832	3.910	1.495
49	12	4.837	3.920	2.371
49	13	4.846	3.980	2.412
49	14	4.846	3.980	2.456
49	15	4.865	3.990	2.042
49	16	4.858	3.930	2.029
49	17	4.860	3.850	2.081
49	18	4.842	3.870	1.643
49	19	4.872	3.940	1.777
49	20	4.847	3.810	2.159
49	21	4.872	3.870	2.259
49	22	4.873	3.840	2.203
49	23	4.865	3.900	2.141
49	24	4.868	3.920	2.013
49	25	4.878	3.990	2.202
49	26	4.847	3.910	2.246
49	27	4.813	3.890	2.017
49	28	4.876	3.910	2.109
49	29	4.777	3.940	2.152
49	30	4.827	3.940	1.956
49	31	4.803	3.940	1.786
49	32	4.615	3.920	1.478
49	33	4.613	3.770	1.641
49	34	4.966	3.900	2.023
49	35	4.966	3.970	2.605
49	36	4.966	3.980	2.667
49	37	4.969	4.000	2.843
49	38	4.969	4.000	2.841
49	39	4.969	4.000	2.843
49	40	4.969	3.980	2.627
49	41	4.969	3.810	2.438
49	42	4.969	3.940	2.726
49	43	4.996	3.980	2.756
49	44	4.996	3.970	2.734
49	45	4.996	3.910	2.613
49	46	4.996	3.990	2.803
49	47	4.996	3.990	2.676
49	48	4.996	4.000	2.843
49	49	4.996	4.000	2.712
49	50	4.996	3.990	2.710
Executing FF Gene Output
49	B	5.133333333333334

50	1	4.722	3.700	1.642
50	2	4.650	3.700	1.639
50	3	4.768	3.770	1.852
50	4	4.931	3.960	2.344
50	5	4.931	3.940	2.484
50	6	4.935	3.980	2.728
50	7	4.943	4.000	2.741
50	8	4.955	4.000	2.841
50	9	4.955	4.000	2.843
50	10	4.957	4.000	2.843
50	11	4.958	4.000	2.843
50	12	4.958	4.000	2.843
50	13	4.958	4.000	2.843
50	14	4.958	3.980	2.719
50	15	4.958	4.000	2.843
50	16	4.958	4.000	2.843
50	17	4.958	3.990	2.771
50	18	4.958	4.000	2.843
50	19	4.958	4.000	2.843
50	20	4.958	3.990	2.740
50	21	4.958	3.990	2.721
50	22	4.958	3.990	2.697
50	23	4.998	4.000	2.843
50	24	5.328	3.980	2.685
50	25	5.942	4.060	2.766
50	26	4.998	4.000	2.843
50	27	6.204	3.890	2.695
50	28	6.204	3.870	2.358
50	29	5.909	4.080	2.166
50	30	5.352	3.810	2.063
50	31	5.175	3.760	1.985
50	32	5.680	3.740	2.011
50	33	5.830	3.750	2.117
50	34	5.046	3.590	2.038
50	35	4.973	3.910	2.619
50	36	4.969	3.980	2.760
50	37	4.983	4.000	2.843
50	38	4.983	4.000	2.841
50	39	4.983	3.990	2.792
50	40	4.983	3.990	2.816
50	41	4.983	4.000	2.843
50	42	4.983	4.000	2.843
50	43	4.983	4.000	2.843
50	44	4.983	4.000	2.843
50	45	4.983	4.000	2.821
50	46	4.998	4.000	2.821
50	47	4.998	3.980	2.761
50	48	4.998	4.000	2.800
50	49	4.998	4.000	2.814
50	50	4.998	3.990	2.834
Executing FF Gene Output
50	B	6.204166666666667

Over All:
	Average Run Average Fitness: 3
	Average Run Best Fitness: 4
	Best Fitness: 6.500833333333333
	Best Chromo: Run 35: Generation 40: 0 0 0 0 0 1 1 1 0 0 1 0 0 0 0 0 1 0 1 0 0 1 0 0 0 0 1 1 1 0 1 1 0 1 0 1 1 0 0 0 0 0 0 0 1 0 0 1 1 0 0 0 1 1 0 0 0 0 0 1 0 1 0 0 1 0 0 1 1 0 0 0 1 1 1 0 1 1 1 1 0 1 1 1 1 0 1 1 1 0 1 0 0 0 0 0 0 0 0 1 0 0 0 0 0 0 0 0 1 1 1 1 1 0 1 0 0 0 0 0 0 0 1 1 1 0 1 1 0 0 0 1 1 0 1 1 1 0 0 0 0 1 1 0 0 0 1 0 0 1 1 0 1 1 1 1 0 1 1 0 1 1 1 1 1 1 1 1 1 0 1 0 0 1 1 0 0 1 1 0 1 0 0 0 0 1 0 1 1 0 0 0 1 0 0 0 1 0 0 0 1 1 1 1 0 0 0 1 0 1 0 1 1 0 0 0 0 1 0 0 1 0 0 0 0 0 0 1 1 1 0 1 1 1 1 1 1 1 0 1 0 1 1 1 1 1 0 0 0 1 1 1 0 0 0 1 
Start:  Mon Mar 21 11:38:41 EDT 2016
End  :  Mon Mar 21 12:02:16 EDT 2016
