
Parameter File Name is: hw3_t4t_t42t.params

Setting up Fitness Function.....Iterated Prisoner's Dilemma
1	1	5.960	4.970	1.054
1	2	5.960	5.000	2.279
1	3	5.960	5.000	2.988
1	4	5.960	4.980	3.104
1	5	5.960	5.000	3.124
1	6	5.960	5.000	3.125
1	7	5.960	5.000	3.137
1	8	5.960	5.000	3.101
1	9	5.960	5.000	3.130
1	10	5.960	5.000	3.153
1	11	5.960	5.000	3.154
1	12	5.960	5.000	3.138
1	13	5.960	5.000	3.094
1	14	5.960	5.000	3.075
1	15	5.960	5.000	3.120
1	16	5.960	5.000	3.143
1	17	5.960	5.000	3.119
1	18	5.960	5.000	3.159
1	19	5.960	5.000	3.153
1	20	5.960	5.000	3.135
1	21	5.960	5.000	3.135
1	22	5.960	5.000	3.130
1	23	5.960	5.000	3.145
1	24	5.960	5.000	3.135
1	25	5.960	5.000	3.143
1	26	5.960	5.000	3.149
1	27	5.960	5.000	3.106
1	28	5.960	5.000	3.169
1	29	5.960	5.000	3.153
1	30	5.960	5.000	3.099
1	31	5.960	5.000	3.135
1	32	5.960	5.000	3.169
1	33	5.960	5.000	3.133
1	34	5.960	5.000	3.143
1	35	5.960	5.000	3.137
1	36	5.960	5.000	3.133
1	37	5.960	5.000	3.162
1	38	5.960	5.000	3.169
1	39	5.960	5.000	3.133
1	40	5.960	5.000	3.145
1	41	5.960	5.000	3.153
1	42	5.960	5.000	3.135
1	43	5.960	5.000	3.137
1	44	5.960	5.000	3.117
1	45	5.960	5.000	3.130
1	46	5.960	5.000	3.138
1	47	5.960	5.000	3.178
1	48	5.960	5.000	3.159
1	49	5.960	5.000	3.145
1	50	5.960	5.000	3.120
Executing FF Gene Output
1	B	5.96

2	1	5.960	4.990	1.078
2	2	5.960	5.000	2.234
2	3	5.960	5.000	3.063
2	4	5.960	5.000	3.140
2	5	5.960	5.000	3.153
2	6	5.960	5.000	3.169
2	7	5.960	5.000	3.162
2	8	5.960	4.980	3.154
2	9	5.960	5.000	3.162
2	10	5.960	5.000	3.162
2	11	5.960	5.000	3.137
2	12	5.960	5.000	3.146
2	13	5.960	5.000	3.146
2	14	5.960	4.980	3.127
2	15	5.960	5.000	3.151
2	16	5.960	5.000	3.135
2	17	5.960	5.000	3.112
2	18	5.960	4.980	3.125
2	19	5.960	4.960	3.133
2	20	5.960	5.000	3.159
2	21	5.960	5.000	3.154
2	22	5.960	4.980	3.080
2	23	5.960	4.960	3.106
2	24	5.960	5.000	3.129
2	25	5.960	4.980	3.162
2	26	5.960	5.000	3.161
2	27	5.960	5.000	3.151
2	28	5.960	5.000	3.178
2	29	5.960	5.000	3.154
2	30	5.960	5.000	3.138
2	31	5.960	5.000	3.162
2	32	5.960	4.980	3.154
2	33	5.960	5.000	3.137
2	34	5.960	5.000	3.161
2	35	5.960	4.960	3.154
2	36	5.960	5.000	3.169
2	37	5.960	5.000	3.145
2	38	5.960	5.000	3.117
2	39	5.960	5.000	3.133
2	40	5.960	4.980	3.151
2	41	5.960	5.000	3.153
2	42	5.960	4.980	3.151
2	43	5.960	5.000	3.154
2	44	5.960	5.000	3.169
2	45	5.960	5.000	3.162
2	46	5.960	5.000	3.146
2	47	5.960	5.000	3.154
2	48	5.960	5.000	3.127
2	49	5.960	4.980	3.127
2	50	5.960	5.000	3.133
Executing FF Gene Output
2	B	5.96

3	1	5.640	4.980	0.870
3	2	5.640	5.000	2.118
3	3	5.960	5.000	2.427
3	4	5.960	5.000	2.551
3	5	5.960	5.000	2.988
3	6	5.960	5.000	3.104
3	7	5.960	5.000	3.143
3	8	5.960	5.000	3.127
3	9	5.960	5.000	3.117
3	10	5.960	5.000	3.153
3	11	5.960	5.000	3.156
3	12	5.960	5.000	3.149
3	13	5.960	5.000	3.156
3	14	5.960	5.000	3.153
3	15	5.960	5.000	3.162
3	16	5.960	5.000	3.169
3	17	5.960	5.000	3.135
3	18	5.960	5.000	3.109
3	19	5.960	4.960	3.076
3	20	5.960	4.980	3.143
3	21	5.960	5.000	3.162
3	22	5.960	5.000	3.145
3	23	5.960	5.000	3.151
3	24	5.960	5.000	3.169
3	25	5.960	5.000	3.135
3	26	5.960	5.000	3.145
3	27	5.960	5.000	3.169
3	28	5.960	4.980	3.124
3	29	5.960	5.000	3.119
3	30	5.960	5.000	3.161
3	31	5.960	5.000	3.143
3	32	5.960	5.000	3.161
3	33	5.960	5.000	3.140
3	34	5.960	5.000	3.127
3	35	5.960	5.000	3.130
3	36	5.960	5.000	3.138
3	37	5.960	4.980	3.141
3	38	5.960	4.980	3.169
3	39	5.960	5.000	3.161
3	40	5.960	5.000	3.154
3	41	5.960	5.000	3.127
3	42	5.960	5.000	3.120
3	43	5.960	5.000	3.138
3	44	5.960	4.980	3.112
3	45	5.960	5.000	3.178
3	46	5.960	5.000	3.135
3	47	5.960	4.980	3.127
3	48	5.960	5.000	3.129
3	49	5.960	4.980	3.151
3	50	5.960	4.980	3.141
Executing FF Gene Output
3	B	5.96

4	1	5.960	4.980	1.054
4	2	5.960	5.000	2.134
4	3	5.960	5.000	2.871
4	4	5.960	5.000	3.085
4	5	5.960	5.000	3.138
4	6	5.960	5.000	3.122
4	7	5.960	5.000	3.119
4	8	5.960	5.000	3.154
4	9	5.960	5.000	3.143
4	10	5.960	5.000	3.127
4	11	5.960	5.000	3.161
4	12	5.960	5.000	3.153
4	13	5.960	5.000	3.137
4	14	5.960	5.000	3.153
4	15	5.960	5.000	3.138
4	16	5.960	5.000	3.162
4	17	5.960	5.000	3.145
4	18	5.960	5.000	3.125
4	19	5.960	5.000	3.117
4	20	5.960	5.000	3.127
4	21	5.960	5.000	3.153
4	22	5.960	5.000	3.178
4	23	5.960	5.000	3.162
4	24	5.960	5.000	3.129
4	25	5.960	5.000	3.127
4	26	5.960	5.000	3.086
4	27	5.960	5.000	3.153
4	28	5.960	5.000	3.154
4	29	5.960	5.000	3.135
4	30	5.960	5.000	3.154
4	31	5.960	5.000	3.137
4	32	5.960	5.000	3.169
4	33	5.960	5.000	3.122
4	34	5.960	5.000	3.146
4	35	5.960	5.000	3.130
4	36	5.960	5.000	3.098
4	37	5.960	5.000	3.153
4	38	5.960	5.000	3.112
4	39	5.960	5.000	3.170
4	40	5.960	5.000	3.151
4	41	5.960	5.000	3.145
4	42	5.960	5.000	3.122
4	43	5.960	5.000	3.145
4	44	5.960	5.000	3.103
4	45	5.960	5.000	3.161
4	46	5.960	5.000	3.170
4	47	5.960	5.000	3.129
4	48	5.960	5.000	3.094
4	49	5.960	5.000	3.101
4	50	5.960	5.000	3.090
Executing FF Gene Output
4	B	5.96

5	1	5.640	4.930	0.956
5	2	5.640	4.940	2.145
5	3	5.960	4.990	2.351
5	4	5.960	4.990	2.529
5	5	5.960	5.000	3.052
5	6	5.960	5.000	3.159
5	7	5.960	5.000	3.149
5	8	5.960	5.000	3.143
5	9	5.960	5.000	3.127
5	10	5.960	5.000	3.164
5	11	5.960	5.000	3.148
5	12	5.960	5.000	3.129
5	13	5.960	5.000	3.133
5	14	5.960	5.000	3.162
5	15	5.960	5.000	3.175
5	16	5.960	5.000	3.162
5	17	5.960	5.000	3.162
5	18	5.960	5.000	3.169
5	19	5.960	5.000	3.149
5	20	5.960	5.000	3.167
5	21	5.960	5.000	3.172
5	22	5.960	5.000	3.159
5	23	5.960	5.000	3.178
5	24	5.960	5.000	3.175
5	25	5.960	5.000	3.169
5	26	5.960	5.000	3.165
5	27	5.960	5.000	3.154
5	28	5.960	5.000	3.167
5	29	5.960	5.000	3.135
5	30	5.960	5.000	3.129
5	31	5.960	5.000	3.145
5	32	5.960	5.000	3.146
5	33	5.960	5.000	3.156
5	34	5.960	5.000	3.172
5	35	5.960	5.000	3.159
5	36	5.960	5.000	3.127
5	37	5.960	5.000	3.159
5	38	5.960	5.000	3.178
5	39	5.960	5.000	3.159
5	40	5.960	5.000	3.111
5	41	5.960	5.000	3.124
5	42	5.960	5.000	3.172
5	43	5.960	5.000	3.162
5	44	5.960	5.000	3.159
5	45	5.960	5.000	3.111
5	46	5.960	5.000	3.156
5	47	5.960	5.000	3.156
5	48	5.960	5.000	3.143
5	49	5.960	5.000	3.133
5	50	5.960	5.000	3.159
Executing FF Gene Output
5	B	5.96

6	1	5.960	5.000	0.921
6	2	5.960	5.000	2.346
6	3	5.960	5.000	2.947
6	4	5.960	5.000	3.072
6	5	5.960	5.000	3.146
6	6	5.960	5.000	3.154
6	7	5.960	5.000	3.170
6	8	5.960	5.000	3.162
6	9	5.960	5.000	3.146
6	10	5.960	5.000	3.178
6	11	5.960	5.000	3.157
6	12	5.960	5.000	3.146
6	13	5.960	5.000	3.154
6	14	5.960	5.000	3.164
6	15	5.960	5.000	3.165
6	16	5.960	5.000	3.151
6	17	5.960	5.000	3.157
6	18	5.960	5.000	3.146
6	19	5.960	5.000	3.140
6	20	5.960	5.000	3.127
6	21	5.960	5.000	3.133
6	22	5.960	5.000	3.159
6	23	5.960	5.000	3.148
6	24	5.960	5.000	3.161
6	25	5.960	5.000	3.101
6	26	5.960	5.000	3.109
6	27	5.960	5.000	3.154
6	28	5.960	5.000	3.149
6	29	5.960	5.000	3.178
6	30	5.960	5.000	3.170
6	31	5.960	5.000	3.148
6	32	5.960	5.000	3.135
6	33	5.960	5.000	3.146
6	34	5.960	5.000	3.138
6	35	5.960	5.000	3.140
6	36	5.960	5.000	3.119
6	37	5.960	5.000	3.146
6	38	5.960	5.000	3.148
6	39	5.960	5.000	3.145
6	40	5.960	5.000	3.116
6	41	5.960	5.000	3.140
6	42	5.960	5.000	3.146
6	43	5.960	5.000	3.162
6	44	5.960	5.000	3.159
6	45	5.960	5.000	3.156
6	46	5.960	5.000	3.140
6	47	5.960	5.000	3.172
6	48	5.960	5.000	3.162
6	49	5.960	5.000	3.130
6	50	5.960	5.000	3.154
Executing FF Gene Output
6	B	5.96

7	1	5.960	4.990	1.049
7	2	5.960	5.000	2.274
7	3	5.960	5.000	3.027
7	4	5.960	5.000	3.090
7	5	5.960	5.000	3.109
7	6	5.960	5.000	3.108
7	7	5.960	5.000	3.106
7	8	5.960	5.000	3.135
7	9	5.960	5.000	3.094
7	10	5.960	5.000	3.120
7	11	5.960	5.000	3.149
7	12	5.960	5.000	3.119
7	13	5.960	5.000	3.165
7	14	5.960	5.000	3.153
7	15	5.960	5.000	3.133
7	16	5.960	5.000	3.162
7	17	5.960	5.000	3.124
7	18	5.960	5.000	3.178
7	19	5.960	5.000	3.153
7	20	5.960	5.000	3.117
7	21	5.960	5.000	3.167
7	22	5.960	5.000	3.149
7	23	5.960	5.000	3.141
7	24	5.960	5.000	3.178
7	25	5.960	5.000	3.151
7	26	5.960	5.000	3.140
7	27	5.960	5.000	3.162
7	28	5.960	5.000	3.137
7	29	5.960	5.000	3.149
7	30	5.960	5.000	3.178
7	31	5.960	5.000	3.138
7	32	5.960	5.000	3.125
7	33	5.960	5.000	3.146
7	34	5.960	5.000	3.129
7	35	5.960	5.000	3.125
7	36	5.960	5.000	3.122
7	37	5.960	5.000	3.120
7	38	5.960	5.000	3.127
7	39	5.960	5.000	3.117
7	40	5.960	5.000	3.135
7	41	5.960	5.000	3.162
7	42	5.960	5.000	3.143
7	43	5.960	5.000	3.141
7	44	5.960	5.000	3.138
7	45	5.960	5.000	3.132
7	46	5.960	5.000	3.165
7	47	5.960	5.000	3.125
7	48	5.960	5.000	3.108
7	49	5.960	5.000	3.096
7	50	5.960	5.000	3.119
Executing FF Gene Output
7	B	5.96

8	1	5.640	4.990	0.927
8	2	5.640	5.000	1.975
8	3	5.640	5.000	2.344
8	4	5.780	5.000	2.429
8	5	5.960	5.000	2.519
8	6	5.960	5.000	2.807
8	7	5.960	5.000	3.032
8	8	5.960	5.000	3.165
8	9	5.960	5.000	3.130
8	10	5.960	5.000	3.172
8	11	5.960	5.000	3.156
8	12	5.960	5.000	3.172
8	13	5.960	4.990	3.169
8	14	5.960	5.000	3.178
8	15	5.960	5.000	3.172
8	16	5.960	5.000	3.172
8	17	5.960	5.000	3.133
8	18	5.960	4.990	3.137
8	19	5.960	4.990	3.137
8	20	5.960	5.000	3.140
8	21	5.960	5.000	3.114
8	22	5.960	5.000	3.159
8	23	5.960	5.000	3.143
8	24	5.960	5.000	3.124
8	25	5.960	5.000	3.162
8	26	5.960	5.000	3.178
8	27	5.960	4.990	3.145
8	28	5.960	5.000	3.127
8	29	5.960	5.000	3.146
8	30	5.960	5.000	3.156
8	31	5.960	5.000	3.153
8	32	5.960	5.000	3.178
8	33	5.960	5.000	3.175
8	34	5.960	5.000	3.159
8	35	5.960	5.000	3.172
8	36	5.960	4.990	3.164
8	37	5.960	5.000	3.162
8	38	5.960	5.000	3.162
8	39	5.960	5.000	3.172
8	40	5.960	5.000	3.137
8	41	5.960	5.000	3.159
8	42	5.960	5.000	3.153
8	43	5.960	5.000	3.162
8	44	5.960	5.000	3.175
8	45	5.960	5.000	3.161
8	46	5.960	5.000	3.151
8	47	5.960	5.000	3.127
8	48	5.960	5.000	3.120
8	49	5.960	5.000	3.108
8	50	5.960	5.000	3.146
Executing FF Gene Output
8	B	5.96

9	1	5.960	4.990	0.904
9	2	5.960	5.000	2.091
9	3	5.960	5.000	2.940
9	4	5.960	5.000	3.130
9	5	5.960	5.000	3.135
9	6	5.960	5.000	3.161
9	7	5.960	5.000	3.159
9	8	5.960	5.000	3.153
9	9	5.960	5.000	3.161
9	10	5.960	5.000	3.154
9	11	5.960	5.000	3.153
9	12	5.960	5.000	3.111
9	13	5.960	5.000	3.143
9	14	5.960	5.000	3.138
9	15	5.960	5.000	3.161
9	16	5.960	5.000	3.169
9	17	5.960	5.000	3.153
9	18	5.960	5.000	3.135
9	19	5.960	5.000	3.151
9	20	5.960	5.000	3.104
9	21	5.960	5.000	3.159
9	22	5.960	5.000	3.154
9	23	5.960	5.000	3.145
9	24	5.960	5.000	3.145
9	25	5.960	5.000	3.170
9	26	5.960	5.000	3.141
9	27	5.960	5.000	3.120
9	28	5.960	5.000	3.108
9	29	5.960	5.000	3.091
9	30	5.960	5.000	3.119
9	31	5.960	5.000	3.153
9	32	5.960	5.000	3.125
9	33	5.960	5.000	3.146
9	34	5.960	5.000	3.148
9	35	5.960	5.000	3.130
9	36	5.960	5.000	3.138
9	37	5.960	5.000	3.170
9	38	5.960	5.000	3.143
9	39	5.960	5.000	3.094
9	40	5.960	5.000	3.112
9	41	5.960	5.000	3.129
9	42	5.960	5.000	3.106
9	43	5.960	5.000	3.154
9	44	5.960	5.000	3.130
9	45	5.960	5.000	3.161
9	46	5.960	5.000	3.151
9	47	5.960	5.000	3.138
9	48	5.960	5.000	3.127
9	49	5.960	5.000	3.146
9	50	5.960	5.000	3.154
Executing FF Gene Output
9	B	5.96

10	1	5.960	4.990	0.937
10	2	5.960	4.980	2.515
10	3	5.960	5.000	3.055
10	4	5.960	5.000	3.140
10	5	5.960	5.000	3.119
10	6	5.960	5.000	3.125
10	7	5.960	5.000	3.138
10	8	5.960	5.000	3.164
10	9	5.960	5.000	3.146
10	10	5.960	5.000	3.137
10	11	5.960	5.000	3.178
10	12	5.960	5.000	3.149
10	13	5.960	5.000	3.172
10	14	5.960	5.000	3.178
10	15	5.960	5.000	3.159
10	16	5.960	5.000	3.135
10	17	5.960	5.000	3.143
10	18	5.960	5.000	3.178
10	19	5.960	5.000	3.117
10	20	5.960	5.000	3.175
10	21	5.960	5.000	3.172
10	22	5.960	5.000	3.178
10	23	5.960	5.000	3.162
10	24	5.960	5.000	3.175
10	25	5.960	5.000	3.159
10	26	5.960	5.000	3.162
10	27	5.960	5.000	3.151
10	28	5.960	5.000	3.172
10	29	5.960	5.000	3.178
10	30	5.960	5.000	3.153
10	31	5.960	5.000	3.148
10	32	5.960	5.000	3.164
10	33	5.960	5.000	3.154
10	34	5.960	5.000	3.167
10	35	5.960	5.000	3.164
10	36	5.960	5.000	3.156
10	37	5.960	5.000	3.162
10	38	5.960	5.000	3.120
10	39	5.960	5.000	3.119
10	40	5.960	5.000	3.140
10	41	5.960	5.000	3.170
10	42	5.960	5.000	3.162
10	43	5.960	5.000	3.109
10	44	5.960	5.000	3.169
10	45	5.960	5.000	3.175
10	46	5.960	5.000	3.146
10	47	5.960	5.000	3.143
10	48	5.960	5.000	3.159
10	49	5.960	5.000	3.143
10	50	5.960	5.000	3.133
Executing FF Gene Output
10	B	5.96

11	1	5.960	4.990	1.141
11	2	5.960	4.990	2.359
11	3	5.960	4.980	2.964
11	4	5.960	5.000	3.103
11	5	5.960	5.000	3.146
11	6	5.960	5.000	3.170
11	7	5.960	5.000	3.146
11	8	5.960	5.000	3.114
11	9	5.960	5.000	3.099
11	10	5.960	5.000	3.106
11	11	5.960	5.000	3.138
11	12	5.960	5.000	3.140
11	13	5.960	5.000	3.125
11	14	5.960	5.000	3.119
11	15	5.960	5.000	3.154
11	16	5.960	5.000	3.130
11	17	5.960	5.000	3.178
11	18	5.960	5.000	3.154
11	19	5.960	5.000	3.162
11	20	5.960	5.000	3.141
11	21	5.960	5.000	3.073
11	22	5.960	5.000	3.088
11	23	5.960	5.000	3.146
11	24	5.960	5.000	3.154
11	25	5.960	5.000	3.112
11	26	5.960	5.000	3.154
11	27	5.960	5.000	3.153
11	28	5.960	5.000	3.143
11	29	5.960	5.000	3.112
11	30	5.960	5.000	3.154
11	31	5.960	5.000	3.130
11	32	5.960	5.000	3.162
11	33	5.960	5.000	3.129
11	34	5.960	5.000	3.154
11	35	5.960	5.000	3.146
11	36	5.960	5.000	3.112
11	37	5.960	5.000	3.135
11	38	5.960	5.000	3.122
11	39	5.960	5.000	3.146
11	40	5.960	5.000	3.145
11	41	5.960	5.000	3.130
11	42	5.960	5.000	3.112
11	43	5.960	5.000	3.154
11	44	5.960	5.000	3.130
11	45	5.960	5.000	3.146
11	46	5.960	5.000	3.153
11	47	5.960	5.000	3.140
11	48	5.960	5.000	3.130
11	49	5.960	5.000	3.154
11	50	5.960	5.000	3.162
Executing FF Gene Output
11	B	5.96

12	1	5.740	4.960	0.881
12	2	5.740	4.980	2.179
12	3	5.780	5.000	2.560
12	4	5.780	5.000	2.629
12	5	5.960	4.980	2.760
12	6	5.960	5.000	2.821
12	7	5.960	5.000	3.085
12	8	5.960	5.000	3.114
12	9	5.960	5.000	3.127
12	10	5.960	5.000	3.153
12	11	5.960	5.000	3.156
12	12	5.960	5.000	3.143
12	13	5.960	5.000	3.156
12	14	5.960	5.000	3.156
12	15	5.960	5.000	3.165
12	16	5.960	5.000	3.169
12	17	5.960	5.000	3.130
12	18	5.960	5.000	3.108
12	19	5.960	5.000	3.162
12	20	5.960	5.000	3.156
12	21	5.960	5.000	3.156
12	22	5.960	5.000	3.169
12	23	5.960	5.000	3.162
12	24	5.960	5.000	3.178
12	25	5.960	5.000	3.149
12	26	5.960	5.000	3.140
12	27	5.960	5.000	3.143
12	28	5.960	5.000	3.178
12	29	5.960	5.000	3.165
12	30	5.960	4.980	3.106
12	31	5.960	5.000	3.165
12	32	5.960	5.000	3.149
12	33	5.960	5.000	3.162
12	34	5.960	5.000	3.143
12	35	5.960	5.000	3.153
12	36	5.960	5.000	3.149
12	37	5.960	5.000	3.098
12	38	5.960	5.000	3.169
12	39	5.960	5.000	3.104
12	40	5.960	5.000	3.156
12	41	5.960	5.000	3.165
12	42	5.960	5.000	3.108
12	43	5.960	5.000	3.124
12	44	5.960	5.000	3.135
12	45	5.960	5.000	3.156
12	46	5.960	5.000	3.162
12	47	5.960	5.000	3.151
12	48	5.960	5.000	3.091
12	49	5.960	5.000	3.162
12	50	5.960	5.000	3.129
Executing FF Gene Output
12	B	5.96

13	1	5.960	5.000	1.119
13	2	5.960	5.000	2.353
13	3	5.960	5.000	3.022
13	4	5.960	5.000	3.151
13	5	5.960	4.980	3.128
13	6	5.960	5.000	3.120
13	7	5.960	5.000	3.151
13	8	5.960	4.980	3.141
13	9	5.960	5.000	3.133
13	10	5.960	5.000	3.161
13	11	5.960	5.000	3.109
13	12	5.960	5.000	3.170
13	13	5.960	5.000	3.170
13	14	5.960	5.000	3.137
13	15	5.960	5.000	3.154
13	16	5.960	5.000	3.137
13	17	5.960	4.980	3.120
13	18	5.960	5.000	3.151
13	19	5.960	5.000	3.162
13	20	5.960	5.000	3.161
13	21	5.960	4.960	3.133
13	22	5.960	4.980	3.151
13	23	5.960	5.000	3.145
13	24	5.960	4.980	3.153
13	25	5.960	5.000	3.119
13	26	5.960	4.980	3.133
13	27	5.960	4.980	3.130
13	28	5.960	5.000	3.072
13	29	5.960	5.000	3.143
13	30	5.960	4.980	3.138
13	31	5.960	5.000	3.146
13	32	5.960	5.000	3.129
13	33	5.960	5.000	3.170
13	34	5.960	5.000	3.127
13	35	5.960	5.000	3.099
13	36	5.960	5.000	3.170
13	37	5.960	4.980	3.159
13	38	5.960	5.000	3.135
13	39	5.960	5.000	3.162
13	40	5.960	5.000	3.146
13	41	5.960	5.000	3.149
13	42	5.960	5.000	3.143
13	43	5.960	4.980	3.149
13	44	5.960	4.980	3.135
13	45	5.960	5.000	3.162
13	46	5.960	5.000	3.137
13	47	5.960	5.000	3.154
13	48	5.960	4.980	3.153
13	49	5.960	5.000	3.154
13	50	5.960	4.980	3.104
Executing FF Gene Output
13	B	5.96

14	1	5.780	4.990	1.030
14	2	5.780	5.000	2.252
14	3	5.780	5.000	2.697
14	4	5.780	5.000	2.803
14	5	5.780	5.000	2.807
14	6	5.780	5.000	2.792
14	7	5.780	5.000	2.794
14	8	5.780	5.000	2.771
14	9	5.780	5.000	2.816
14	10	5.960	5.000	2.807
14	11	5.960	5.000	2.834
14	12	5.960	5.000	3.065
14	13	5.960	5.000	3.165
14	14	5.960	5.000	3.146
14	15	5.960	5.000	3.143
14	16	5.960	5.000	3.091
14	17	5.960	5.000	3.137
14	18	5.960	5.000	3.114
14	19	5.960	5.000	3.146
14	20	5.960	5.000	3.122
14	21	5.960	5.000	3.138
14	22	5.960	5.000	3.175
14	23	5.960	5.000	3.137
14	24	5.960	5.000	3.117
14	25	5.960	5.000	3.130
14	26	5.960	5.000	3.162
14	27	5.960	5.000	3.159
14	28	5.960	5.000	3.156
14	29	5.960	5.000	3.149
14	30	5.960	5.000	3.159
14	31	5.960	5.000	3.159
14	32	5.960	5.000	3.098
14	33	5.960	5.000	3.159
14	34	5.960	5.000	3.153
14	35	5.960	5.000	3.137
14	36	5.960	5.000	3.162
14	37	5.960	5.000	3.175
14	38	5.960	5.000	3.103
14	39	5.960	5.000	3.143
14	40	5.960	5.000	3.156
14	41	5.960	5.000	3.169
14	42	5.960	5.000	3.165
14	43	5.960	5.000	3.140
14	44	5.960	5.000	3.156
14	45	5.960	5.000	3.111
14	46	5.960	5.000	3.137
14	47	5.960	5.000	3.117
14	48	5.960	5.000	3.127
14	49	5.960	5.000	3.172
14	50	5.960	5.000	3.133
Executing FF Gene Output
14	B	5.96

15	1	5.960	4.990	0.953
15	2	5.960	4.990	2.387
15	3	5.960	5.000	3.083
15	4	5.960	5.000	3.125
15	5	5.960	4.990	3.120
15	6	5.960	5.000	3.153
15	7	5.960	5.000	3.130
15	8	5.960	5.000	3.154
15	9	5.960	5.000	3.161
15	10	5.960	5.000	3.159
15	11	5.960	5.000	3.141
15	12	5.960	5.000	3.143
15	13	5.960	5.000	3.151
15	14	5.960	5.000	3.122
15	15	5.960	5.000	3.149
15	16	5.960	5.000	3.143
15	17	5.960	5.000	3.165
15	18	5.960	5.000	3.169
15	19	5.960	5.000	3.127
15	20	5.960	5.000	3.104
15	21	5.960	5.000	3.143
15	22	5.960	5.000	3.162
15	23	5.960	5.000	3.159
15	24	5.960	5.000	3.161
15	25	5.960	5.000	3.161
15	26	5.960	5.000	3.137
15	27	5.960	5.000	3.149
15	28	5.960	5.000	3.127
15	29	5.960	5.000	3.162
15	30	5.960	5.000	3.145
15	31	5.960	5.000	3.154
15	32	5.960	5.000	3.109
15	33	5.960	5.000	3.162
15	34	5.960	5.000	3.146
15	35	5.960	5.000	3.162
15	36	5.960	5.000	3.169
15	37	5.960	5.000	3.162
15	38	5.960	5.000	3.151
15	39	5.960	5.000	3.141
15	40	5.960	5.000	3.129
15	41	5.960	5.000	3.117
15	42	5.960	5.000	3.161
15	43	5.960	5.000	3.145
15	44	5.960	5.000	3.122
15	45	5.960	5.000	3.159
15	46	5.960	5.000	3.120
15	47	5.960	5.000	3.149
15	48	5.960	5.000	3.120
15	49	5.960	5.000	3.161
15	50	5.960	5.000	3.129
Executing FF Gene Output
15	B	5.96

16	1	5.940	5.000	0.985
16	2	5.940	5.000	2.165
16	3	5.940	4.990	2.885
16	4	5.940	5.000	3.023
16	5	5.940	5.000	3.070
16	6	5.940	5.000	3.135
16	7	5.940	5.000	3.109
16	8	5.940	4.990	3.094
16	9	5.940	4.990	3.138
16	10	5.940	5.000	3.132
16	11	5.940	5.000	3.050
16	12	5.940	5.000	3.119
16	13	5.960	5.000	3.145
16	14	5.960	5.000	3.149
16	15	5.960	5.000	3.145
16	16	5.960	5.000	3.169
16	17	5.960	5.000	3.140
16	18	5.960	5.000	3.106
16	19	5.960	5.000	3.133
16	20	5.960	5.000	3.159
16	21	5.960	5.000	3.138
16	22	5.960	5.000	3.104
16	23	5.960	5.000	3.161
16	24	5.960	5.000	3.170
16	25	5.960	5.000	3.111
16	26	5.960	5.000	3.146
16	27	5.960	5.000	3.178
16	28	5.960	5.000	3.145
16	29	5.960	5.000	3.162
16	30	5.960	5.000	3.119
16	31	5.960	5.000	3.138
16	32	5.960	5.000	3.129
16	33	5.960	5.000	3.151
16	34	5.960	5.000	3.153
16	35	5.960	5.000	3.159
16	36	5.960	5.000	3.119
16	37	5.960	5.000	3.151
16	38	5.960	5.000	3.151
16	39	5.960	5.000	3.153
16	40	5.960	5.000	3.161
16	41	5.960	5.000	3.161
16	42	5.960	5.000	3.154
16	43	5.960	5.000	3.153
16	44	5.960	5.000	3.119
16	45	5.960	5.000	3.119
16	46	5.960	5.000	3.153
16	47	5.960	5.000	3.138
16	48	5.960	5.000	3.161
16	49	5.960	5.000	3.146
16	50	5.960	5.000	3.138
Executing FF Gene Output
16	B	5.96

17	1	5.640	4.990	0.948
17	2	5.640	4.970	2.108
17	3	5.640	4.990	2.329
17	4	5.640	5.000	2.383
17	5	5.640	4.960	2.428
17	6	5.640	4.980	2.458
17	7	5.640	5.000	2.447
17	8	5.640	5.000	2.423
17	9	5.640	5.000	2.435
17	10	5.640	5.000	2.431
17	11	5.640	5.000	2.460
17	12	5.640	5.000	2.458
17	13	5.640	5.000	2.449
17	14	5.640	5.000	2.435
17	15	5.640	5.000	2.454
17	16	5.640	5.000	2.431
17	17	5.640	5.000	2.456
17	18	5.640	5.000	2.441
17	19	5.640	5.000	2.441
17	20	5.640	5.000	2.449
17	21	5.780	5.000	2.454
17	22	5.780	5.000	2.488
17	23	5.780	5.000	2.719
17	24	5.780	4.980	2.810
17	25	5.780	5.000	2.827
17	26	5.780	5.000	2.819
17	27	5.780	4.980	2.832
17	28	5.780	5.000	2.841
17	29	5.780	4.980	2.819
17	30	5.780	5.000	2.825
17	31	5.780	5.000	2.825
17	32	5.960	5.000	2.823
17	33	5.960	4.980	2.892
17	34	5.960	4.960	3.104
17	35	5.960	5.000	3.165
17	36	5.960	5.000	3.159
17	37	5.960	5.000	3.140
17	38	5.960	4.980	3.135
17	39	5.960	5.000	3.081
17	40	5.960	5.000	3.111
17	41	5.960	5.000	3.162
17	42	5.960	5.000	3.112
17	43	5.960	5.000	3.156
17	44	5.960	5.000	3.125
17	45	5.960	5.000	3.151
17	46	5.960	5.000	3.161
17	47	5.960	5.000	3.159
17	48	5.960	5.000	3.156
17	49	5.960	5.000	3.149
17	50	5.960	5.000	3.156
Executing FF Gene Output
17	B	5.96

18	1	5.940	4.980	1.015
18	2	5.960	5.000	2.236
18	3	5.960	5.000	2.913
18	4	5.960	5.000	3.068
18	5	5.960	5.000	3.122
18	6	5.960	5.000	3.106
18	7	5.960	5.000	3.098
18	8	5.960	5.000	3.112
18	9	5.960	5.000	3.145
18	10	5.960	5.000	3.130
18	11	5.960	5.000	3.122
18	12	5.960	5.000	3.120
18	13	5.960	5.000	3.130
18	14	5.960	5.000	3.145
18	15	5.960	5.000	3.170
18	16	5.960	5.000	3.135
18	17	5.960	5.000	3.078
18	18	5.960	5.000	3.146
18	19	5.960	5.000	3.137
18	20	5.960	5.000	3.159
18	21	5.960	5.000	3.169
18	22	5.960	5.000	3.154
18	23	5.960	5.000	3.114
18	24	5.960	5.000	3.169
18	25	5.960	5.000	3.133
18	26	5.960	5.000	3.119
18	27	5.960	5.000	3.112
18	28	5.960	5.000	3.154
18	29	5.960	5.000	3.154
18	30	5.960	5.000	3.170
18	31	5.960	5.000	3.162
18	32	5.960	5.000	3.169
18	33	5.960	5.000	3.154
18	34	5.960	5.000	3.104
18	35	5.960	5.000	3.098
18	36	5.960	5.000	3.129
18	37	5.960	5.000	3.153
18	38	5.960	5.000	3.125
18	39	5.960	5.000	3.153
18	40	5.960	5.000	3.124
18	41	5.960	5.000	3.143
18	42	5.960	5.000	3.103
18	43	5.960	5.000	3.060
18	44	5.960	5.000	3.153
18	45	5.960	5.000	3.154
18	46	5.960	5.000	3.129
18	47	5.960	5.000	3.153
18	48	5.960	5.000	3.086
18	49	5.960	5.000	3.111
18	50	5.960	5.000	3.091
Executing FF Gene Output
18	B	5.96

19	1	5.960	4.970	1.218
19	2	5.960	4.990	2.344
19	3	5.960	5.000	3.008
19	4	5.960	4.980	3.103
19	5	5.960	5.000	3.143
19	6	5.960	5.000	3.178
19	7	5.960	5.000	3.132
19	8	5.960	5.000	3.146
19	9	5.960	5.000	3.172
19	10	5.960	5.000	3.175
19	11	5.960	5.000	3.178
19	12	5.960	5.000	3.127
19	13	5.960	5.000	3.149
19	14	5.960	5.000	3.153
19	15	5.960	5.000	3.169
19	16	5.960	5.000	3.127
19	17	5.960	5.000	3.137
19	18	5.960	4.980	3.154
19	19	5.960	5.000	3.137
19	20	5.960	5.000	3.127
19	21	5.960	5.000	3.149
19	22	5.960	5.000	3.169
19	23	5.960	5.000	3.127
19	24	5.960	5.000	3.159
19	25	5.960	5.000	3.165
19	26	5.960	5.000	3.146
19	27	5.960	5.000	3.127
19	28	5.960	5.000	3.130
19	29	5.960	5.000	3.146
19	30	5.960	5.000	3.140
19	31	5.960	5.000	3.149
19	32	5.960	5.000	3.143
19	33	5.960	4.960	3.136
19	34	5.960	5.000	3.127
19	35	5.960	4.980	3.159
19	36	5.960	5.000	3.165
19	37	5.960	4.980	3.137
19	38	5.960	5.000	3.140
19	39	5.960	5.000	3.137
19	40	5.960	4.990	3.141
19	41	5.960	5.000	3.143
19	42	5.960	5.000	3.149
19	43	5.960	5.000	3.169
19	44	5.960	4.990	3.161
19	45	5.960	5.000	3.124
19	46	5.960	5.000	3.146
19	47	5.960	5.000	3.159
19	48	5.960	5.000	3.140
19	49	5.960	5.000	3.162
19	50	5.960	5.000	3.172
Executing FF Gene Output
19	B	5.96

20	1	5.960	4.940	1.038
20	2	5.960	5.000	2.276
20	3	5.960	5.000	2.959
20	4	5.960	5.000	3.080
20	5	5.960	5.000	3.138
20	6	5.960	5.000	3.143
20	7	5.960	5.000	3.153
20	8	5.960	5.000	3.162
20	9	5.960	5.000	3.146
20	10	5.960	5.000	3.114
20	11	5.960	5.000	3.094
20	12	5.960	5.000	3.161
20	13	5.960	5.000	3.162
20	14	5.960	5.000	3.146
20	15	5.960	5.000	3.119
20	16	5.960	5.000	3.151
20	17	5.960	5.000	3.154
20	18	5.960	5.000	3.145
20	19	5.960	5.000	3.153
20	20	5.960	5.000	3.153
20	21	5.960	5.000	3.137
20	22	5.960	5.000	3.153
20	23	5.960	5.000	3.106
20	24	5.960	5.000	3.169
20	25	5.960	5.000	3.096
20	26	5.960	5.000	3.119
20	27	5.960	5.000	3.143
20	28	5.960	5.000	3.137
20	29	5.960	5.000	3.125
20	30	5.960	5.000	3.161
20	31	5.960	5.000	3.135
20	32	5.960	5.000	3.119
20	33	5.960	5.000	3.145
20	34	5.960	5.000	3.162
20	35	5.960	5.000	3.151
20	36	5.960	5.000	3.162
20	37	5.960	5.000	3.138
20	38	5.960	5.000	3.132
20	39	5.960	5.000	3.149
20	40	5.960	5.000	3.137
20	41	5.960	5.000	3.146
20	42	5.960	5.000	3.154
20	43	5.960	5.000	3.161
20	44	5.960	5.000	3.153
20	45	5.960	5.000	3.154
20	46	5.960	5.000	3.146
20	47	5.960	5.000	3.169
20	48	5.960	5.000	3.178
20	49	5.960	5.000	3.153
20	50	5.960	5.000	3.129
Executing FF Gene Output
20	B	5.96

21	1	5.960	4.980	0.847
21	2	5.960	4.970	2.127
21	3	5.960	4.980	2.963
21	4	5.960	5.000	3.129
21	5	5.960	4.980	3.154
21	6	5.960	4.960	3.130
21	7	5.960	4.980	3.153
21	8	5.960	4.980	3.130
21	9	5.960	5.000	3.145
21	10	5.960	5.000	3.129
21	11	5.960	5.000	3.119
21	12	5.960	5.000	3.088
21	13	5.960	5.000	3.143
21	14	5.960	5.000	3.162
21	15	5.960	5.000	3.135
21	16	5.960	5.000	3.135
21	17	5.960	5.000	3.170
21	18	5.960	5.000	3.130
21	19	5.960	4.980	3.170
21	20	5.960	4.980	3.162
21	21	5.960	5.000	3.153
21	22	5.960	5.000	3.137
21	23	5.960	5.000	3.137
21	24	5.960	5.000	3.178
21	25	5.960	4.980	3.146
21	26	5.960	4.980	3.109
21	27	5.960	5.000	3.159
21	28	5.960	4.960	3.133
21	29	5.960	5.000	3.141
21	30	5.960	5.000	3.090
21	31	5.960	5.000	3.161
21	32	5.960	5.000	3.153
21	33	5.960	5.000	3.154
21	34	5.960	5.000	3.170
21	35	5.960	5.000	3.153
21	36	5.960	5.000	3.169
21	37	5.960	4.990	3.172
21	38	5.960	5.000	3.159
21	39	5.960	4.980	3.137
21	40	5.960	4.990	3.114
21	41	5.960	4.990	3.107
21	42	5.960	5.000	3.111
21	43	5.960	4.990	3.099
21	44	5.960	4.970	3.111
21	45	5.960	4.990	3.124
21	46	5.960	5.000	3.170
21	47	5.960	5.000	3.153
21	48	5.960	5.000	3.143
21	49	5.960	5.000	3.143
21	50	5.960	4.990	3.132
Executing FF Gene Output
21	B	5.96

22	1	5.960	4.960	1.029
22	2	5.960	4.990	2.283
22	3	5.960	5.000	2.968
22	4	5.960	5.000	3.120
22	5	5.960	5.000	3.162
22	6	5.960	5.000	3.114
22	7	5.960	5.000	3.106
22	8	5.960	5.000	3.146
22	9	5.960	5.000	3.153
22	10	5.960	5.000	3.153
22	11	5.960	5.000	3.162
22	12	5.960	5.000	3.162
22	13	5.960	5.000	3.161
22	14	5.960	5.000	3.104
22	15	5.960	5.000	3.138
22	16	5.960	5.000	3.130
22	17	5.960	5.000	3.104
22	18	5.960	5.000	3.161
22	19	5.960	5.000	3.138
22	20	5.960	5.000	3.093
22	21	5.960	5.000	3.094
22	22	5.960	5.000	3.153
22	23	5.960	5.000	3.112
22	24	5.960	5.000	3.138
22	25	5.960	5.000	3.120
22	26	5.960	5.000	3.162
22	27	5.960	5.000	3.137
22	28	5.960	5.000	3.098
22	29	5.960	5.000	3.106
22	30	5.960	4.980	3.128
22	31	5.960	5.000	3.146
22	32	5.960	4.980	3.162
22	33	5.960	5.000	3.119
22	34	5.960	5.000	3.162
22	35	5.960	5.000	3.153
22	36	5.960	5.000	3.138
22	37	5.960	4.980	3.138
22	38	5.960	5.000	3.114
22	39	5.960	5.000	3.146
22	40	5.960	5.000	3.153
22	41	5.960	5.000	3.178
22	42	5.960	5.000	3.153
22	43	5.960	5.000	3.143
22	44	5.960	5.000	3.104
22	45	5.960	5.000	3.111
22	46	5.960	4.980	3.106
22	47	5.960	5.000	3.135
22	48	5.960	5.000	3.137
22	49	5.960	4.980	3.128
22	50	5.960	5.000	3.170
Executing FF Gene Output
22	B	5.96

23	1	5.780	4.990	1.020
23	2	5.780	5.000	2.274
23	3	5.780	5.000	2.728
23	4	5.780	5.000	2.796
23	5	5.960	5.000	2.834
23	6	5.960	5.000	2.866
23	7	5.960	5.000	3.091
23	8	5.960	5.000	3.130
23	9	5.960	4.980	3.146
23	10	5.960	5.000	3.127
23	11	5.960	5.000	3.149
23	12	5.960	4.980	3.135
23	13	5.960	5.000	3.114
23	14	5.960	4.980	3.117
23	15	5.960	4.980	3.124
23	16	5.960	5.000	3.169
23	17	5.960	5.000	3.146
23	18	5.960	5.000	3.146
23	19	5.960	5.000	3.169
23	20	5.960	5.000	3.165
23	21	5.960	5.000	3.129
23	22	5.960	5.000	3.132
23	23	5.960	4.980	3.151
23	24	5.960	5.000	3.153
23	25	5.960	4.980	3.149
23	26	5.960	4.980	3.137
23	27	5.960	4.960	3.136
23	28	5.960	4.960	3.138
23	29	5.960	5.000	3.159
23	30	5.960	5.000	3.159
23	31	5.960	4.980	3.107
23	32	5.960	5.000	3.140
23	33	5.960	4.970	3.124
23	34	5.960	5.000	3.143
23	35	5.960	4.980	3.141
23	36	5.960	5.000	3.149
23	37	5.960	5.000	3.141
23	38	5.960	4.940	3.142
23	39	5.960	4.980	3.162
23	40	5.960	5.000	3.178
23	41	5.960	5.000	3.161
23	42	5.960	4.980	3.151
23	43	5.960	4.980	3.140
23	44	5.960	5.000	3.161
23	45	5.960	4.980	3.135
23	46	5.960	4.980	3.133
23	47	5.960	5.000	3.162
23	48	5.960	5.000	3.103
23	49	5.960	5.000	3.170
23	50	5.960	5.000	3.169
Executing FF Gene Output
23	B	5.96

24	1	5.640	4.950	0.936
24	2	5.640	4.980	2.067
24	3	5.640	4.970	2.346
24	4	5.640	5.000	2.441
24	5	5.780	4.980	2.458
24	6	5.780	4.990	2.519
24	7	5.780	5.000	2.752
24	8	5.780	5.000	2.803
24	9	5.780	5.000	2.794
24	10	5.780	5.000	2.819
24	11	5.780	5.000	2.814
24	12	5.960	4.990	2.827
24	13	5.960	5.000	2.887
24	14	5.960	5.000	3.119
24	15	5.960	5.000	3.148
24	16	5.960	4.990	3.114
24	17	5.960	5.000	3.137
24	18	5.960	5.000	3.172
24	19	5.960	5.000	3.172
24	20	5.960	5.000	3.178
24	21	5.960	5.000	3.124
24	22	5.960	4.990	3.107
24	23	5.960	5.000	3.153
24	24	5.960	5.000	3.178
24	25	5.960	5.000	3.146
24	26	5.960	5.000	3.137
24	27	5.960	5.000	3.169
24	28	5.960	5.000	3.137
24	29	5.960	5.000	3.146
24	30	5.960	5.000	3.146
24	31	5.960	5.000	3.175
24	32	5.960	5.000	3.172
24	33	5.960	5.000	3.146
24	34	5.960	5.000	3.175
24	35	5.960	5.000	3.178
24	36	5.960	4.990	3.165
24	37	5.960	4.990	3.169
24	38	5.960	5.000	3.143
24	39	5.960	4.970	3.133
24	40	5.960	5.000	3.133
24	41	5.960	5.000	3.162
24	42	5.960	5.000	3.117
24	43	5.960	5.000	3.143
24	44	5.960	4.990	3.140
24	45	5.960	5.000	3.149
24	46	5.960	5.000	3.120
24	47	5.960	4.990	3.162
24	48	5.960	5.000	3.165
24	49	5.960	4.990	3.124
24	50	5.960	5.000	3.162
Executing FF Gene Output
24	B	5.96

25	1	5.780	4.990	0.910
25	2	5.780	5.000	2.329
25	3	5.780	5.000	2.782
25	4	5.780	5.000	2.787
25	5	5.780	5.000	2.794
25	6	5.780	5.000	2.819
25	7	5.780	5.000	2.816
25	8	5.960	5.000	2.832
25	9	5.960	5.000	2.899
25	10	5.960	5.000	3.065
25	11	5.960	5.000	3.127
25	12	5.960	5.000	3.143
25	13	5.960	5.000	3.156
25	14	5.960	5.000	3.153
25	15	5.960	5.000	3.156
25	16	5.960	5.000	3.143
25	17	5.960	5.000	3.169
25	18	5.960	5.000	3.178
25	19	5.960	5.000	3.153
25	20	5.960	5.000	3.165
25	21	5.960	5.000	3.153
25	22	5.960	5.000	3.162
25	23	5.960	5.000	3.149
25	24	5.960	5.000	3.169
25	25	5.960	5.000	3.146
25	26	5.960	5.000	3.165
25	27	5.960	5.000	3.130
25	28	5.960	5.000	3.172
25	29	5.960	5.000	3.149
25	30	5.960	5.000	3.156
25	31	5.960	5.000	3.133
25	32	5.960	5.000	3.151
25	33	5.960	5.000	3.122
25	34	5.960	5.000	3.137
25	35	5.960	5.000	3.146
25	36	5.960	5.000	3.159
25	37	5.960	5.000	3.159
25	38	5.960	5.000	3.114
25	39	5.960	5.000	3.143
25	40	5.960	5.000	3.156
25	41	5.960	5.000	3.167
25	42	5.960	5.000	3.111
25	43	5.960	5.000	3.165
25	44	5.960	5.000	3.140
25	45	5.960	5.000	3.148
25	46	5.960	5.000	3.169
25	47	5.960	5.000	3.146
25	48	5.960	5.000	3.145
25	49	5.960	5.000	3.140
25	50	5.960	5.000	3.162
Executing FF Gene Output
25	B	5.96

26	1	5.960	4.980	1.163
26	2	5.960	5.000	2.466
26	3	5.960	5.000	2.980
26	4	5.960	5.000	3.106
26	5	5.960	5.000	3.141
26	6	5.960	5.000	3.132
26	7	5.960	5.000	3.093
26	8	5.960	5.000	3.154
26	9	5.960	5.000	3.154
26	10	5.960	5.000	3.157
26	11	5.960	5.000	3.133
26	12	5.960	5.000	3.165
26	13	5.960	5.000	3.178
26	14	5.960	5.000	3.156
26	15	5.960	5.000	3.156
26	16	5.960	5.000	3.157
26	17	5.960	5.000	3.141
26	18	5.960	5.000	3.098
26	19	5.960	5.000	3.116
26	20	5.960	5.000	3.140
26	21	5.960	5.000	3.141
26	22	5.960	5.000	3.117
26	23	5.960	5.000	3.138
26	24	5.960	5.000	3.156
26	25	5.960	5.000	3.141
26	26	5.960	5.000	3.149
26	27	5.960	5.000	3.145
26	28	5.960	5.000	3.124
26	29	5.960	5.000	3.058
26	30	5.960	5.000	3.109
26	31	5.960	5.000	3.148
26	32	5.960	5.000	3.109
26	33	5.960	5.000	3.162
26	34	5.960	5.000	3.130
26	35	5.960	5.000	3.154
26	36	5.960	5.000	3.170
26	37	5.960	5.000	3.157
26	38	5.960	5.000	3.170
26	39	5.960	5.000	3.156
26	40	5.960	5.000	3.140
26	41	5.960	5.000	3.146
26	42	5.960	5.000	3.133
26	43	5.960	5.000	3.154
26	44	5.960	5.000	3.135
26	45	5.960	5.000	3.078
26	46	5.960	5.000	3.151
26	47	5.960	5.000	3.135
26	48	5.960	5.000	3.157
26	49	5.960	5.000	3.143
26	50	5.960	5.000	3.157
Executing FF Gene Output
26	B	5.96

27	1	5.960	4.930	0.998
27	2	5.960	4.990	2.200
27	3	5.960	5.000	3.000
27	4	5.960	5.000	3.093
27	5	5.960	5.000	3.129
27	6	5.960	5.000	3.151
27	7	5.960	5.000	3.141
27	8	5.960	5.000	3.135
27	9	5.960	5.000	3.135
27	10	5.960	5.000	3.143
27	11	5.960	5.000	3.161
27	12	5.960	5.000	3.124
27	13	5.960	5.000	3.140
27	14	5.960	5.000	3.120
27	15	5.960	5.000	3.129
27	16	5.960	5.000	3.137
27	17	5.960	5.000	3.127
27	18	5.960	5.000	3.178
27	19	5.960	5.000	3.178
27	20	5.960	5.000	3.159
27	21	5.960	5.000	3.135
27	22	5.960	5.000	3.103
27	23	5.960	5.000	3.162
27	24	5.960	5.000	3.135
27	25	5.960	5.000	3.135
27	26	5.960	5.000	3.143
27	27	5.960	5.000	3.170
27	28	5.960	5.000	3.137
27	29	5.960	5.000	3.162
27	30	5.960	5.000	3.161
27	31	5.960	5.000	3.106
27	32	5.960	5.000	3.120
27	33	5.960	5.000	3.170
27	34	5.960	5.000	3.129
27	35	5.960	5.000	3.162
27	36	5.960	5.000	3.170
27	37	5.960	5.000	3.159
27	38	5.960	5.000	3.161
27	39	5.960	5.000	3.170
27	40	5.960	5.000	3.162
27	41	5.960	5.000	3.129
27	42	5.960	5.000	3.145
27	43	5.960	5.000	3.151
27	44	5.960	5.000	3.143
27	45	5.960	5.000	3.143
27	46	5.960	5.000	3.143
27	47	5.960	5.000	3.132
27	48	5.960	5.000	3.133
27	49	5.960	5.000	3.104
27	50	5.960	5.000	3.103
Executing FF Gene Output
27	B	5.96

28	1	5.780	4.950	0.963
28	2	5.780	4.980	2.193
28	3	5.780	4.980	2.672
28	4	5.780	5.000	2.778
28	5	5.780	5.000	2.780
28	6	5.960	5.000	2.818
28	7	5.960	5.000	2.873
28	8	5.960	5.000	3.085
28	9	5.960	5.000	3.133
28	10	5.960	5.000	3.130
28	11	5.960	5.000	3.125
28	12	5.960	5.000	3.162
28	13	5.960	5.000	3.140
28	14	5.960	5.000	3.135
28	15	5.960	5.000	3.149
28	16	5.960	5.000	3.109
28	17	5.960	5.000	3.162
28	18	5.960	5.000	3.167
28	19	5.960	5.000	3.135
28	20	5.960	5.000	3.135
28	21	5.960	5.000	3.138
28	22	5.960	5.000	3.145
28	23	5.960	5.000	3.135
28	24	5.960	5.000	3.169
28	25	5.960	5.000	3.156
28	26	5.960	5.000	3.151
28	27	5.960	5.000	3.169
28	28	5.960	5.000	3.153
28	29	5.960	5.000	3.145
28	30	5.960	5.000	3.170
28	31	5.960	5.000	3.161
28	32	5.960	5.000	3.159
28	33	5.960	5.000	3.153
28	34	5.960	5.000	3.146
28	35	5.960	5.000	3.169
28	36	5.960	5.000	3.143
28	37	5.960	5.000	3.156
28	38	5.960	5.000	3.120
28	39	5.960	5.000	3.169
28	40	5.960	5.000	3.146
28	41	5.960	5.000	3.161
28	42	5.960	5.000	3.148
28	43	5.960	5.000	3.138
28	44	5.960	5.000	3.146
28	45	5.960	5.000	3.161
28	46	5.960	5.000	3.153
28	47	5.960	5.000	3.165
28	48	5.960	5.000	3.156
28	49	5.960	5.000	3.165
28	50	5.960	5.000	3.156
Executing FF Gene Output
28	B	5.96

29	1	5.640	4.950	1.104
29	2	5.640	4.990	2.298
29	3	5.640	5.000	2.416
29	4	5.640	5.000	2.449
29	5	5.640	5.000	2.452
29	6	5.640	5.000	2.447
29	7	5.780	5.000	2.454
29	8	5.960	5.000	2.486
29	9	5.960	5.000	2.710
29	10	5.960	5.000	3.028
29	11	5.960	5.000	3.101
29	12	5.960	5.000	3.130
29	13	5.960	5.000	3.162
29	14	5.960	5.000	3.149
29	15	5.960	5.000	3.169
29	16	5.960	5.000	3.178
29	17	5.960	5.000	3.133
29	18	5.960	5.000	3.169
29	19	5.960	5.000	3.172
29	20	5.960	5.000	3.153
29	21	5.960	5.000	3.137
29	22	5.960	5.000	3.146
29	23	5.960	5.000	3.111
29	24	5.960	5.000	3.137
29	25	5.960	5.000	3.143
29	26	5.960	5.000	3.140
29	27	5.960	4.960	3.127
29	28	5.960	5.000	3.153
29	29	5.960	5.000	3.153
29	30	5.960	5.000	3.162
29	31	5.960	5.000	3.159
29	32	5.960	5.000	3.117
29	33	5.960	4.980	3.154
29	34	5.960	5.000	3.130
29	35	5.960	5.000	3.130
29	36	5.960	5.000	3.125
29	37	5.960	5.000	3.162
29	38	5.960	5.000	3.146
29	39	5.960	5.000	3.154
29	40	5.960	5.000	3.148
29	41	5.960	5.000	3.117
29	42	5.960	4.980	3.112
29	43	5.960	5.000	3.094
29	44	5.960	4.980	3.135
29	45	5.960	4.980	3.162
29	46	5.960	5.000	3.122
29	47	5.960	5.000	3.116
29	48	5.960	5.000	3.143
29	49	5.960	5.000	3.153
29	50	5.960	5.000	3.162
Executing FF Gene Output
29	B	5.96

30	1	5.960	4.980	1.015
30	2	5.960	5.000	2.329
30	3	5.960	5.000	3.072
30	4	5.960	5.000	3.112
30	5	5.960	5.000	3.129
30	6	5.960	5.000	3.103
30	7	5.960	5.000	3.080
30	8	5.960	5.000	3.140
30	9	5.960	4.990	3.133
30	10	5.960	5.000	3.162
30	11	5.960	5.000	3.154
30	12	5.960	5.000	3.137
30	13	5.960	4.990	3.149
30	14	5.960	4.990	3.165
30	15	5.960	5.000	3.164
30	16	5.960	5.000	3.157
30	17	5.960	4.990	3.145
30	18	5.960	4.980	3.169
30	19	5.960	5.000	3.170
30	20	5.960	5.000	3.149
30	21	5.960	5.000	3.154
30	22	5.960	5.000	3.172
30	23	5.960	5.000	3.162
30	24	5.960	5.000	3.162
30	25	5.960	5.000	3.116
30	26	5.960	5.000	3.162
30	27	5.960	5.000	3.132
30	28	5.960	5.000	3.148
30	29	5.960	5.000	3.156
30	30	5.960	5.000	3.106
30	31	5.960	5.000	3.138
30	32	5.960	5.000	3.162
30	33	5.960	5.000	3.140
30	34	5.960	5.000	3.132
30	35	5.960	5.000	3.132
30	36	5.960	5.000	3.133
30	37	5.960	5.000	3.098
30	38	5.960	5.000	3.101
30	39	5.960	5.000	3.111
30	40	5.960	5.000	3.101
30	41	5.960	5.000	3.156
30	42	5.960	5.000	3.156
30	43	5.960	5.000	3.170
30	44	5.960	5.000	3.133
30	45	5.960	5.000	3.156
30	46	5.960	5.000	3.172
30	47	5.960	5.000	3.145
30	48	5.960	5.000	3.157
30	49	5.960	5.000	3.164
30	50	5.960	4.990	3.133
Executing FF Gene Output
30	B	5.96

31	1	5.940	4.960	1.158
31	2	5.940	5.000	2.340
31	3	5.940	5.000	2.980
31	4	5.940	4.980	3.043
31	5	5.940	5.000	3.062
31	6	5.940	4.980	3.132
31	7	5.940	4.980	3.106
31	8	5.940	4.990	3.143
31	9	5.940	5.000	3.104
31	10	5.940	5.000	3.146
31	11	5.940	5.000	3.165
31	12	5.940	4.990	3.151
31	13	5.940	5.000	3.120
31	14	5.940	5.000	3.169
31	15	5.940	5.000	3.114
31	16	5.940	5.000	3.075
31	17	5.940	5.000	3.146
31	18	5.940	5.000	3.162
31	19	5.940	5.000	3.101
31	20	5.940	5.000	3.129
31	21	5.940	4.990	3.135
31	22	5.940	5.000	3.143
31	23	5.940	5.000	3.143
31	24	5.940	5.000	3.088
31	25	5.940	4.990	3.119
31	26	5.940	4.990	3.114
31	27	5.940	5.000	3.125
31	28	5.940	4.990	3.138
31	29	5.940	5.000	3.104
31	30	5.940	4.980	3.096
31	31	5.940	4.970	3.062
31	32	5.940	4.960	3.066
31	33	5.940	4.990	3.148
31	34	5.940	5.000	3.088
31	35	5.940	5.000	3.085
31	36	5.940	5.000	3.120
31	37	5.940	5.000	3.117
31	38	5.940	4.990	3.088
31	39	5.940	5.000	3.078
31	40	5.940	4.990	3.112
31	41	5.940	4.990	3.132
31	42	5.940	4.990	3.096
31	43	5.940	5.000	3.094
31	44	5.940	5.000	3.081
31	45	5.940	5.000	3.091
31	46	5.940	5.000	3.137
31	47	5.940	5.000	3.140
31	48	5.940	5.000	3.104
31	49	5.940	5.000	3.108
31	50	5.940	5.000	3.143
Executing FF Gene Output
31	B	5.94

32	1	5.640	4.980	0.948
32	2	5.640	5.000	2.087
32	3	5.640	5.000	2.387
32	4	5.640	5.000	2.425
32	5	5.640	5.000	2.437
32	6	5.640	5.000	2.433
32	7	5.640	5.000	2.425
32	8	5.640	5.000	2.395
32	9	5.780	5.000	2.449
32	10	5.780	5.000	2.531
32	11	5.780	5.000	2.741
32	12	5.780	5.000	2.819
32	13	5.960	5.000	2.841
32	14	5.960	5.000	2.860
32	15	5.960	5.000	3.104
32	16	5.960	5.000	3.133
32	17	5.960	5.000	3.149
32	18	5.960	5.000	3.145
32	19	5.960	5.000	3.172
32	20	5.960	5.000	3.162
32	21	5.960	5.000	3.141
32	22	5.960	5.000	3.159
32	23	5.960	5.000	3.137
32	24	5.960	5.000	3.130
32	25	5.960	5.000	3.133
32	26	5.960	5.000	3.165
32	27	5.960	5.000	3.138
32	28	5.960	5.000	3.178
32	29	5.960	5.000	3.172
32	30	5.960	5.000	3.164
32	31	5.960	5.000	3.141
32	32	5.960	5.000	3.165
32	33	5.960	5.000	3.125
32	34	5.960	5.000	3.165
32	35	5.960	5.000	3.148
32	36	5.960	5.000	3.146
32	37	5.960	5.000	3.116
32	38	5.960	5.000	3.159
32	39	5.960	5.000	3.159
32	40	5.960	5.000	3.169
32	41	5.960	5.000	3.140
32	42	5.960	5.000	3.135
32	43	5.960	5.000	3.112
32	44	5.960	5.000	3.138
32	45	5.960	5.000	3.146
32	46	5.960	5.000	3.156
32	47	5.960	5.000	3.172
32	48	5.960	5.000	3.162
32	49	5.960	5.000	3.149
32	50	5.960	5.000	3.146
Executing FF Gene Output
32	B	5.96

33	1	5.640	4.960	0.958
33	2	5.640	5.000	2.055
33	3	5.640	4.980	2.374
33	4	5.640	5.000	2.410
33	5	5.780	5.000	2.441
33	6	5.780	4.980	2.460
33	7	5.780	4.980	2.728
33	8	5.780	4.980	2.796
33	9	5.780	4.960	2.823
33	10	5.780	4.960	2.816
33	11	5.780	4.960	2.821
33	12	5.780	4.960	2.810
33	13	5.780	5.000	2.812
33	14	5.780	5.000	2.839
33	15	5.780	5.000	2.816
33	16	5.780	4.980	2.807
33	17	5.780	5.000	2.825
33	18	5.960	4.980	2.835
33	19	5.960	4.980	2.887
33	20	5.960	5.000	3.116
33	21	5.960	5.000	3.165
33	22	5.960	4.980	3.146
33	23	5.960	5.000	3.156
33	24	5.960	4.980	3.114
33	25	5.960	4.960	3.130
33	26	5.960	4.980	3.114
33	27	5.960	5.000	3.146
33	28	5.960	5.000	3.159
33	29	5.960	5.000	3.149
33	30	5.960	5.000	3.178
33	31	5.960	5.000	3.169
33	32	5.960	5.000	3.172
33	33	5.960	5.000	3.156
33	34	5.960	5.000	3.114
33	35	5.960	4.980	3.153
33	36	5.960	4.980	3.140
33	37	5.960	4.980	3.165
33	38	5.960	5.000	3.175
33	39	5.960	4.980	3.149
33	40	5.960	4.980	3.120
33	41	5.960	4.980	3.133
33	42	5.960	4.980	3.153
33	43	5.960	4.980	3.130
33	44	5.960	4.990	3.138
33	45	5.960	5.000	3.156
33	46	5.960	5.000	3.172
33	47	5.960	5.000	3.137
33	48	5.960	4.980	3.088
33	49	5.960	5.000	3.143
33	50	5.960	5.000	3.146
Executing FF Gene Output
33	B	5.96

34	1	5.960	5.000	1.005
34	2	5.960	5.000	2.303
34	3	5.960	4.990	2.935
34	4	5.960	5.000	3.090
34	5	5.960	4.980	3.132
34	6	5.960	4.990	3.138
34	7	5.960	5.000	3.130
34	8	5.960	5.000	3.146
34	9	5.960	4.990	3.153
34	10	5.960	4.980	3.111
34	11	5.960	5.000	3.159
34	12	5.960	4.990	3.148
34	13	5.960	4.960	3.122
34	14	5.960	5.000	3.149
34	15	5.960	4.990	3.145
34	16	5.960	5.000	3.125
34	17	5.960	5.000	3.167
34	18	5.960	5.000	3.151
34	19	5.960	5.000	3.151
34	20	5.960	5.000	3.162
34	21	5.960	4.990	3.125
34	22	5.960	4.990	3.135
34	23	5.960	4.980	3.140
34	24	5.960	5.000	3.151
34	25	5.960	5.000	3.162
34	26	5.960	4.990	3.132
34	27	5.960	5.000	3.162
34	28	5.960	5.000	3.145
34	29	5.960	5.000	3.146
34	30	5.960	5.000	3.178
34	31	5.960	4.990	3.167
34	32	5.960	5.000	3.154
34	33	5.960	5.000	3.112
34	34	5.960	4.990	3.132
34	35	5.960	5.000	3.127
34	36	5.960	5.000	3.153
34	37	5.960	5.000	3.162
34	38	5.960	4.990	3.167
34	39	5.960	5.000	3.146
34	40	5.960	5.000	3.169
34	41	5.960	5.000	3.146
34	42	5.960	5.000	3.159
34	43	5.960	4.990	3.157
34	44	5.960	4.990	3.124
34	45	5.960	5.000	3.143
34	46	5.960	5.000	3.156
34	47	5.960	5.000	3.161
34	48	5.960	5.000	3.137
34	49	5.960	5.000	3.132
34	50	5.960	5.000	3.111
Executing FF Gene Output
34	B	5.96

35	1	5.960	4.990	0.953
35	2	5.960	5.000	2.274
35	3	5.960	5.000	3.023
35	4	5.960	5.000	3.133
35	5	5.960	5.000	3.165
35	6	5.960	5.000	3.162
35	7	5.960	5.000	3.172
35	8	5.960	5.000	3.133
35	9	5.960	5.000	3.156
35	10	5.960	5.000	3.178
35	11	5.960	5.000	3.178
35	12	5.960	5.000	3.140
35	13	5.960	5.000	3.138
35	14	5.960	5.000	3.145
35	15	5.960	5.000	3.149
35	16	5.960	5.000	3.141
35	17	5.960	5.000	3.148
35	18	5.960	5.000	3.106
35	19	5.960	5.000	3.116
35	20	5.960	5.000	3.133
35	21	5.960	5.000	3.148
35	22	5.960	5.000	3.156
35	23	5.960	5.000	3.145
35	24	5.960	5.000	3.178
35	25	5.960	5.000	3.172
35	26	5.960	5.000	3.140
35	27	5.960	5.000	3.122
35	28	5.960	5.000	3.149
35	29	5.960	5.000	3.178
35	30	5.960	5.000	3.170
35	31	5.960	5.000	3.116
35	32	5.960	5.000	3.170
35	33	5.960	5.000	3.157
35	34	5.960	5.000	3.114
35	35	5.960	5.000	3.133
35	36	5.960	5.000	3.117
35	37	5.960	5.000	3.170
35	38	5.960	5.000	3.151
35	39	5.960	5.000	3.178
35	40	5.960	5.000	3.156
35	41	5.960	5.000	3.138
35	42	5.960	5.000	3.112
35	43	5.960	5.000	3.148
35	44	5.960	5.000	3.130
35	45	5.960	5.000	3.140
35	46	5.960	5.000	3.148
35	47	5.960	5.000	3.138
35	48	5.960	5.000	3.154
35	49	5.960	5.000	3.146
35	50	5.960	5.000	3.148
Executing FF Gene Output
35	B	5.96

36	1	5.960	4.960	1.197
36	2	5.960	4.980	2.596
36	3	5.960	4.990	3.040
36	4	5.960	5.000	3.120
36	5	5.960	5.000	3.169
36	6	5.960	5.000	3.159
36	7	5.960	4.990	3.169
36	8	5.960	5.000	3.159
36	9	5.960	5.000	3.178
36	10	5.960	5.000	3.169
36	11	5.960	5.000	3.169
36	12	5.960	5.000	3.169
36	13	5.960	4.990	3.130
36	14	5.960	5.000	3.114
36	15	5.960	5.000	3.162
36	16	5.960	5.000	3.149
36	17	5.960	5.000	3.156
36	18	5.960	5.000	3.172
36	19	5.960	5.000	3.172
36	20	5.960	5.000	3.153
36	21	5.960	5.000	3.178
36	22	5.960	5.000	3.146
36	23	5.960	5.000	3.165
36	24	5.960	5.000	3.162
36	25	5.960	5.000	3.153
36	26	5.960	5.000	3.169
36	27	5.960	5.000	3.143
36	28	5.960	5.000	3.169
36	29	5.960	5.000	3.172
36	30	5.960	5.000	3.117
36	31	5.960	5.000	3.133
36	32	5.960	5.000	3.130
36	33	5.960	5.000	3.156
36	34	5.960	5.000	3.165
36	35	5.960	5.000	3.172
36	36	5.960	5.000	3.153
36	37	5.960	5.000	3.159
36	38	5.960	5.000	3.165
36	39	5.960	5.000	3.146
36	40	5.960	5.000	3.117
36	41	5.960	5.000	3.169
36	42	5.960	5.000	3.165
36	43	5.960	4.960	3.143
36	44	5.960	4.980	3.165
36	45	5.960	5.000	3.149
36	46	5.960	5.000	3.169
36	47	5.960	5.000	3.143
36	48	5.960	5.000	3.111
36	49	5.960	5.000	3.140
36	50	5.960	4.980	3.127
Executing FF Gene Output
36	B	5.96

37	1	5.960	4.990	0.835
37	2	5.960	4.990	2.211
37	3	5.960	5.000	2.894
37	4	5.960	5.000	3.063
37	5	5.960	5.000	3.146
37	6	5.960	4.980	3.120
37	7	5.960	5.000	3.138
37	8	5.960	4.980	3.128
37	9	5.960	4.980	3.127
37	10	5.960	4.980	3.143
37	11	5.960	5.000	3.169
37	12	5.960	5.000	3.129
37	13	5.960	4.980	3.086
37	14	5.960	4.980	3.088
37	15	5.960	5.000	3.162
37	16	5.960	5.000	3.119
37	17	5.960	5.000	3.137
37	18	5.960	5.000	3.153
37	19	5.960	5.000	3.146
37	20	5.960	5.000	3.162
37	21	5.960	5.000	3.154
37	22	5.960	5.000	3.130
37	23	5.960	5.000	3.162
37	24	5.960	4.980	3.145
37	25	5.960	4.980	3.128
37	26	5.960	5.000	3.130
37	27	5.960	5.000	3.153
37	28	5.960	5.000	3.169
37	29	5.960	4.980	3.140
37	30	5.960	5.000	3.162
37	31	5.960	5.000	3.135
37	32	5.960	5.000	3.125
37	33	5.960	4.980	3.137
37	34	5.960	5.000	3.159
37	35	5.960	5.000	3.162
37	36	5.960	4.980	3.127
37	37	5.960	4.980	3.133
37	38	5.960	5.000	3.169
37	39	5.960	5.000	3.169
37	40	5.960	5.000	3.178
37	41	5.960	5.000	3.127
37	42	5.960	5.000	3.127
37	43	5.960	4.980	3.169
37	44	5.960	5.000	3.156
37	45	5.960	4.980	3.122
37	46	5.960	4.980	3.145
37	47	5.960	5.000	3.175
37	48	5.960	5.000	3.178
37	49	5.960	5.000	3.178
37	50	5.960	5.000	3.159
Executing FF Gene Output
37	B	5.96

38	1	5.960	4.980	1.049
38	2	5.960	5.000	2.452
38	3	5.960	5.000	3.012
38	4	5.960	5.000	3.106
38	5	5.960	5.000	3.141
38	6	5.960	5.000	3.145
38	7	5.960	5.000	3.088
38	8	5.960	5.000	3.154
38	9	5.960	5.000	3.145
38	10	5.960	5.000	3.137
38	11	5.960	5.000	3.119
38	12	5.960	5.000	3.137
38	13	5.960	5.000	3.122
38	14	5.960	5.000	3.111
38	15	5.960	5.000	3.170
38	16	5.960	5.000	3.129
38	17	5.960	5.000	3.159
38	18	5.960	5.000	3.146
38	19	5.960	5.000	3.137
38	20	5.960	5.000	3.153
38	21	5.960	5.000	3.137
38	22	5.960	5.000	3.162
38	23	5.960	5.000	3.146
38	24	5.960	5.000	3.151
38	25	5.960	5.000	3.125
38	26	5.960	5.000	3.120
38	27	5.960	5.000	3.157
38	28	5.960	5.000	3.094
38	29	5.960	5.000	3.159
38	30	5.960	5.000	3.132
38	31	5.960	5.000	3.138
38	32	5.960	5.000	3.116
38	33	5.960	5.000	3.094
38	34	5.960	5.000	3.111
38	35	5.960	5.000	3.140
38	36	5.960	5.000	3.159
38	37	5.960	5.000	3.159
38	38	5.960	5.000	3.170
38	39	5.960	5.000	3.145
38	40	5.960	5.000	3.120
38	41	5.960	5.000	3.099
38	42	5.960	5.000	3.116
38	43	5.960	5.000	3.137
38	44	5.960	5.000	3.153
38	45	5.960	5.000	3.106
38	46	5.960	5.000	3.117
38	47	5.960	5.000	3.125
38	48	5.960	5.000	3.135
38	49	5.960	5.000	3.133
38	50	5.960	5.000	3.159
Executing FF Gene Output
38	B	5.96

39	1	5.960	4.930	1.157
39	2	5.960	4.980	2.385
39	3	5.960	4.980	2.986
39	4	5.960	5.000	3.146
39	5	5.960	5.000	3.137
39	6	5.960	5.000	3.153
39	7	5.960	5.000	3.162
39	8	5.960	5.000	3.178
39	9	5.960	5.000	3.161
39	10	5.960	5.000	3.159
39	11	5.960	5.000	3.135
39	12	5.960	5.000	3.143
39	13	5.960	5.000	3.162
39	14	5.960	5.000	3.106
39	15	5.960	5.000	3.138
39	16	5.960	5.000	3.120
39	17	5.960	5.000	3.138
39	18	5.960	5.000	3.120
39	19	5.960	5.000	3.153
39	20	5.960	5.000	3.178
39	21	5.960	5.000	3.169
39	22	5.960	5.000	3.138
39	23	5.960	5.000	3.120
39	24	5.960	5.000	3.130
39	25	5.960	5.000	3.170
39	26	5.960	5.000	3.138
39	27	5.960	5.000	3.169
39	28	5.960	5.000	3.135
39	29	5.960	5.000	3.143
39	30	5.960	5.000	3.154
39	31	5.960	5.000	3.125
39	32	5.960	5.000	3.143
39	33	5.960	5.000	3.157
39	34	5.960	5.000	3.162
39	35	5.960	5.000	3.135
39	36	5.960	5.000	3.117
39	37	5.960	5.000	3.145
39	38	5.960	5.000	3.130
39	39	5.960	5.000	3.129
39	40	5.960	5.000	3.112
39	41	5.960	5.000	3.111
39	42	5.960	5.000	3.135
39	43	5.960	5.000	3.178
39	44	5.960	5.000	3.153
39	45	5.960	5.000	3.120
39	46	5.960	5.000	3.154
39	47	5.960	5.000	3.153
39	48	5.960	5.000	3.112
39	49	5.960	5.000	3.116
39	50	5.960	5.000	3.143
Executing FF Gene Output
39	B	5.96

40	1	5.640	4.980	0.948
40	2	5.640	5.000	2.091
40	3	5.780	5.000	2.366
40	4	5.960	5.000	2.486
40	5	5.960	5.000	2.802
40	6	5.960	4.990	3.096
40	7	5.960	4.990	3.137
40	8	5.960	5.000	3.169
40	9	5.960	5.000	3.169
40	10	5.960	5.000	3.162
40	11	5.960	5.000	3.178
40	12	5.960	5.000	3.162
40	13	5.960	5.000	3.172
40	14	5.960	5.000	3.156
40	15	5.960	5.000	3.117
40	16	5.960	5.000	3.129
40	17	5.960	5.000	3.162
40	18	5.960	5.000	3.154
40	19	5.960	5.000	3.143
40	20	5.960	5.000	3.146
40	21	5.960	5.000	3.162
40	22	5.960	5.000	3.129
40	23	5.960	5.000	3.137
40	24	5.960	5.000	3.129
40	25	5.960	5.000	3.143
40	26	5.960	5.000	3.178
40	27	5.960	5.000	3.151
40	28	5.960	5.000	3.162
40	29	5.960	5.000	3.145
40	30	5.960	5.000	3.169
40	31	5.960	5.000	3.170
40	32	5.960	5.000	3.161
40	33	5.960	5.000	3.143
40	34	5.960	5.000	3.162
40	35	5.960	5.000	3.135
40	36	5.960	5.000	3.170
40	37	5.960	5.000	3.170
40	38	5.960	5.000	3.161
40	39	5.960	5.000	3.143
40	40	5.960	5.000	3.162
40	41	5.960	5.000	3.145
40	42	5.960	5.000	3.154
40	43	5.960	5.000	3.170
40	44	5.960	5.000	3.122
40	45	5.960	5.000	3.178
40	46	5.960	5.000	3.170
40	47	5.960	5.000	3.146
40	48	5.960	5.000	3.137
40	49	5.960	5.000	3.162
40	50	5.960	5.000	3.162
Executing FF Gene Output
40	B	5.96

41	1	5.780	4.980	1.054
41	2	5.780	5.000	2.267
41	3	5.780	5.000	2.687
41	4	5.780	5.000	2.794
41	5	5.780	5.000	2.839
41	6	5.780	5.000	2.783
41	7	5.960	5.000	2.796
41	8	5.960	5.000	2.873
41	9	5.960	5.000	3.094
41	10	5.960	5.000	3.094
41	11	5.960	5.000	3.137
41	12	5.960	5.000	3.137
41	13	5.960	5.000	3.114
41	14	5.960	5.000	3.104
41	15	5.960	5.000	3.120
41	16	5.960	5.000	3.165
41	17	5.960	5.000	3.104
41	18	5.960	5.000	3.133
41	19	5.960	5.000	3.165
41	20	5.960	5.000	3.162
41	21	5.960	5.000	3.159
41	22	5.960	5.000	3.137
41	23	5.960	5.000	3.140
41	24	5.960	5.000	3.156
41	25	5.960	5.000	3.172
41	26	5.960	5.000	3.162
41	27	5.960	5.000	3.146
41	28	5.960	5.000	3.165
41	29	5.960	5.000	3.133
41	30	5.960	5.000	3.124
41	31	5.960	5.000	3.124
41	32	5.960	5.000	3.124
41	33	5.960	5.000	3.143
41	34	5.960	5.000	3.143
41	35	5.960	5.000	3.130
41	36	5.960	5.000	3.124
41	37	5.960	5.000	3.108
41	38	5.960	5.000	3.162
41	39	5.960	5.000	3.162
41	40	5.960	5.000	3.162
41	41	5.960	5.000	3.137
41	42	5.960	5.000	3.081
41	43	5.960	5.000	3.127
41	44	5.960	5.000	3.140
41	45	5.960	5.000	3.156
41	46	5.960	5.000	3.159
41	47	5.960	5.000	3.169
41	48	5.960	5.000	3.172
41	49	5.960	5.000	3.124
41	50	5.960	5.000	3.111
Executing FF Gene Output
41	B	5.96

42	1	5.960	5.000	1.078
42	2	5.960	5.000	2.404
42	3	5.960	5.000	3.057
42	4	5.960	5.000	3.104
42	5	5.960	5.000	3.145
42	6	5.960	5.000	3.153
42	7	5.960	5.000	3.151
42	8	5.960	5.000	3.137
42	9	5.960	5.000	3.154
42	10	5.960	5.000	3.138
42	11	5.960	5.000	3.146
42	12	5.960	5.000	3.133
42	13	5.960	5.000	3.154
42	14	5.960	5.000	3.161
42	15	5.960	5.000	3.146
42	16	5.960	5.000	3.132
42	17	5.960	5.000	3.132
42	18	5.960	5.000	3.129
42	19	5.960	5.000	3.170
42	20	5.960	5.000	3.153
42	21	5.960	5.000	3.164
42	22	5.960	5.000	3.170
42	23	5.960	5.000	3.145
42	24	5.960	5.000	3.169
42	25	5.960	5.000	3.146
42	26	5.960	5.000	3.143
42	27	5.960	5.000	3.124
42	28	5.960	5.000	3.125
42	29	5.960	5.000	3.143
42	30	5.960	5.000	3.153
42	31	5.960	5.000	3.154
42	32	5.960	5.000	3.145
42	33	5.960	5.000	3.138
42	34	5.960	5.000	3.146
42	35	5.960	5.000	3.162
42	36	5.960	5.000	3.145
42	37	5.960	5.000	3.111
42	38	5.960	5.000	3.094
42	39	5.960	5.000	3.138
42	40	5.960	5.000	3.086
42	41	5.960	5.000	3.137
42	42	5.960	5.000	3.159
42	43	5.960	5.000	3.120
42	44	5.960	5.000	3.133
42	45	5.960	5.000	3.151
42	46	5.960	5.000	3.162
42	47	5.960	5.000	3.088
42	48	5.960	5.000	3.138
42	49	5.960	5.000	3.145
42	50	5.960	5.000	3.116
Executing FF Gene Output
42	B	5.96

43	1	5.960	4.970	1.101
43	2	5.960	5.000	2.456
43	3	5.960	5.000	3.018
43	4	5.960	5.000	3.112
43	5	5.960	5.000	3.138
43	6	5.960	5.000	3.143
43	7	5.960	5.000	3.137
43	8	5.960	5.000	3.169
43	9	5.960	5.000	3.138
43	10	5.960	5.000	3.103
43	11	5.960	5.000	3.125
43	12	5.960	5.000	3.170
43	13	5.960	5.000	3.143
43	14	5.960	5.000	3.146
43	15	5.960	4.960	3.114
43	16	5.960	4.960	3.128
43	17	5.960	5.000	3.120
43	18	5.960	4.990	3.124
43	19	5.960	4.980	3.124
43	20	5.960	5.000	3.159
43	21	5.960	5.000	3.145
43	22	5.960	5.000	3.135
43	23	5.960	5.000	3.161
43	24	5.960	5.000	3.170
43	25	5.960	4.980	3.140
43	26	5.960	5.000	3.120
43	27	5.960	5.000	3.143
43	28	5.960	4.990	3.138
43	29	5.960	4.990	3.137
43	30	5.960	5.000	3.161
43	31	5.960	5.000	3.153
43	32	5.960	4.990	3.137
43	33	5.960	5.000	3.178
43	34	5.960	5.000	3.178
43	35	5.960	5.000	3.178
43	36	5.960	5.000	3.145
43	37	5.960	5.000	3.120
43	38	5.960	5.000	3.169
43	39	5.960	5.000	3.151
43	40	5.960	5.000	3.154
43	41	5.960	5.000	3.145
43	42	5.960	5.000	3.154
43	43	5.960	5.000	3.153
43	44	5.960	5.000	3.154
43	45	5.960	5.000	3.098
43	46	5.960	5.000	3.153
43	47	5.960	5.000	3.145
43	48	5.960	5.000	3.161
43	49	5.960	5.000	3.112
43	50	5.960	5.000	3.124
Executing FF Gene Output
43	B	5.96

44	1	5.640	4.980	1.096
44	2	5.640	5.000	2.218
44	3	5.640	5.000	2.410
44	4	5.640	5.000	2.435
44	5	5.640	5.000	2.425
44	6	5.640	5.000	2.435
44	7	5.640	5.000	2.447
44	8	5.640	5.000	2.441
44	9	5.640	5.000	2.456
44	10	5.780	5.000	2.462
44	11	5.780	5.000	2.598
44	12	5.780	5.000	2.778
44	13	5.780	5.000	2.807
44	14	5.780	5.000	2.816
44	15	5.780	5.000	2.780
44	16	5.960	5.000	2.774
44	17	5.960	5.000	2.869
44	18	5.960	5.000	3.072
44	19	5.960	5.000	3.088
44	20	5.960	5.000	3.130
44	21	5.960	5.000	3.172
44	22	5.960	5.000	3.165
44	23	5.960	5.000	3.169
44	24	5.960	5.000	3.120
44	25	5.960	5.000	3.172
44	26	5.960	5.000	3.165
44	27	5.960	5.000	3.140
44	28	5.960	5.000	3.162
44	29	5.960	5.000	3.169
44	30	5.960	5.000	3.149
44	31	5.960	5.000	3.101
44	32	5.960	5.000	3.108
44	33	5.960	5.000	3.156
44	34	5.960	5.000	3.172
44	35	5.960	5.000	3.138
44	36	5.960	5.000	3.141
44	37	5.960	5.000	3.172
44	38	5.960	5.000	3.153
44	39	5.960	5.000	3.104
44	40	5.960	5.000	3.140
44	41	5.960	5.000	3.165
44	42	5.960	5.000	3.178
44	43	5.960	5.000	3.143
44	44	5.960	5.000	3.108
44	45	5.960	5.000	3.162
44	46	5.960	5.000	3.169
44	47	5.960	5.000	3.146
44	48	5.960	5.000	3.175
44	49	5.960	5.000	3.146
44	50	5.960	5.000	3.159
Executing FF Gene Output
44	B	5.96

45	1	5.780	4.950	1.140
45	2	5.780	4.990	2.274
45	3	5.960	5.000	2.727
45	4	5.960	5.000	2.864
45	5	5.960	5.000	3.093
45	6	5.960	5.000	3.112
45	7	5.960	5.000	3.149
45	8	5.960	5.000	3.133
45	9	5.960	5.000	3.149
45	10	5.960	5.000	3.156
45	11	5.960	5.000	3.159
45	12	5.960	5.000	3.153
45	13	5.960	5.000	3.172
45	14	5.960	5.000	3.153
45	15	5.960	5.000	3.156
45	16	5.960	5.000	3.178
45	17	5.960	5.000	3.162
45	18	5.960	5.000	3.137
45	19	5.960	5.000	3.130
45	20	5.960	5.000	3.153
45	21	5.960	5.000	3.149
45	22	5.960	5.000	3.172
45	23	5.960	5.000	3.159
45	24	5.960	5.000	3.149
45	25	5.960	5.000	3.156
45	26	5.960	5.000	3.127
45	27	5.960	5.000	3.178
45	28	5.960	5.000	3.137
45	29	5.960	5.000	3.130
45	30	5.960	5.000	3.153
45	31	5.960	5.000	3.149
45	32	5.960	5.000	3.117
45	33	5.960	5.000	3.091
45	34	5.960	5.000	3.143
45	35	5.960	5.000	3.178
45	36	5.960	5.000	3.133
45	37	5.960	5.000	3.133
45	38	5.960	5.000	3.169
45	39	5.960	5.000	3.127
45	40	5.960	5.000	3.130
45	41	5.960	5.000	3.108
45	42	5.960	5.000	3.167
45	43	5.960	5.000	3.154
45	44	5.960	5.000	3.169
45	45	5.960	5.000	3.138
45	46	5.960	5.000	3.137
45	47	5.960	5.000	3.161
45	48	5.960	5.000	3.146
45	49	5.960	5.000	3.146
45	50	5.960	5.000	3.109
Executing FF Gene Output
45	B	5.96

46	1	5.640	4.950	1.175
46	2	5.640	4.990	2.115
46	3	5.640	5.000	2.389
46	4	5.640	5.000	2.423
46	5	5.960	5.000	2.466
46	6	5.960	5.000	2.655
46	7	5.960	5.000	3.068
46	8	5.960	5.000	3.135
46	9	5.960	5.000	3.140
46	10	5.960	5.000	3.103
46	11	5.960	5.000	3.114
46	12	5.960	5.000	3.133
46	13	5.960	5.000	3.101
46	14	5.960	5.000	3.138
46	15	5.960	5.000	3.146
46	16	5.960	5.000	3.149
46	17	5.960	5.000	3.156
46	18	5.960	5.000	3.117
46	19	5.960	5.000	3.127
46	20	5.960	5.000	3.119
46	21	5.960	5.000	3.165
46	22	5.960	5.000	3.157
46	23	5.960	5.000	3.164
46	24	5.960	5.000	3.162
46	25	5.960	5.000	3.146
46	26	5.960	5.000	3.164
46	27	5.960	5.000	3.164
46	28	5.960	5.000	3.162
46	29	5.960	5.000	3.149
46	30	5.960	5.000	3.156
46	31	5.960	5.000	3.148
46	32	5.960	5.000	3.153
46	33	5.960	5.000	3.162
46	34	5.960	5.000	3.170
46	35	5.960	5.000	3.132
46	36	5.960	5.000	3.138
46	37	5.960	5.000	3.156
46	38	5.960	5.000	3.162
46	39	5.960	5.000	3.141
46	40	5.960	4.980	3.114
46	41	5.960	4.980	3.098
46	42	5.960	4.960	3.162
46	43	5.960	4.980	3.140
46	44	5.960	4.980	3.146
46	45	5.960	4.980	3.154
46	46	5.960	5.000	3.120
46	47	5.960	4.980	3.143
46	48	5.960	4.980	3.148
46	49	5.960	5.000	3.151
46	50	5.960	4.980	3.148
Executing FF Gene Output
46	B	5.96

47	1	5.960	4.990	1.020
47	2	5.960	5.000	2.509
47	3	5.960	5.000	2.998
47	4	5.960	5.000	3.172
47	5	5.960	5.000	3.153
47	6	5.960	5.000	3.159
47	7	5.960	5.000	3.104
47	8	5.960	5.000	3.169
47	9	5.960	5.000	3.149
47	10	5.960	5.000	3.104
47	11	5.960	5.000	3.162
47	12	5.960	5.000	3.153
47	13	5.960	5.000	3.162
47	14	5.960	5.000	3.154
47	15	5.960	5.000	3.119
47	16	5.960	5.000	3.130
47	17	5.960	5.000	3.162
47	18	5.960	5.000	3.146
47	19	5.960	5.000	3.162
47	20	5.960	5.000	3.137
47	21	5.960	5.000	3.104
47	22	5.960	5.000	3.162
47	23	5.960	5.000	3.137
47	24	5.960	5.000	3.093
47	25	5.960	5.000	3.161
47	26	5.960	5.000	3.112
47	27	5.960	5.000	3.138
47	28	5.960	5.000	3.122
47	29	5.960	5.000	3.145
47	30	5.960	5.000	3.178
47	31	5.960	5.000	3.162
47	32	5.960	5.000	3.170
47	33	5.960	5.000	3.178
47	34	5.960	5.000	3.151
47	35	5.960	5.000	3.122
47	36	5.960	5.000	3.146
47	37	5.960	5.000	3.161
47	38	5.960	5.000	3.085
47	39	5.960	5.000	3.153
47	40	5.960	5.000	3.170
47	41	5.960	5.000	3.145
47	42	5.960	5.000	3.096
47	43	5.960	5.000	3.119
47	44	5.960	5.000	3.104
47	45	5.960	5.000	3.146
47	46	5.960	5.000	3.104
47	47	5.960	5.000	3.145
47	48	5.960	5.000	3.129
47	49	5.960	5.000	3.106
47	50	5.960	5.000	3.145
Executing FF Gene Output
47	B	5.96

48	1	5.900	4.980	1.105
48	2	5.900	4.970	2.393
48	3	5.900	4.990	2.911
48	4	5.900	4.980	2.906
48	5	5.900	4.980	2.949
48	6	5.900	4.960	2.938
48	7	5.900	5.000	2.990
48	8	5.900	4.980	3.002
48	9	5.900	5.000	2.952
48	10	5.900	5.000	2.958
48	11	5.900	4.980	2.992
48	12	5.900	4.980	2.961
48	13	5.900	5.000	2.949
48	14	5.900	4.940	2.923
48	15	5.900	4.940	2.933
48	16	5.900	5.000	3.003
48	17	5.900	5.000	2.949
48	18	5.900	5.000	2.959
48	19	5.900	4.960	2.942
48	20	5.900	5.000	2.970
48	21	5.900	4.990	2.888
48	22	5.900	4.990	2.961
48	23	5.900	4.960	2.949
48	24	5.900	4.950	2.935
48	25	5.900	4.980	2.961
48	26	5.900	4.980	2.947
48	27	5.900	4.980	2.954
48	28	5.900	4.990	2.940
48	29	5.900	4.980	2.976
48	30	5.900	4.990	2.970
48	31	5.900	4.990	2.918
48	32	5.900	5.000	2.973
48	33	5.900	4.970	2.894
48	34	5.900	4.940	2.907
48	35	5.900	5.000	2.963
48	36	5.900	5.000	2.954
48	37	5.900	4.960	2.983
48	38	5.900	5.000	2.978
48	39	5.900	4.960	2.949
48	40	5.900	4.980	2.961
48	41	5.900	5.000	2.951
48	42	5.900	5.000	2.978
48	43	5.900	4.980	2.920
48	44	5.900	5.000	2.944
48	45	5.900	4.990	2.975
48	46	5.900	4.980	2.997
48	47	5.900	4.980	2.985
48	48	5.900	4.950	2.966
48	49	5.900	4.980	2.969
48	50	5.900	4.980	2.966
Executing FF Gene Output
48	B	5.9

49	1	5.960	5.000	1.119
49	2	5.960	5.000	2.361
49	3	5.960	5.000	3.007
49	4	5.960	5.000	3.132
49	5	5.960	5.000	3.156
49	6	5.960	5.000	3.154
49	7	5.960	5.000	3.129
49	8	5.960	5.000	3.141
49	9	5.960	5.000	3.169
49	10	5.960	5.000	3.162
49	11	5.960	5.000	3.156
49	12	5.960	5.000	3.149
49	13	5.960	5.000	3.135
49	14	5.960	5.000	3.162
49	15	5.960	5.000	3.122
49	16	5.960	5.000	3.145
49	17	5.960	5.000	3.140
49	18	5.960	5.000	3.108
49	19	5.960	5.000	3.112
49	20	5.960	5.000	3.116
49	21	5.960	5.000	3.133
49	22	5.960	5.000	3.149
49	23	5.960	5.000	3.151
49	24	5.960	5.000	3.162
49	25	5.960	5.000	3.156
49	26	5.960	5.000	3.157
49	27	5.960	5.000	3.161
49	28	5.960	5.000	3.170
49	29	5.960	5.000	3.164
49	30	5.960	5.000	3.170
49	31	5.960	5.000	3.143
49	32	5.960	5.000	3.132
49	33	5.960	5.000	3.132
49	34	5.960	5.000	3.164
49	35	5.960	5.000	3.119
49	36	5.960	5.000	3.130
49	37	5.960	5.000	3.137
49	38	5.960	5.000	3.172
49	39	5.960	5.000	3.140
49	40	5.960	5.000	3.140
49	41	5.960	5.000	3.101
49	42	5.960	5.000	3.116
49	43	5.960	5.000	3.169
49	44	5.960	5.000	3.178
49	45	5.960	5.000	3.162
49	46	5.960	5.000	3.146
49	47	5.960	5.000	3.141
49	48	5.960	5.000	3.148
49	49	5.960	5.000	3.146
49	50	5.960	5.000	3.133
Executing FF Gene Output
49	B	5.96

50	1	5.960	4.980	0.921
50	2	5.960	4.960	2.242
50	3	5.960	5.000	2.890
50	4	5.960	5.000	3.085
50	5	5.960	4.990	3.135
50	6	5.960	4.990	3.122
50	7	5.960	5.000	3.170
50	8	5.960	5.000	3.154
50	9	5.960	5.000	3.112
50	10	5.960	5.000	3.145
50	11	5.960	5.000	3.129
50	12	5.960	4.990	3.177
50	13	5.960	5.000	3.170
50	14	5.960	4.990	3.148
50	15	5.960	5.000	3.169
50	16	5.960	4.990	3.172
50	17	5.960	5.000	3.149
50	18	5.960	5.000	3.146
50	19	5.960	5.000	3.170
50	20	5.960	5.000	3.122
50	21	5.960	5.000	3.170
50	22	5.960	5.000	3.145
50	23	5.960	5.000	3.145
50	24	5.960	5.000	3.143
50	25	5.960	5.000	3.153
50	26	5.960	5.000	3.130
50	27	5.960	5.000	3.178
50	28	5.960	5.000	3.146
50	29	5.960	5.000	3.111
50	30	5.960	5.000	3.178
50	31	5.960	5.000	3.170
50	32	5.960	5.000	3.137
50	33	5.960	5.000	3.162
50	34	5.960	5.000	3.178
50	35	5.960	5.000	3.162
50	36	5.960	5.000	3.146
50	37	5.960	5.000	3.138
50	38	5.960	5.000	3.151
50	39	5.960	5.000	3.146
50	40	5.960	5.000	3.154
50	41	5.960	5.000	3.162
50	42	5.960	5.000	3.125
50	43	5.960	5.000	3.119
50	44	5.960	5.000	3.127
50	45	5.960	5.000	3.137
50	46	5.960	5.000	3.161
50	47	5.960	5.000	3.162
50	48	5.960	5.000	3.170
50	49	5.960	5.000	3.129
50	50	5.960	5.000	3.143
Executing FF Gene Output
50	B	5.96

Over All:
	Average Run Average Fitness: 4
	Average Run Best Fitness: 5
	Best Fitness: 5.96
	Best Chromo: Run 1: Generation 1: -1 -1 0 -1 -2 -1 -1 -2 -2 1 1 -1 1 0 -2 -2 0 0 -2 1 -1 -1 1 0 -2 -2 1 -1 0 1 -2 -2 -2 -1 -2 -2 0 0 -2 -1 1 0 1 -2 1 -1 -2 -1 -2 -2 0 -2 -2 0 0 1 0 1 -1 -2 0 1 -2 1 -2 1 -2 -1 0 -1 0 1 1 0 0 -1 0 0 1 -1 0 0 -2 0 -2 -1 1 1 1 -2 0 0 -2 0 -2 -2 1 -2 1 -2 1 -1 -2 -1 1 0 -2 -2 1 -2 -2 1 -1 -1 0 0 1 -1 -1 0 0 -1 1 -2 -1 -2 -1 -1 1 1 -2 -1 0 -2 -2 0 -1 1 -1 -1 -2 -1 -1 0 0 0 1 -2 0 -2 -1 0 1 0 1 0 -2 0 0 -2 -2 0 -1 -2 -1 -1 1 1 1 -2 0 -2 1 -2 -1 0 -1 -2 0 1 -1 -2 0 -1 -2 0 -1 -2 0 0 -2 1 0 1 -1 -1 -1 1 -2 -1 -2 -2 -1 -2 -1 -2 0 -2 1 -2 1 -2 1 -1 -1 1 -2 -1 -2 -1 -2 -1 1 1 -2 1 -2 -2 0 1 0 1 -1 -2 0 1 -1 -1 -2 0 -1 -2 -2 1 1 1 -1 0 -1 1 1 -2 -2 -1 -2 0 
Start:  Sun Mar 20 22:11:37 EDT 2016
End  :  Sun Mar 20 22:12:14 EDT 2016
