
Parameter File Name is: hw3_axel_d.params

Setting up Fitness Function.....Iterated Prisoner's Dilemma
1	1	2.980	1.720	1.371
1	2	2.980	1.970	1.912
1	3	2.980	1.980	1.980
1	4	2.980	2.000	2.010
1	5	2.980	2.000	2.010
1	6	2.980	2.000	2.010
1	7	2.980	2.000	2.000
1	8	2.980	2.000	1.990
1	9	2.980	2.000	1.990
1	10	2.980	2.000	2.000
1	11	2.980	2.000	1.990
1	12	2.980	2.000	2.000
1	13	2.980	2.000	1.990
1	14	2.980	2.000	2.000
1	15	2.980	2.000	2.000
1	16	2.980	2.000	2.010
1	17	2.980	2.000	1.990
1	18	2.980	2.000	1.969
1	19	2.980	2.000	1.980
1	20	2.980	2.000	2.010
1	21	2.980	1.990	1.995
1	22	2.980	2.000	1.990
1	23	2.980	2.000	2.000
1	24	2.980	2.000	1.969
1	25	2.980	2.000	1.980
1	26	2.980	2.000	2.010
1	27	2.980	2.000	2.010
1	28	2.980	2.000	2.000
1	29	2.980	2.000	2.000
1	30	2.980	1.990	2.005
1	31	2.980	2.000	2.000
1	32	2.980	2.000	2.010
1	33	2.980	2.000	2.010
1	34	2.980	2.000	1.980
1	35	2.980	2.000	1.959
1	36	2.980	2.000	1.969
1	37	2.980	2.000	1.969
1	38	2.980	2.000	2.010
1	39	2.980	2.000	2.010
1	40	2.980	2.000	2.000
1	41	2.980	2.000	2.000
1	42	2.980	2.000	2.010
1	43	2.980	2.000	2.000
1	44	2.980	2.000	1.990
1	45	2.980	2.000	2.010
1	46	2.980	2.000	1.990
1	47	2.980	2.000	1.959
1	48	2.980	2.000	2.000
1	49	2.980	2.000	2.000
1	50	2.980	2.000	2.010
Executing FF Gene Output
1	B	2.98

2	1	2.980	1.750	1.366
2	2	2.980	1.970	1.907
2	3	2.980	1.990	1.997
2	4	2.980	1.990	2.008
2	5	2.980	2.000	2.010
2	6	2.980	1.980	1.995
2	7	2.980	2.000	2.010
2	8	2.980	1.990	2.002
2	9	2.980	2.000	2.010
2	10	2.980	1.980	1.995
2	11	2.980	2.000	2.010
2	12	2.980	1.990	2.002
2	13	2.980	2.000	2.010
2	14	2.980	1.990	2.008
2	15	2.980	1.980	2.000
2	16	2.980	2.000	2.010
2	17	2.980	1.980	2.005
2	18	2.980	1.980	2.005
2	19	2.980	1.990	2.008
2	20	2.980	1.990	2.008
2	21	2.980	1.980	2.005
2	22	2.980	1.990	2.008
2	23	2.980	1.990	2.008
2	24	2.980	1.980	2.005
2	25	2.980	2.000	2.010
2	26	2.980	1.990	2.008
2	27	2.980	1.990	1.997
2	28	2.980	1.980	1.985
2	29	2.980	1.990	1.987
2	30	2.980	2.000	1.990
2	31	2.980	2.000	2.000
2	32	2.980	2.000	2.010
2	33	2.980	2.000	2.000
2	34	2.980	2.000	1.990
2	35	2.980	1.990	1.992
2	36	2.980	2.000	2.000
2	37	2.980	2.000	2.000
2	38	2.980	2.000	2.010
2	39	2.980	2.000	2.010
2	40	2.980	2.000	2.000
2	41	2.980	2.000	1.959
2	42	2.980	2.000	1.990
2	43	2.980	2.000	1.990
2	44	2.980	2.000	1.980
2	45	2.980	2.000	2.010
2	46	2.980	2.000	2.000
2	47	2.980	2.000	2.000
2	48	2.980	2.000	2.000
2	49	2.980	2.000	2.010
2	50	2.980	2.000	1.990
Executing FF Gene Output
2	B	2.98

3	1	2.980	1.700	1.443
3	2	2.980	1.950	1.917
3	3	2.980	2.000	2.003
3	4	2.980	2.000	2.010
3	5	2.980	2.000	1.997
3	6	2.980	2.000	1.985
3	7	2.980	2.000	1.982
3	8	2.980	2.000	2.003
3	9	2.980	2.000	1.995
3	10	2.980	2.000	2.010
3	11	2.980	2.000	2.003
3	12	2.980	2.000	2.003
3	13	2.980	2.000	2.010
3	14	2.980	2.000	2.003
3	15	2.980	2.000	2.010
3	16	2.980	2.000	2.010
3	17	2.980	2.000	2.003
3	18	2.980	2.000	1.995
3	19	2.980	2.000	2.010
3	20	2.980	2.000	2.010
3	21	2.980	2.000	2.003
3	22	2.980	2.000	2.010
3	23	2.980	2.000	2.010
3	24	2.980	2.000	1.990
3	25	2.980	2.000	2.000
3	26	2.980	2.000	2.000
3	27	2.980	2.000	2.000
3	28	2.980	1.990	1.992
3	29	2.980	2.000	1.990
3	30	2.980	2.000	2.000
3	31	2.980	2.000	2.010
3	32	2.980	2.000	1.990
3	33	2.980	2.000	2.000
3	34	2.980	2.000	2.010
3	35	2.980	2.000	1.980
3	36	2.980	2.000	1.990
3	37	2.980	2.000	2.000
3	38	2.980	2.000	1.980
3	39	2.980	2.000	2.000
3	40	2.980	2.000	2.000
3	41	2.980	2.000	1.992
3	42	2.980	2.000	2.000
3	43	2.980	2.000	1.990
3	44	2.980	2.000	1.990
3	45	2.980	2.000	1.990
3	46	2.980	2.000	2.010
3	47	2.980	2.000	2.000
3	48	2.980	2.000	2.000
3	49	2.980	2.000	2.000
3	50	2.980	2.000	1.990
Executing FF Gene Output
3	B	2.98

4	1	2.980	1.740	1.386
4	2	2.980	1.930	1.914
4	3	2.980	1.970	1.987
4	4	2.980	1.990	2.005
4	5	2.980	2.000	2.000
4	6	2.980	2.000	2.010
4	7	2.980	2.000	2.010
4	8	2.980	2.000	2.000
4	9	2.980	2.000	1.990
4	10	2.980	2.000	1.990
4	11	2.980	2.000	2.000
4	12	2.980	2.000	1.990
4	13	2.980	2.000	1.990
4	14	2.980	2.000	1.980
4	15	2.980	2.000	2.010
4	16	2.980	2.000	1.980
4	17	2.980	2.000	2.010
4	18	2.980	2.000	1.980
4	19	2.980	2.000	2.010
4	20	2.980	2.000	1.990
4	21	2.980	2.000	1.969
4	22	2.980	2.000	2.000
4	23	2.980	2.000	2.010
4	24	2.980	2.000	2.000
4	25	2.980	2.000	2.000
4	26	2.980	2.000	2.010
4	27	2.980	2.000	1.990
4	28	2.980	2.000	1.990
4	29	2.980	2.000	1.990
4	30	2.980	2.000	2.000
4	31	2.980	2.000	2.000
4	32	2.980	2.000	2.000
4	33	2.980	1.990	2.008
4	34	2.980	2.000	2.010
4	35	2.980	2.000	2.000
4	36	2.980	2.000	2.010
4	37	2.980	2.000	2.010
4	38	2.980	2.000	2.010
4	39	2.980	1.990	2.008
4	40	2.980	2.000	2.010
4	41	2.980	2.000	2.000
4	42	2.980	2.000	2.010
4	43	2.980	2.000	2.000
4	44	2.980	2.000	2.000
4	45	2.980	2.000	1.980
4	46	2.980	2.000	2.000
4	47	2.980	2.000	2.000
4	48	2.980	2.000	2.000
4	49	2.980	2.000	2.010
4	50	2.980	2.000	2.010
Executing FF Gene Output
4	B	2.98

5	1	2.980	1.770	1.188
5	2	2.980	1.960	1.858
5	3	2.980	1.980	1.956
5	4	2.980	1.980	1.992
5	5	2.980	2.000	2.010
5	6	2.980	1.990	2.005
5	7	2.980	1.990	1.997
5	8	2.980	1.970	1.995
5	9	2.980	1.990	2.005
5	10	2.980	2.000	2.010
5	11	2.980	2.000	2.010
5	12	2.980	2.000	2.010
5	13	2.980	1.990	2.005
5	14	2.980	2.000	2.010
5	15	2.980	2.000	2.010
5	16	2.980	1.970	1.995
5	17	2.980	1.990	2.005
5	18	2.980	1.990	2.005
5	19	2.980	1.990	2.005
5	20	2.980	1.990	2.005
5	21	2.980	1.990	2.005
5	22	2.980	2.000	2.000
5	23	2.980	2.000	2.000
5	24	2.980	1.980	2.000
5	25	2.980	1.990	2.005
5	26	2.980	1.990	2.005
5	27	2.980	1.970	1.995
5	28	2.980	1.960	1.989
5	29	2.980	1.980	2.000
5	30	2.980	1.990	2.005
5	31	2.980	1.980	2.000
5	32	2.980	1.980	2.000
5	33	2.980	1.990	2.005
5	34	2.980	1.980	2.000
5	35	2.980	1.990	2.005
5	36	2.980	2.000	2.010
5	37	2.980	2.000	2.010
5	38	2.980	1.990	2.005
5	39	2.980	1.990	2.005
5	40	2.980	2.000	2.010
5	41	2.980	2.000	2.010
5	42	2.980	1.990	2.005
5	43	2.980	2.000	2.010
5	44	2.980	1.990	2.005
5	45	2.980	2.000	2.010
5	46	2.980	1.980	2.000
5	47	2.980	1.990	2.005
5	48	2.980	2.000	2.000
5	49	2.980	1.970	1.995
5	50	2.980	2.000	2.010
Executing FF Gene Output
5	B	2.98

6	1	2.980	1.720	1.276
6	2	2.980	1.930	1.835
6	3	2.980	1.970	1.969
6	4	2.980	1.980	1.982
6	5	2.980	2.000	2.010
6	6	2.980	2.000	2.010
6	7	2.980	2.000	2.003
6	8	2.980	2.000	1.987
6	9	2.980	2.000	1.987
6	10	2.980	2.000	2.003
6	11	2.980	2.000	2.003
6	12	2.980	2.000	1.995
6	13	2.980	2.000	2.003
6	14	2.980	2.000	2.010
6	15	2.980	2.000	2.003
6	16	2.980	2.000	2.003
6	17	2.980	2.000	2.010
6	18	2.980	2.000	2.003
6	19	2.980	2.000	2.000
6	20	2.980	2.000	2.010
6	21	2.980	2.000	2.000
6	22	2.980	2.000	2.010
6	23	2.980	2.000	2.010
6	24	2.980	2.000	2.010
6	25	2.980	2.000	2.010
6	26	2.980	2.000	2.010
6	27	2.980	2.000	2.000
6	28	2.980	2.000	2.000
6	29	2.980	2.000	2.000
6	30	2.980	2.000	2.010
6	31	2.980	2.000	1.990
6	32	2.980	2.000	2.000
6	33	2.980	2.000	2.010
6	34	2.980	2.000	2.000
6	35	2.980	2.000	1.980
6	36	2.980	2.000	2.000
6	37	2.980	2.000	1.990
6	38	2.980	2.000	2.000
6	39	2.980	2.000	2.010
6	40	2.980	2.000	2.010
6	41	2.980	2.000	2.000
6	42	2.980	2.000	2.000
6	43	2.980	2.000	1.969
6	44	2.980	2.000	2.000
6	45	2.980	2.000	1.990
6	46	2.980	2.000	2.000
6	47	2.980	2.000	1.980
6	48	2.980	2.000	2.000
6	49	2.980	2.000	2.000
6	50	2.980	2.000	2.010
Executing FF Gene Output
6	B	2.98

7	1	2.980	1.700	1.348
7	2	2.980	1.970	1.883
7	3	2.980	2.000	1.982
7	4	2.980	2.000	1.992
7	5	2.980	2.000	2.000
7	6	2.980	2.000	2.000
7	7	2.980	2.000	1.990
7	8	2.980	2.000	2.000
7	9	2.980	2.000	2.000
7	10	2.980	2.000	2.010
7	11	2.980	2.000	1.969
7	12	2.980	2.000	2.000
7	13	2.980	2.000	2.010
7	14	2.980	2.000	1.990
7	15	2.980	2.000	2.000
7	16	2.980	2.000	2.000
7	17	2.980	2.000	2.000
7	18	2.980	2.000	2.010
7	19	2.980	2.000	2.000
7	20	2.980	2.000	1.990
7	21	2.980	2.000	2.010
7	22	2.980	2.000	1.990
7	23	2.980	2.000	1.990
7	24	2.980	2.000	1.980
7	25	2.980	2.000	1.990
7	26	2.980	2.000	2.000
7	27	2.980	2.000	2.010
7	28	2.980	2.000	1.980
7	29	2.980	2.000	1.990
7	30	2.980	2.000	1.990
7	31	2.980	2.000	1.990
7	32	2.980	2.000	2.010
7	33	2.980	2.000	2.000
7	34	2.980	2.000	2.000
7	35	2.980	2.000	1.990
7	36	2.980	2.000	2.010
7	37	2.980	2.000	2.010
7	38	2.980	2.000	2.000
7	39	2.980	2.000	1.990
7	40	2.980	2.000	1.990
7	41	2.980	2.000	2.010
7	42	2.980	2.000	1.990
7	43	2.980	2.000	2.000
7	44	2.980	2.000	2.000
7	45	2.980	2.000	2.010
7	46	2.980	2.000	2.000
7	47	2.980	2.000	1.980
7	48	2.980	2.000	1.959
7	49	2.980	2.000	1.990
7	50	2.980	2.000	2.000
Executing FF Gene Output
7	B	2.98

8	1	2.980	1.770	1.377
8	2	2.980	1.970	1.885
8	3	2.980	2.000	1.987
8	4	2.980	2.000	2.005
8	5	2.980	2.000	2.005
8	6	2.980	2.000	2.005
8	7	2.980	2.000	2.005
8	8	2.980	2.000	2.010
8	9	2.980	2.000	2.010
8	10	2.980	2.000	2.000
8	11	2.980	2.000	2.003
8	12	2.980	2.000	2.000
8	13	2.980	2.000	2.005
8	14	2.980	2.000	2.000
8	15	2.980	2.000	2.005
8	16	2.980	2.000	2.010
8	17	2.980	2.000	2.000
8	18	2.980	2.000	2.005
8	19	2.980	2.000	2.005
8	20	2.980	1.990	1.992
8	21	2.980	2.000	2.010
8	22	2.980	2.000	2.000
8	23	2.980	2.000	2.005
8	24	2.980	2.000	2.005
8	25	2.980	2.000	1.995
8	26	2.980	2.000	2.010
8	27	2.980	2.000	2.000
8	28	2.980	2.000	2.005
8	29	2.980	2.000	2.005
8	30	2.980	2.000	2.005
8	31	2.980	2.000	2.000
8	32	2.980	2.000	2.010
8	33	2.980	2.000	2.010
8	34	2.980	2.000	2.000
8	35	2.980	2.000	2.010
8	36	2.980	2.000	2.010
8	37	2.980	2.000	2.010
8	38	2.980	1.990	2.005
8	39	2.980	2.000	2.010
8	40	2.980	1.980	2.000
8	41	2.980	1.990	2.005
8	42	2.980	2.000	2.010
8	43	2.980	1.990	2.005
8	44	2.980	1.970	1.995
8	45	2.980	1.990	2.005
8	46	2.980	1.990	2.002
8	47	2.980	1.980	1.997
8	48	2.980	1.960	1.987
8	49	2.980	1.960	1.989
8	50	2.980	1.990	2.005
Executing FF Gene Output
8	B	2.98

9	1	2.980	1.720	1.364
9	2	2.980	1.950	1.909
9	3	2.980	1.990	1.977
9	4	2.980	2.000	1.990
9	5	2.980	2.000	1.990
9	6	2.980	2.000	2.010
9	7	2.980	2.000	2.010
9	8	2.980	2.000	1.990
9	9	2.980	2.000	2.000
9	10	2.980	2.000	2.000
9	11	2.980	2.000	2.000
9	12	2.980	2.000	1.980
9	13	2.980	2.000	2.000
9	14	2.980	2.000	2.000
9	15	2.980	2.000	1.959
9	16	2.980	2.000	1.969
9	17	2.980	2.000	1.980
9	18	2.980	2.000	2.010
9	19	2.980	2.000	1.990
9	20	2.980	2.000	1.990
9	21	2.980	2.000	2.000
9	22	2.980	2.000	2.000
9	23	2.980	2.000	2.000
9	24	2.980	1.990	1.985
9	25	2.980	2.000	1.990
9	26	2.980	2.000	2.000
9	27	2.980	2.000	2.000
9	28	2.980	2.000	2.010
9	29	2.980	2.000	2.000
9	30	2.980	2.000	2.000
9	31	2.980	2.000	2.010
9	32	2.980	2.000	2.000
9	33	2.980	2.000	1.962
9	34	2.980	2.000	1.975
9	35	2.980	2.000	2.010
9	36	2.980	2.000	2.010
9	37	2.980	2.000	2.000
9	38	2.980	2.000	2.000
9	39	2.980	2.000	2.010
9	40	2.980	2.000	1.959
9	41	2.980	2.000	1.990
9	42	2.980	2.000	2.000
9	43	2.980	2.000	1.990
9	44	2.980	2.000	1.990
9	45	2.980	2.000	1.990
9	46	2.980	2.000	1.990
9	47	2.980	2.000	2.000
9	48	2.980	2.000	2.000
9	49	2.980	2.000	2.000
9	50	2.980	2.000	2.010
Executing FF Gene Output
9	B	2.98

10	1	2.980	1.730	1.359
10	2	2.980	1.980	1.949
10	3	2.980	2.000	1.992
10	4	2.980	2.000	2.005
10	5	2.980	1.990	2.008
10	6	2.980	1.980	2.002
10	7	2.980	1.990	2.008
10	8	2.980	1.990	2.008
10	9	2.980	1.970	2.002
10	10	2.980	2.000	2.010
10	11	2.980	2.000	2.010
10	12	2.980	1.980	2.000
10	13	2.980	1.990	2.008
10	14	2.980	1.970	2.002
10	15	2.980	2.000	2.010
10	16	2.980	2.000	2.000
10	17	2.980	1.990	1.987
10	18	2.980	2.000	1.980
10	19	2.980	2.000	2.010
10	20	2.980	1.990	1.987
10	21	2.980	2.000	2.010
10	22	2.980	1.990	1.997
10	23	2.980	1.990	2.008
10	24	2.980	1.990	1.997
10	25	2.980	2.000	2.010
10	26	2.980	2.000	2.000
10	27	2.980	1.990	2.008
10	28	2.980	1.980	2.005
10	29	2.980	2.000	2.010
10	30	2.980	2.000	2.010
10	31	2.980	1.990	1.997
10	32	2.980	2.000	2.000
10	33	2.980	2.000	1.959
10	34	2.980	2.000	1.990
10	35	2.980	2.000	1.990
10	36	2.980	2.000	1.990
10	37	2.980	1.980	1.995
10	38	2.980	2.000	2.010
10	39	2.980	2.000	2.010
10	40	2.980	1.990	2.005
10	41	2.980	2.000	2.000
10	42	2.980	2.000	1.990
10	43	2.980	2.000	2.000
10	44	2.980	2.000	2.000
10	45	2.980	1.990	2.008
10	46	2.980	2.000	2.010
10	47	2.980	2.000	2.010
10	48	2.980	2.000	2.010
10	49	2.980	2.000	2.010
10	50	2.980	2.000	2.010
Executing FF Gene Output
10	B	2.98

11	1	2.980	1.750	1.399
11	2	2.980	1.970	1.875
11	3	2.980	2.000	1.980
11	4	2.980	2.000	2.010
11	5	2.980	1.990	2.005
11	6	2.980	2.000	2.000
11	7	2.980	1.990	1.992
11	8	2.980	1.990	2.002
11	9	2.980	2.000	2.010
11	10	2.980	1.990	2.002
11	11	2.980	1.980	1.995
11	12	2.980	2.000	2.010
11	13	2.980	1.980	1.995
11	14	2.980	1.990	2.002
11	15	2.980	1.990	2.002
11	16	2.980	2.000	2.010
11	17	2.980	1.990	2.002
11	18	2.980	2.000	2.010
11	19	2.980	1.990	2.002
11	20	2.980	2.000	2.000
11	21	2.980	1.990	2.002
11	22	2.980	1.990	2.002
11	23	2.980	2.000	2.010
11	24	2.980	2.000	2.010
11	25	2.980	1.980	1.995
11	26	2.980	1.990	2.002
11	27	2.980	1.980	1.995
11	28	2.980	1.990	2.002
11	29	2.980	1.990	1.992
11	30	2.980	1.980	1.995
11	31	2.980	1.990	2.002
11	32	2.980	1.990	2.002
11	33	2.980	1.990	2.002
11	34	2.980	2.000	2.010
11	35	2.980	1.990	2.002
11	36	2.980	2.000	2.010
11	37	2.980	1.980	1.995
11	38	2.980	1.990	2.002
11	39	2.980	2.000	2.010
11	40	2.980	1.960	1.979
11	41	2.980	1.990	2.002
11	42	2.980	1.990	2.002
11	43	2.980	1.990	2.002
11	44	2.980	2.000	2.010
11	45	2.980	2.000	2.010
11	46	2.980	1.990	2.002
11	47	2.980	2.000	2.010
11	48	2.980	2.000	2.010
11	49	2.980	1.990	2.002
11	50	2.980	1.970	1.987
Executing FF Gene Output
11	B	2.98

12	1	2.980	1.710	1.332
12	2	2.980	1.940	1.860
12	3	2.980	1.980	1.982
12	4	2.980	2.000	2.000
12	5	2.980	2.000	1.995
12	6	2.980	2.000	2.010
12	7	2.980	2.000	1.995
12	8	2.980	2.000	1.995
12	9	2.980	2.000	2.003
12	10	2.980	2.000	2.010
12	11	2.980	2.000	2.003
12	12	2.980	2.000	2.003
12	13	2.980	2.000	2.003
12	14	2.980	2.000	2.003
12	15	2.980	2.000	2.003
12	16	2.980	2.000	1.995
12	17	2.980	2.000	1.995
12	18	2.980	2.000	2.003
12	19	2.980	2.000	1.995
12	20	2.980	2.000	1.995
12	21	2.980	2.000	1.980
12	22	2.980	2.000	2.003
12	23	2.980	2.000	2.010
12	24	2.980	2.000	1.995
12	25	2.980	2.000	2.010
12	26	2.980	2.000	2.010
12	27	2.980	2.000	1.987
12	28	2.980	2.000	1.995
12	29	2.980	2.000	2.010
12	30	2.980	2.000	2.010
12	31	2.980	2.000	1.995
12	32	2.980	2.000	2.010
12	33	2.980	2.000	1.987
12	34	2.980	2.000	1.987
12	35	2.980	2.000	2.010
12	36	2.980	2.000	2.003
12	37	2.980	2.000	1.995
12	38	2.980	2.000	1.995
12	39	2.980	2.000	1.995
12	40	2.980	2.000	1.980
12	41	2.980	2.000	1.995
12	42	2.980	2.000	1.995
12	43	2.980	2.000	1.980
12	44	2.980	2.000	1.995
12	45	2.980	2.000	2.003
12	46	2.980	2.000	2.003
12	47	2.980	2.000	2.000
12	48	2.980	2.000	2.000
12	49	2.980	2.000	2.003
12	50	2.980	2.000	1.995
Executing FF Gene Output
12	B	2.98

13	1	2.980	1.680	1.329
13	2	2.980	1.880	1.866
13	3	2.980	1.990	1.987
13	4	2.980	1.990	2.005
13	5	2.980	1.990	2.005
13	6	2.980	2.000	2.010
13	7	2.980	1.990	2.005
13	8	2.980	2.000	2.010
13	9	2.980	2.000	2.010
13	10	2.980	1.990	2.005
13	11	2.980	1.990	2.005
13	12	2.980	1.970	1.995
13	13	2.980	1.980	2.000
13	14	2.980	1.980	2.000
13	15	2.980	1.960	1.989
13	16	2.980	1.960	1.989
13	17	2.980	1.990	2.005
13	18	2.980	1.990	2.005
13	19	2.980	2.000	2.010
13	20	2.980	2.000	2.010
13	21	2.980	2.000	2.010
13	22	2.980	1.990	2.005
13	23	2.980	2.000	2.010
13	24	2.980	1.990	2.005
13	25	2.980	1.980	2.000
13	26	2.980	2.000	2.010
13	27	2.980	2.000	2.010
13	28	2.980	1.980	2.000
13	29	2.980	1.960	1.989
13	30	2.980	1.990	2.005
13	31	2.980	1.980	2.000
13	32	2.980	1.970	1.995
13	33	2.980	1.990	2.005
13	34	2.980	1.980	2.000
13	35	2.980	1.990	2.005
13	36	2.980	2.000	2.010
13	37	2.980	2.000	2.010
13	38	2.980	1.980	2.000
13	39	2.980	1.970	1.995
13	40	2.980	2.000	2.010
13	41	2.980	1.980	2.000
13	42	2.980	1.990	2.005
13	43	2.980	2.000	2.010
13	44	2.980	2.000	2.010
13	45	2.980	1.990	2.005
13	46	2.980	1.990	2.005
13	47	2.980	1.990	2.005
13	48	2.980	1.990	2.005
13	49	2.980	1.990	2.005
13	50	2.980	1.980	2.000
Executing FF Gene Output
13	B	2.98

14	1	2.980	1.750	1.254
14	2	2.980	1.910	1.878
14	3	2.980	1.980	1.972
14	4	2.980	1.990	2.008
14	5	2.980	2.000	2.010
14	6	2.980	2.000	1.995
14	7	2.980	2.000	2.010
14	8	2.980	2.000	2.003
14	9	2.980	2.000	1.995
14	10	2.980	2.000	1.987
14	11	2.980	2.000	2.010
14	12	2.980	2.000	2.003
14	13	2.980	2.000	1.995
14	14	2.980	2.000	2.010
14	15	2.980	2.000	2.010
14	16	2.980	2.000	1.995
14	17	2.980	2.000	2.003
14	18	2.980	2.000	2.010
14	19	2.980	2.000	2.003
14	20	2.980	2.000	2.005
14	21	2.980	2.000	2.010
14	22	2.980	2.000	1.990
14	23	2.980	2.000	1.990
14	24	2.980	2.000	1.969
14	25	2.980	1.990	2.008
14	26	2.980	1.980	2.005
14	27	2.980	1.980	2.005
14	28	2.980	2.000	2.010
14	29	2.980	2.000	2.010
14	30	2.980	1.990	1.997
14	31	2.980	2.000	2.000
14	32	2.980	2.000	2.000
14	33	2.980	2.000	2.000
14	34	2.980	2.000	1.990
14	35	2.980	1.990	2.008
14	36	2.980	2.000	2.000
14	37	2.980	2.000	2.010
14	38	2.980	1.990	2.008
14	39	2.980	2.000	2.010
14	40	2.980	2.000	2.010
14	41	2.980	2.000	2.010
14	42	2.980	2.000	2.000
14	43	2.980	1.990	2.008
14	44	2.980	1.990	2.008
14	45	2.980	2.000	2.000
14	46	2.980	2.000	1.980
14	47	2.980	2.000	2.010
14	48	2.980	2.000	2.010
14	49	2.980	2.000	2.000
14	50	2.980	2.000	2.010
Executing FF Gene Output
14	B	2.98

15	1	2.980	1.750	1.294
15	2	2.980	1.920	1.881
15	3	2.980	2.000	2.000
15	4	2.980	2.000	1.969
15	5	2.980	2.000	1.959
15	6	2.980	2.000	1.938
15	7	2.980	2.000	1.959
15	8	2.980	2.000	1.990
15	9	2.980	2.000	2.000
15	10	2.980	2.000	2.010
15	11	2.980	2.000	2.010
15	12	2.980	2.000	2.000
15	13	2.980	2.000	1.990
15	14	2.980	2.000	1.990
15	15	2.980	2.000	2.010
15	16	2.980	2.000	2.003
15	17	2.980	2.000	2.003
15	18	2.980	2.000	2.003
15	19	2.980	2.000	1.995
15	20	2.980	2.000	2.003
15	21	2.980	2.000	1.995
15	22	2.980	2.000	2.003
15	23	2.980	2.000	1.995
15	24	2.980	2.000	2.010
15	25	2.980	2.000	2.003
15	26	2.980	2.000	1.995
15	27	2.980	2.000	1.995
15	28	2.980	2.000	2.003
15	29	2.980	2.000	1.995
15	30	2.980	2.000	2.010
15	31	2.980	2.000	2.010
15	32	2.980	2.000	1.995
15	33	2.980	2.000	2.010
15	34	2.980	2.000	2.003
15	35	2.980	2.000	1.995
15	36	2.980	2.000	1.995
15	37	2.980	2.000	2.010
15	38	2.980	2.000	2.003
15	39	2.980	2.000	2.010
15	40	2.980	2.000	2.010
15	41	2.980	2.000	2.003
15	42	2.980	2.000	2.003
15	43	2.980	2.000	2.010
15	44	2.980	2.000	2.010
15	45	2.980	2.000	2.010
15	46	2.980	2.000	1.987
15	47	2.980	2.000	1.987
15	48	2.980	2.000	2.003
15	49	2.980	2.000	2.003
15	50	2.980	2.000	2.010
Executing FF Gene Output
15	B	2.98

16	1	2.980	1.750	1.381
16	2	2.980	1.900	1.859
16	3	2.980	1.960	1.961
16	4	2.980	1.990	1.962
16	5	2.980	2.000	1.980
16	6	2.980	2.000	2.000
16	7	2.980	2.000	2.010
16	8	2.980	2.000	2.000
16	9	2.980	2.000	2.010
16	10	2.980	2.000	2.000
16	11	2.980	1.990	2.008
16	12	2.980	2.000	1.990
16	13	2.980	2.000	2.000
16	14	2.980	2.000	2.010
16	15	2.980	2.000	2.010
16	16	2.980	2.000	2.000
16	17	2.980	2.000	2.010
16	18	2.980	2.000	2.000
16	19	2.980	2.000	2.010
16	20	2.980	2.000	2.000
16	21	2.980	2.000	2.010
16	22	2.980	2.000	2.010
16	23	2.980	2.000	2.000
16	24	2.980	2.000	1.990
16	25	2.980	2.000	1.990
16	26	2.980	2.000	1.990
16	27	2.980	2.000	2.000
16	28	2.980	2.000	1.990
16	29	2.980	2.000	2.000
16	30	2.980	2.000	2.000
16	31	2.980	2.000	2.010
16	32	2.980	2.000	2.000
16	33	2.980	2.000	1.990
16	34	2.980	2.000	2.000
16	35	2.980	2.000	2.010
16	36	2.980	2.000	2.000
16	37	2.980	2.000	1.990
16	38	2.980	2.000	2.010
16	39	2.980	2.000	1.990
16	40	2.980	2.000	2.000
16	41	2.980	2.000	1.980
16	42	2.980	2.000	1.980
16	43	2.980	2.000	2.000
16	44	2.980	2.000	2.000
16	45	2.980	2.000	2.010
16	46	2.980	2.000	1.990
16	47	2.980	2.000	1.990
16	48	2.980	1.990	2.002
16	49	2.980	1.980	2.005
16	50	2.980	1.990	2.002
Executing FF Gene Output
16	B	2.98

17	1	2.980	1.790	1.413
17	2	2.980	1.960	1.888
17	3	2.980	1.990	1.941
17	4	2.980	2.000	1.982
17	5	2.980	2.000	1.972
17	6	2.980	2.000	1.990
17	7	2.980	2.000	1.985
17	8	2.980	2.000	1.980
17	9	2.980	2.000	1.972
17	10	2.980	2.000	1.987
17	11	2.980	2.000	2.003
17	12	2.980	2.000	1.992
17	13	2.980	2.000	2.010
17	14	2.980	2.000	2.000
17	15	2.980	2.000	2.003
17	16	2.980	2.000	2.010
17	17	2.980	2.000	2.000
17	18	2.980	2.000	2.010
17	19	2.980	2.000	1.995
17	20	2.980	2.000	2.003
17	21	2.980	2.000	1.992
17	22	2.980	2.000	2.000
17	23	2.980	2.000	2.000
17	24	2.980	2.000	2.010
17	25	2.980	2.000	2.010
17	26	2.980	2.000	2.003
17	27	2.980	2.000	2.010
17	28	2.980	2.000	2.003
17	29	2.980	2.000	2.010
17	30	2.980	2.000	1.990
17	31	2.980	1.990	1.992
17	32	2.980	2.000	1.992
17	33	2.980	2.000	2.010
17	34	2.980	2.000	2.010
17	35	2.980	2.000	2.000
17	36	2.980	2.000	1.995
17	37	2.980	2.000	2.005
17	38	2.980	2.000	2.005
17	39	2.980	2.000	2.005
17	40	2.980	2.000	2.010
17	41	2.980	2.000	2.010
17	42	2.980	2.000	2.010
17	43	2.980	2.000	2.010
17	44	2.980	2.000	2.005
17	45	2.980	2.000	2.005
17	46	2.980	2.000	2.000
17	47	2.980	2.000	1.990
17	48	2.980	2.000	1.990
17	49	2.980	2.000	2.000
17	50	2.980	2.000	2.005
Executing FF Gene Output
17	B	2.98

18	1	2.980	1.790	1.369
18	2	2.980	1.960	1.920
18	3	2.980	1.980	1.941
18	4	2.980	1.990	1.980
18	5	2.980	2.000	2.010
18	6	2.980	2.000	2.010
18	7	2.980	1.980	2.000
18	8	2.980	1.970	1.995
18	9	2.980	1.990	2.005
18	10	2.980	1.990	2.005
18	11	2.980	1.970	1.995
18	12	2.980	1.970	1.995
18	13	2.980	2.000	2.010
18	14	2.980	1.990	2.005
18	15	2.980	2.000	2.010
18	16	2.980	2.000	2.010
18	17	2.980	2.000	2.010
18	18	2.980	1.970	1.995
18	19	2.980	1.960	1.989
18	20	2.980	1.990	2.005
18	21	2.980	1.970	1.995
18	22	2.980	2.000	2.010
18	23	2.980	2.000	2.010
18	24	2.980	2.000	2.010
18	25	2.980	1.980	2.000
18	26	2.980	1.960	1.989
18	27	2.980	2.000	2.010
18	28	2.980	2.000	2.010
18	29	2.980	1.990	2.005
18	30	2.980	1.990	2.005
18	31	2.980	1.990	2.005
18	32	2.980	2.000	2.010
18	33	2.980	1.980	2.000
18	34	2.980	1.980	2.000
18	35	2.980	1.980	2.000
18	36	2.980	1.990	2.005
18	37	2.980	1.980	2.000
18	38	2.980	2.000	2.010
18	39	2.980	2.000	2.010
18	40	2.980	1.990	2.005
18	41	2.980	1.980	2.002
18	42	2.980	1.980	2.005
18	43	2.980	1.990	2.008
18	44	2.980	2.000	2.010
18	45	2.980	2.000	2.010
18	46	2.980	1.980	2.005
18	47	2.980	2.000	2.010
18	48	2.980	1.970	2.002
18	49	2.980	2.000	2.010
18	50	2.980	2.000	2.010
Executing FF Gene Output
18	B	2.98

19	1	2.980	1.710	1.328
19	2	2.980	1.960	1.904
19	3	2.980	2.000	2.000
19	4	2.980	1.990	1.985
19	5	2.980	1.990	1.985
19	6	2.980	2.000	2.000
19	7	2.980	2.000	2.000
19	8	2.980	2.000	2.010
19	9	2.980	2.000	2.010
19	10	2.980	2.000	2.000
19	11	2.980	2.000	2.000
19	12	2.980	2.000	2.010
19	13	2.980	2.000	2.010
19	14	2.980	2.000	2.010
19	15	2.980	2.000	2.010
19	16	2.980	2.000	2.010
19	17	2.980	2.000	2.000
19	18	2.980	2.000	2.010
19	19	2.980	2.000	2.000
19	20	2.980	2.000	2.010
19	21	2.980	2.000	2.010
19	22	2.980	2.000	2.010
19	23	2.980	2.000	1.990
19	24	2.980	2.000	2.000
19	25	2.980	2.000	2.000
19	26	2.980	2.000	1.990
19	27	2.980	2.000	2.000
19	28	2.980	2.000	1.980
19	29	2.980	2.000	2.000
19	30	2.980	2.000	1.990
19	31	2.980	2.000	2.000
19	32	2.980	2.000	1.969
19	33	2.980	2.000	1.980
19	34	2.980	2.000	1.990
19	35	2.980	2.000	2.003
19	36	2.980	2.000	1.972
19	37	2.980	2.000	2.010
19	38	2.980	2.000	1.990
19	39	2.980	2.000	2.010
19	40	2.980	2.000	2.000
19	41	2.980	2.000	1.980
19	42	2.980	2.000	1.990
19	43	2.980	2.000	2.000
19	44	2.980	2.000	2.010
19	45	2.980	2.000	2.010
19	46	2.980	2.000	1.990
19	47	2.980	2.000	2.010
19	48	2.980	2.000	2.000
19	49	2.980	2.000	2.000
19	50	2.980	2.000	1.990
Executing FF Gene Output
19	B	2.98

20	1	2.980	1.810	1.372
20	2	2.980	1.980	1.853
20	3	2.980	1.990	1.992
20	4	2.980	2.000	2.005
20	5	2.980	1.980	2.005
20	6	2.980	2.000	2.010
20	7	2.980	2.000	2.010
20	8	2.980	1.990	1.987
20	9	2.980	2.000	1.990
20	10	2.980	2.000	1.990
20	11	2.980	2.000	2.010
20	12	2.980	2.000	2.000
20	13	2.980	2.000	2.000
20	14	2.980	2.000	1.990
20	15	2.980	2.000	1.990
20	16	2.980	2.000	1.990
20	17	2.980	2.000	2.000
20	18	2.980	2.000	2.000
20	19	2.980	2.000	2.000
20	20	2.980	2.000	2.000
20	21	2.980	2.000	2.000
20	22	2.980	2.000	2.010
20	23	2.980	2.000	2.000
20	24	2.980	2.000	2.010
20	25	2.980	2.000	2.000
20	26	2.980	2.000	2.000
20	27	2.980	2.000	2.010
20	28	2.980	2.000	2.000
20	29	2.980	2.000	1.969
20	30	2.980	2.000	2.000
20	31	2.980	2.000	2.000
20	32	2.980	2.000	2.000
20	33	2.980	2.000	2.000
20	34	2.980	2.000	1.990
20	35	2.980	2.000	2.000
20	36	2.980	2.000	2.000
20	37	2.980	2.000	2.010
20	38	2.980	2.000	2.000
20	39	2.980	2.000	2.000
20	40	2.980	2.000	2.010
20	41	2.980	2.000	1.990
20	42	2.980	2.000	2.000
20	43	2.980	2.000	1.990
20	44	2.980	2.000	1.990
20	45	2.980	2.000	2.010
20	46	2.980	2.000	2.000
20	47	2.980	2.000	2.010
20	48	2.980	2.000	2.010
20	49	2.980	2.000	2.000
20	50	2.980	2.000	2.010
Executing FF Gene Output
20	B	2.98

21	1	2.980	1.580	1.288
21	2	2.980	1.920	1.870
21	3	2.980	1.990	1.995
21	4	2.980	1.990	1.992
21	5	2.980	2.000	2.010
21	6	2.980	2.000	1.969
21	7	2.980	2.000	1.990
21	8	2.980	2.000	1.990
21	9	2.980	2.000	1.990
21	10	2.980	2.000	1.969
21	11	2.980	1.990	1.982
21	12	2.980	2.000	2.000
21	13	2.980	2.000	2.000
21	14	2.980	2.000	2.000
21	15	2.980	2.000	2.000
21	16	2.980	2.000	1.990
21	17	2.980	2.000	2.010
21	18	2.980	2.000	2.010
21	19	2.980	2.000	2.000
21	20	2.980	2.000	2.000
21	21	2.980	2.000	2.010
21	22	2.980	2.000	1.990
21	23	2.980	2.000	2.000
21	24	2.980	2.000	1.990
21	25	2.980	2.000	2.000
21	26	2.980	2.000	1.980
21	27	2.980	2.000	2.000
21	28	2.980	2.000	2.010
21	29	2.980	2.000	2.000
21	30	2.980	2.000	1.990
21	31	2.980	2.000	1.992
21	32	2.980	2.000	2.000
21	33	2.980	2.000	2.010
21	34	2.980	2.000	1.990
21	35	2.980	2.000	1.990
21	36	2.980	2.000	1.990
21	37	2.980	2.000	2.000
21	38	2.980	2.000	1.969
21	39	2.980	2.000	1.980
21	40	2.980	2.000	2.000
21	41	2.980	2.000	1.990
21	42	2.980	2.000	1.980
21	43	2.980	2.000	1.982
21	44	2.980	2.000	2.003
21	45	2.980	2.000	2.010
21	46	2.980	2.000	1.987
21	47	2.980	2.000	1.995
21	48	2.980	2.000	2.010
21	49	2.980	2.000	2.010
21	50	2.980	2.000	1.995
Executing FF Gene Output
21	B	2.98

22	1	2.980	1.710	1.391
22	2	2.980	1.970	1.917
22	3	2.980	1.980	1.974
22	4	2.980	2.000	2.010
22	5	2.980	2.000	2.010
22	6	2.980	2.000	1.997
22	7	2.980	2.000	1.995
22	8	2.980	2.000	1.990
22	9	2.980	2.000	1.987
22	10	2.980	2.000	1.980
22	11	2.980	2.000	2.003
22	12	2.980	2.000	1.990
22	13	2.980	2.000	1.985
22	14	2.980	2.000	2.003
22	15	2.980	2.000	2.010
22	16	2.980	2.000	2.000
22	17	2.980	2.000	1.969
22	18	2.980	2.000	1.990
22	19	2.980	2.000	1.990
22	20	2.980	2.000	1.990
22	21	2.980	2.000	2.000
22	22	2.980	2.000	2.000
22	23	2.980	2.000	2.010
22	24	2.980	2.000	1.969
22	25	2.980	2.000	2.000
22	26	2.980	2.000	1.980
22	27	2.980	2.000	2.010
22	28	2.980	2.000	2.010
22	29	2.980	2.000	1.990
22	30	2.980	2.000	1.990
22	31	2.980	2.000	1.969
22	32	2.980	2.000	2.000
22	33	2.980	2.000	2.010
22	34	2.980	2.000	2.000
22	35	2.980	2.000	2.010
22	36	2.980	2.000	2.010
22	37	2.980	2.000	2.010
22	38	2.980	2.000	2.010
22	39	2.980	2.000	2.000
22	40	2.980	2.000	2.010
22	41	2.980	2.000	1.990
22	42	2.980	2.000	2.010
22	43	2.980	2.000	2.010
22	44	2.980	2.000	2.000
22	45	2.980	2.000	2.010
22	46	2.980	2.000	2.000
22	47	2.980	2.000	1.990
22	48	2.980	2.000	2.010
22	49	2.980	1.990	2.002
22	50	2.980	2.000	2.010
Executing FF Gene Output
22	B	2.98

23	1	2.980	1.640	1.367
23	2	2.980	1.930	1.860
23	3	2.980	1.960	1.966
23	4	2.980	1.990	1.992
23	5	2.980	2.000	1.982
23	6	2.980	2.000	2.003
23	7	2.980	2.000	1.995
23	8	2.980	2.000	2.010
23	9	2.980	2.000	2.003
23	10	2.980	2.000	2.010
23	11	2.980	2.000	2.003
23	12	2.980	2.000	1.995
23	13	2.980	2.000	2.003
23	14	2.980	2.000	1.980
23	15	2.980	2.000	1.987
23	16	2.980	2.000	2.010
23	17	2.980	2.000	2.003
23	18	2.980	2.000	1.995
23	19	2.980	2.000	1.995
23	20	2.980	2.000	2.003
23	21	2.980	2.000	2.010
23	22	2.980	2.000	2.010
23	23	2.980	2.000	2.010
23	24	2.980	2.000	2.003
23	25	2.980	2.000	2.003
23	26	2.980	2.000	2.005
23	27	2.980	2.000	2.003
23	28	2.980	2.000	1.987
23	29	2.980	2.000	2.003
23	30	2.980	2.000	2.003
23	31	2.980	2.000	1.995
23	32	2.980	2.000	2.010
23	33	2.980	2.000	2.003
23	34	2.980	2.000	2.010
23	35	2.980	2.000	2.010
23	36	2.980	2.000	2.010
23	37	2.980	2.000	2.003
23	38	2.980	2.000	2.003
23	39	2.980	2.000	1.995
23	40	2.980	2.000	1.985
23	41	2.980	2.000	1.964
23	42	2.980	2.000	1.972
23	43	2.980	2.000	1.990
23	44	2.980	2.000	2.010
23	45	2.980	2.000	2.010
23	46	2.980	2.000	1.992
23	47	2.980	2.000	1.992
23	48	2.980	2.000	1.980
23	49	2.980	2.000	2.010
23	50	2.980	2.000	1.990
Executing FF Gene Output
23	B	2.98

24	1	2.980	1.810	1.342
24	2	2.980	1.950	1.901
24	3	2.980	1.980	1.990
24	4	2.980	1.990	2.008
24	5	2.980	2.000	2.010
24	6	2.980	2.000	2.000
24	7	2.980	1.980	2.005
24	8	2.980	1.990	2.008
24	9	2.980	1.990	2.008
24	10	2.980	2.000	2.010
24	11	2.980	1.980	2.005
24	12	2.980	1.980	2.005
24	13	2.980	2.000	2.010
24	14	2.980	2.000	2.000
24	15	2.980	2.000	2.000
24	16	2.980	1.990	2.008
24	17	2.980	1.990	2.008
24	18	2.980	1.990	2.008
24	19	2.980	1.980	2.005
24	20	2.980	1.980	2.005
24	21	2.980	2.000	2.010
24	22	2.980	2.000	2.010
24	23	2.980	2.000	2.010
24	24	2.980	1.990	2.008
24	25	2.980	1.980	2.005
24	26	2.980	1.980	2.005
24	27	2.980	1.990	2.008
24	28	2.980	1.990	2.008
24	29	2.980	2.000	2.010
24	30	2.980	1.990	2.008
24	31	2.980	1.980	2.005
24	32	2.980	2.000	2.010
24	33	2.980	2.000	2.010
24	34	2.980	1.980	2.005
24	35	2.980	1.960	2.000
24	36	2.980	1.990	2.008
24	37	2.980	1.990	2.008
24	38	2.980	2.000	2.010
24	39	2.980	2.000	2.010
24	40	2.980	1.980	2.005
24	41	2.980	1.980	2.005
24	42	2.980	1.970	2.002
24	43	2.980	1.990	2.008
24	44	2.980	1.990	2.008
24	45	2.980	1.990	2.008
24	46	2.980	2.000	2.010
24	47	2.980	1.980	2.005
24	48	2.980	1.980	2.005
24	49	2.980	1.990	2.008
24	50	2.980	1.970	2.002
Executing FF Gene Output
24	B	2.98

25	1	2.980	1.770	1.313
25	2	2.980	1.970	1.896
25	3	2.980	1.990	1.980
25	4	2.980	2.000	1.980
25	5	2.980	2.000	1.990
25	6	2.980	2.000	1.962
25	7	2.980	2.000	1.990
25	8	2.980	2.000	2.010
25	9	2.980	2.000	2.010
25	10	2.980	2.000	2.000
25	11	2.980	2.000	2.010
25	12	2.980	2.000	2.010
25	13	2.980	2.000	2.000
25	14	2.980	2.000	2.000
25	15	2.980	2.000	1.969
25	16	2.980	2.000	1.990
25	17	2.980	2.000	1.990
25	18	2.980	2.000	2.000
25	19	2.980	2.000	1.990
25	20	2.980	2.000	2.000
25	21	2.980	2.000	2.000
25	22	2.980	2.000	2.000
25	23	2.980	2.000	2.010
25	24	2.980	2.000	2.010
25	25	2.980	2.000	2.000
25	26	2.980	2.000	2.000
25	27	2.980	2.000	1.990
25	28	2.980	2.000	2.000
25	29	2.980	2.000	2.000
25	30	2.980	2.000	1.990
25	31	2.980	2.000	1.990
25	32	2.980	2.000	2.000
25	33	2.980	2.000	2.000
25	34	2.980	2.000	2.010
25	35	2.980	2.000	2.000
25	36	2.980	1.990	1.987
25	37	2.980	1.990	1.997
25	38	2.980	2.000	1.990
25	39	2.980	2.000	2.010
25	40	2.980	2.000	2.000
25	41	2.980	2.000	2.000
25	42	2.980	2.000	2.000
25	43	2.980	2.000	2.000
25	44	2.980	2.000	2.000
25	45	2.980	2.000	2.010
25	46	2.980	2.000	2.010
25	47	2.980	2.000	2.000
25	48	2.980	2.000	2.000
25	49	2.980	2.000	2.010
25	50	2.980	2.000	1.990
Executing FF Gene Output
25	B	2.98

26	1	2.980	1.690	1.383
26	2	2.980	1.920	1.918
26	3	2.980	1.970	1.987
26	4	2.980	2.000	2.010
26	5	2.980	2.000	2.010
26	6	2.980	2.000	2.010
26	7	2.980	2.000	2.010
26	8	2.980	2.000	2.000
26	9	2.980	2.000	2.000
26	10	2.980	2.000	2.010
26	11	2.980	2.000	2.000
26	12	2.980	2.000	1.980
26	13	2.980	2.000	1.969
26	14	2.980	2.000	2.000
26	15	2.980	2.000	2.000
26	16	2.980	2.000	2.000
26	17	2.980	2.000	2.010
26	18	2.980	2.000	1.990
26	19	2.980	2.000	1.992
26	20	2.980	2.000	2.000
26	21	2.980	2.000	2.000
26	22	2.980	2.000	2.010
26	23	2.980	2.000	2.000
26	24	2.980	2.000	2.000
26	25	2.980	2.000	2.010
26	26	2.980	2.000	1.980
26	27	2.980	2.000	2.000
26	28	2.980	2.000	1.980
26	29	2.980	2.000	1.980
26	30	2.980	2.000	2.010
26	31	2.980	2.000	2.010
26	32	2.980	2.000	2.010
26	33	2.980	2.000	2.010
26	34	2.980	2.000	2.010
26	35	2.980	2.000	1.992
26	36	2.980	2.000	1.980
26	37	2.980	2.000	2.000
26	38	2.980	2.000	2.000
26	39	2.980	2.000	2.010
26	40	2.980	2.000	2.010
26	41	2.980	2.000	1.990
26	42	2.980	2.000	2.000
26	43	2.980	2.000	2.000
26	44	2.980	2.000	1.969
26	45	2.980	2.000	1.980
26	46	2.980	2.000	2.010
26	47	2.980	2.000	2.010
26	48	2.980	2.000	2.000
26	49	2.980	2.000	2.010
26	50	2.980	2.000	2.010
Executing FF Gene Output
26	B	2.98

27	1	2.980	1.710	1.445
27	2	2.980	1.860	1.872
27	3	2.980	1.960	1.982
27	4	2.980	2.000	2.000
27	5	2.980	2.000	1.992
27	6	2.980	2.000	2.003
27	7	2.980	2.000	2.003
27	8	2.980	2.000	2.010
27	9	2.980	2.000	2.003
27	10	2.980	2.000	1.992
27	11	2.980	2.000	2.000
27	12	2.980	2.000	1.995
27	13	2.980	2.000	1.995
27	14	2.980	2.000	1.975
27	15	2.980	2.000	1.982
27	16	2.980	2.000	1.990
27	17	2.980	2.000	2.003
27	18	2.980	2.000	2.000
27	19	2.980	2.000	2.000
27	20	2.980	2.000	1.957
27	21	2.980	2.000	1.982
27	22	2.980	2.000	2.000
27	23	2.980	2.000	1.987
27	24	2.980	2.000	1.985
27	25	2.980	2.000	1.980
27	26	2.980	2.000	2.010
27	27	2.980	2.000	1.990
27	28	2.980	2.000	1.990
27	29	2.980	2.000	1.990
27	30	2.980	2.000	1.980
27	31	2.980	2.000	1.990
27	32	2.980	1.990	1.992
27	33	2.980	2.000	2.010
27	34	2.980	2.000	2.000
27	35	2.980	2.000	2.000
27	36	2.980	2.000	2.000
27	37	2.980	1.990	2.002
27	38	2.980	1.980	1.995
27	39	2.980	1.990	2.002
27	40	2.980	1.980	1.995
27	41	2.980	1.970	1.987
27	42	2.980	1.990	2.002
27	43	2.980	2.000	2.010
27	44	2.980	1.980	1.995
27	45	2.980	1.990	2.002
27	46	2.980	1.990	2.002
27	47	2.980	2.000	2.010
27	48	2.980	1.990	2.002
27	49	2.980	1.970	1.987
27	50	2.980	2.000	2.003
Executing FF Gene Output
27	B	2.98

28	1	2.980	1.810	1.285
28	2	2.980	1.930	1.876
28	3	2.980	1.990	1.975
28	4	2.980	2.000	2.010
28	5	2.980	2.000	1.980
28	6	2.980	2.000	1.987
28	7	2.980	2.000	1.995
28	8	2.980	2.000	2.003
28	9	2.980	2.000	2.003
28	10	2.980	2.000	1.995
28	11	2.980	2.000	1.995
28	12	2.980	2.000	2.010
28	13	2.980	2.000	1.995
28	14	2.980	2.000	2.010
28	15	2.980	2.000	2.010
28	16	2.980	2.000	2.003
28	17	2.980	2.000	2.003
28	18	2.980	2.000	2.003
28	19	2.980	2.000	2.003
28	20	2.980	2.000	1.987
28	21	2.980	2.000	2.003
28	22	2.980	2.000	1.995
28	23	2.980	2.000	2.003
28	24	2.980	2.000	1.980
28	25	2.980	2.000	1.972
28	26	2.980	1.970	2.002
28	27	2.980	1.990	2.008
28	28	2.980	2.000	2.010
28	29	2.980	2.000	2.010
28	30	2.980	1.970	2.002
28	31	2.980	2.000	2.010
28	32	2.980	2.000	2.010
28	33	2.980	1.980	2.005
28	34	2.980	1.980	2.005
28	35	2.980	1.990	2.008
28	36	2.980	1.990	2.008
28	37	2.980	1.990	2.008
28	38	2.980	2.000	2.010
28	39	2.980	2.000	2.010
28	40	2.980	2.000	2.010
28	41	2.980	2.000	2.010
28	42	2.980	1.990	2.008
28	43	2.980	1.970	1.997
28	44	2.980	1.960	2.000
28	45	2.980	1.980	2.005
28	46	2.980	2.000	2.010
28	47	2.980	2.000	2.010
28	48	2.980	2.000	2.010
28	49	2.980	2.000	2.010
28	50	2.980	1.980	2.005
Executing FF Gene Output
28	B	2.98

29	1	2.980	1.770	1.196
29	2	2.980	1.980	1.928
29	3	2.980	1.980	1.990
29	4	2.980	2.000	2.010
29	5	2.980	1.990	2.002
29	6	2.980	1.990	2.002
29	7	2.980	1.990	2.002
29	8	2.980	1.980	1.995
29	9	2.980	1.970	1.987
29	10	2.980	1.970	1.990
29	11	2.980	1.990	2.002
29	12	2.980	2.000	2.010
29	13	2.980	1.980	1.995
29	14	2.980	2.000	2.010
29	15	2.980	2.000	2.010
29	16	2.980	2.000	2.010
29	17	2.980	1.980	1.995
29	18	2.980	2.000	2.010
29	19	2.980	1.980	1.995
29	20	2.980	1.950	1.971
29	21	2.980	1.990	2.002
29	22	2.980	1.990	2.005
29	23	2.980	1.990	2.002
29	24	2.980	1.990	2.002
29	25	2.980	1.990	2.005
29	26	2.980	2.000	2.010
29	27	2.980	2.000	2.010
29	28	2.980	1.990	2.002
29	29	2.980	2.000	2.010
29	30	2.980	2.000	2.010
29	31	2.980	1.980	1.995
29	32	2.980	1.990	2.002
29	33	2.980	1.990	2.002
29	34	2.980	2.000	2.010
29	35	2.980	1.980	1.995
29	36	2.980	2.000	2.010
29	37	2.980	1.980	1.995
29	38	2.980	1.990	2.002
29	39	2.980	2.000	2.010
29	40	2.980	1.990	2.002
29	41	2.980	1.990	2.002
29	42	2.980	1.980	1.995
29	43	2.980	1.980	1.995
29	44	2.980	1.980	1.995
29	45	2.980	1.970	1.987
29	46	2.980	1.950	1.971
29	47	2.980	1.990	2.002
29	48	2.980	1.970	1.987
29	49	2.980	1.960	1.979
29	50	2.980	1.950	1.971
Executing FF Gene Output
29	B	2.98

30	1	2.980	1.750	1.226
30	2	2.980	1.980	1.886
30	3	2.980	1.990	1.980
30	4	2.980	2.000	2.000
30	5	2.980	2.000	1.980
30	6	2.980	2.000	1.990
30	7	2.980	2.000	2.010
30	8	2.980	2.000	2.010
30	9	2.980	2.000	2.010
30	10	2.980	2.000	1.990
30	11	2.980	2.000	2.010
30	12	2.980	2.000	1.990
30	13	2.980	2.000	2.000
30	14	2.980	2.000	2.000
30	15	2.980	2.000	1.980
30	16	2.980	2.000	1.990
30	17	2.980	2.000	2.000
30	18	2.980	2.000	2.010
30	19	2.980	2.000	1.990
30	20	2.980	2.000	1.990
30	21	2.980	2.000	2.000
30	22	2.980	2.000	2.010
30	23	2.980	2.000	2.010
30	24	2.980	2.000	1.990
30	25	2.980	2.000	1.990
30	26	2.980	2.000	2.010
30	27	2.980	2.000	1.990
30	28	2.980	2.000	1.990
30	29	2.980	2.000	1.990
30	30	2.980	2.000	2.000
30	31	2.980	2.000	2.010
30	32	2.980	2.000	2.000
30	33	2.980	2.000	1.980
30	34	2.980	2.000	2.000
30	35	2.980	2.000	2.000
30	36	2.980	2.000	1.990
30	37	2.980	2.000	2.000
30	38	2.980	2.000	1.990
30	39	2.980	2.000	2.000
30	40	2.980	2.000	1.990
30	41	2.980	2.000	2.010
30	42	2.980	2.000	2.010
30	43	2.980	2.000	2.010
30	44	2.980	2.000	2.000
30	45	2.980	2.000	2.000
30	46	2.980	2.000	2.010
30	47	2.980	2.000	2.010
30	48	2.980	2.000	1.990
30	49	2.980	2.000	2.010
30	50	2.980	2.000	2.000
Executing FF Gene Output
30	B	2.98

31	1	2.980	1.700	1.231
31	2	2.980	1.950	1.877
31	3	2.980	1.990	1.972
31	4	2.980	2.000	2.005
31	5	2.980	2.000	2.000
31	6	2.980	2.000	2.010
31	7	2.980	2.000	2.010
31	8	2.980	1.990	1.977
31	9	2.980	2.000	2.010
31	10	2.980	2.000	1.990
31	11	2.980	2.000	2.010
31	12	2.980	2.000	2.000
31	13	2.980	2.000	2.000
31	14	2.980	2.000	2.000
31	15	2.980	2.000	2.000
31	16	2.980	2.000	1.990
31	17	2.980	2.000	2.000
31	18	2.980	1.970	2.002
31	19	2.980	1.990	2.008
31	20	2.980	1.980	2.005
31	21	2.980	2.000	2.010
31	22	2.980	2.000	2.010
31	23	2.980	2.000	2.010
31	24	2.980	1.990	2.008
31	25	2.980	2.000	2.010
31	26	2.980	2.000	2.010
31	27	2.980	2.000	2.010
31	28	2.980	1.990	2.008
31	29	2.980	2.000	2.010
31	30	2.980	1.990	2.008
31	31	2.980	1.980	2.005
31	32	2.980	2.000	2.010
31	33	2.980	1.990	1.997
31	34	2.980	1.990	2.008
31	35	2.980	1.980	2.005
31	36	2.980	1.990	2.008
31	37	2.980	1.970	2.002
31	38	2.980	2.000	2.010
31	39	2.980	1.990	2.008
31	40	2.980	2.000	2.010
31	41	2.980	1.980	2.005
31	42	2.980	1.990	2.008
31	43	2.980	1.990	2.008
31	44	2.980	2.000	2.010
31	45	2.980	2.000	2.010
31	46	2.980	1.990	2.008
31	47	2.980	2.000	2.010
31	48	2.980	1.990	2.008
31	49	2.980	1.990	2.008
31	50	2.980	1.990	2.008
Executing FF Gene Output
31	B	2.98

32	1	2.980	1.780	1.334
32	2	2.980	1.960	1.885
32	3	2.980	1.990	1.975
32	4	2.980	2.000	1.980
32	5	2.980	2.000	2.000
32	6	2.980	2.000	2.000
32	7	2.980	2.000	2.003
32	8	2.980	2.000	1.964
32	9	2.980	2.000	2.000
32	10	2.980	2.000	2.000
32	11	2.980	2.000	2.000
32	12	2.980	2.000	1.990
32	13	2.980	2.000	2.003
32	14	2.980	2.000	2.000
32	15	2.980	2.000	2.000
32	16	2.980	2.000	1.992
32	17	2.980	2.000	1.964
32	18	2.980	2.000	1.985
32	19	2.980	2.000	1.992
32	20	2.980	2.000	1.992
32	21	2.980	2.000	1.980
32	22	2.980	2.000	1.977
32	23	2.980	2.000	1.985
32	24	2.980	1.990	2.002
32	25	2.980	2.000	1.992
32	26	2.980	2.000	1.985
32	27	2.980	2.000	1.972
32	28	2.980	2.000	2.003
32	29	2.980	2.000	2.010
32	30	2.980	2.000	1.995
32	31	2.980	2.000	1.987
32	32	2.980	2.000	1.972
32	33	2.980	2.000	1.992
32	34	2.980	2.000	2.010
32	35	2.980	2.000	2.003
32	36	2.980	2.000	1.995
32	37	2.980	2.000	2.000
32	38	2.980	2.000	2.010
32	39	2.980	2.000	2.000
32	40	2.980	2.000	2.003
32	41	2.980	2.000	1.992
32	42	2.980	2.000	1.995
32	43	2.980	2.000	2.010
32	44	2.980	2.000	2.003
32	45	2.980	2.000	1.982
32	46	2.980	2.000	2.010
32	47	2.980	2.000	2.010
32	48	2.980	2.000	1.982
32	49	2.980	2.000	2.003
32	50	2.980	1.990	1.964
Executing FF Gene Output
32	B	2.98

33	1	2.980	1.750	1.222
33	2	2.980	1.940	1.869
33	3	2.980	1.990	1.985
33	4	2.980	2.000	2.000
33	5	2.980	2.000	2.000
33	6	2.980	1.990	2.005
33	7	2.980	1.980	2.000
33	8	2.980	1.990	2.005
33	9	2.980	2.000	2.010
33	10	2.980	2.000	2.010
33	11	2.980	1.980	2.000
33	12	2.980	1.990	1.995
33	13	2.980	2.000	2.010
33	14	2.980	1.990	2.005
33	15	2.980	1.970	1.995
33	16	2.980	1.970	1.995
33	17	2.980	1.960	1.989
33	18	2.980	2.000	2.010
33	19	2.980	2.000	2.010
33	20	2.980	1.980	2.000
33	21	2.980	1.970	1.997
33	22	2.980	1.980	2.000
33	23	2.980	1.990	2.005
33	24	2.980	2.000	2.010
33	25	2.980	1.990	2.005
33	26	2.980	2.000	2.010
33	27	2.980	2.000	2.010
33	28	2.980	2.000	2.010
33	29	2.980	1.980	2.000
33	30	2.980	1.970	1.995
33	31	2.980	2.000	2.010
33	32	2.980	1.990	2.005
33	33	2.980	1.990	2.005
33	34	2.980	1.980	2.000
33	35	2.980	1.990	1.985
33	36	2.980	1.990	2.002
33	37	2.980	2.000	2.000
33	38	2.980	2.000	1.990
33	39	2.980	2.000	2.010
33	40	2.980	2.000	1.990
33	41	2.980	2.000	1.980
33	42	2.980	2.000	1.990
33	43	2.980	2.000	1.980
33	44	2.980	2.000	2.000
33	45	2.980	2.000	2.000
33	46	2.980	2.000	1.990
33	47	2.980	2.000	1.990
33	48	2.980	2.000	1.990
33	49	2.980	2.000	2.010
33	50	2.980	1.990	2.002
Executing FF Gene Output
33	B	2.98

34	1	2.980	1.710	1.377
34	2	2.980	1.930	1.908
34	3	2.980	1.980	1.969
34	4	2.980	1.990	1.992
34	5	2.980	1.970	1.987
34	6	2.980	1.990	2.002
34	7	2.980	2.000	2.010
34	8	2.980	1.990	2.002
34	9	2.980	2.000	2.010
34	10	2.980	1.990	2.002
34	11	2.980	2.000	2.010
34	12	2.980	2.000	2.010
34	13	2.980	2.000	2.010
34	14	2.980	2.000	2.010
34	15	2.980	2.000	2.010
34	16	2.980	2.000	2.000
34	17	2.980	1.990	2.002
34	18	2.980	1.980	1.995
34	19	2.980	2.000	2.010
34	20	2.980	1.990	2.002
34	21	2.980	1.980	1.995
34	22	2.980	1.980	1.995
34	23	2.980	1.970	1.987
34	24	2.980	1.990	2.002
34	25	2.980	2.000	2.010
34	26	2.980	2.000	2.010
34	27	2.980	2.000	2.010
34	28	2.980	1.990	2.002
34	29	2.980	1.990	2.002
34	30	2.980	1.990	2.002
34	31	2.980	1.990	2.002
34	32	2.980	1.990	2.002
34	33	2.980	2.000	2.010
34	34	2.980	2.000	2.010
34	35	2.980	1.990	2.002
34	36	2.980	1.980	1.985
34	37	2.980	2.000	2.010
34	38	2.980	2.000	2.010
34	39	2.980	2.000	2.010
34	40	2.980	1.990	2.002
34	41	2.980	2.000	2.010
34	42	2.980	1.970	1.987
34	43	2.980	1.960	1.979
34	44	2.980	1.990	2.002
34	45	2.980	1.990	2.002
34	46	2.980	2.000	2.010
34	47	2.980	2.000	2.010
34	48	2.980	1.980	1.995
34	49	2.980	1.970	1.987
34	50	2.980	1.990	2.002
Executing FF Gene Output
34	B	2.98

35	1	2.980	1.660	1.434
35	2	2.980	1.890	1.901
35	3	2.980	1.980	1.974
35	4	2.980	2.000	1.987
35	5	2.980	2.000	2.003
35	6	2.980	2.000	1.987
35	7	2.980	2.000	2.003
35	8	2.980	2.000	1.995
35	9	2.980	2.000	1.980
35	10	2.980	2.000	1.987
35	11	2.980	2.000	2.003
35	12	2.980	2.000	2.003
35	13	2.980	2.000	2.010
35	14	2.980	2.000	2.010
35	15	2.980	2.000	2.003
35	16	2.980	2.000	2.003
35	17	2.980	2.000	2.003
35	18	2.980	2.000	2.003
35	19	2.980	2.000	2.003
35	20	2.980	2.000	1.995
35	21	2.980	2.000	2.010
35	22	2.980	2.000	2.003
35	23	2.980	2.000	2.010
35	24	2.980	2.000	1.987
35	25	2.980	2.000	2.003
35	26	2.980	2.000	1.995
35	27	2.980	2.000	2.003
35	28	2.980	2.000	2.010
35	29	2.980	2.000	1.995
35	30	2.980	2.000	2.010
35	31	2.980	2.000	2.003
35	32	2.980	2.000	1.995
35	33	2.980	2.000	1.987
35	34	2.980	2.000	2.010
35	35	2.980	2.000	2.010
35	36	2.980	2.000	1.995
35	37	2.980	1.990	2.008
35	38	2.980	2.000	2.003
35	39	2.980	2.000	1.995
35	40	2.980	2.000	2.003
35	41	2.980	2.000	2.003
35	42	2.980	2.000	2.003
35	43	2.980	2.000	2.003
35	44	2.980	2.000	1.987
35	45	2.980	2.000	1.992
35	46	2.980	2.000	2.010
35	47	2.980	2.000	1.987
35	48	2.980	1.990	1.992
35	49	2.980	2.000	1.995
35	50	2.980	2.000	2.010
Executing FF Gene Output
35	B	2.98

36	1	2.980	1.720	1.353
36	2	2.980	1.950	1.898
36	3	2.980	2.000	1.975
36	4	2.980	1.980	1.990
36	5	2.980	1.990	2.005
36	6	2.980	1.970	1.995
36	7	2.980	1.980	2.000
36	8	2.980	1.970	1.995
36	9	2.980	2.000	2.010
36	10	2.980	2.000	2.005
36	11	2.980	2.000	2.000
36	12	2.980	2.000	2.010
36	13	2.980	1.990	2.005
36	14	2.980	1.990	2.005
36	15	2.980	1.990	2.005
36	16	2.980	1.990	2.005
36	17	2.980	1.980	2.000
36	18	2.980	1.990	2.005
36	19	2.980	1.970	1.987
36	20	2.980	1.980	2.000
36	21	2.980	1.990	2.005
36	22	2.980	2.000	2.010
36	23	2.980	1.990	2.005
36	24	2.980	1.980	2.002
36	25	2.980	1.990	2.005
36	26	2.980	1.990	2.005
36	27	2.980	1.990	2.005
36	28	2.980	1.970	1.995
36	29	2.980	2.000	2.010
36	30	2.980	2.000	2.010
36	31	2.980	1.990	2.005
36	32	2.980	1.980	2.000
36	33	2.980	1.980	2.000
36	34	2.980	2.000	2.010
36	35	2.980	1.990	2.005
36	36	2.980	1.990	2.005
36	37	2.980	1.990	2.005
36	38	2.980	1.990	1.997
36	39	2.980	1.970	2.002
36	40	2.980	1.990	2.008
36	41	2.980	1.990	2.008
36	42	2.980	1.990	2.008
36	43	2.980	1.990	2.008
36	44	2.980	2.000	2.010
36	45	2.980	1.990	2.008
36	46	2.980	2.000	2.010
36	47	2.980	1.990	2.008
36	48	2.980	1.970	2.002
36	49	2.980	1.980	2.005
36	50	2.980	1.980	2.002
Executing FF Gene Output
36	B	2.98

37	1	2.980	1.790	1.343
37	2	2.980	1.980	1.872
37	3	2.980	2.000	1.990
37	4	2.980	2.000	2.005
37	5	2.980	2.000	2.005
37	6	2.980	2.000	2.000
37	7	2.980	2.000	2.005
37	8	2.980	2.000	1.995
37	9	2.980	2.000	2.010
37	10	2.980	2.000	2.000
37	11	2.980	2.000	2.005
37	12	2.980	2.000	2.005
37	13	2.980	2.000	2.010
37	14	2.980	2.000	2.010
37	15	2.980	2.000	2.005
37	16	2.980	2.000	1.995
37	17	2.980	2.000	2.010
37	18	2.980	2.000	2.005
37	19	2.980	2.000	2.005
37	20	2.980	2.000	2.010
37	21	2.980	2.000	2.005
37	22	2.980	2.000	2.005
37	23	2.980	2.000	2.010
37	24	2.980	2.000	2.010
37	25	2.980	2.000	2.010
37	26	2.980	2.000	2.010
37	27	2.980	2.000	2.000
37	28	2.980	2.000	2.005
37	29	2.980	2.000	2.005
37	30	2.980	2.000	2.000
37	31	2.980	2.000	2.000
37	32	2.980	2.000	2.010
37	33	2.980	2.000	2.010
37	34	2.980	2.000	2.010
37	35	2.980	2.000	2.005
37	36	2.980	2.000	2.005
37	37	2.980	2.000	2.005
37	38	2.980	2.000	2.000
37	39	2.980	2.000	2.010
37	40	2.980	2.000	2.005
37	41	2.980	2.000	2.000
37	42	2.980	2.000	2.000
37	43	2.980	2.000	2.000
37	44	2.980	2.000	2.000
37	45	2.980	2.000	2.000
37	46	2.980	2.000	2.010
37	47	2.980	2.000	2.000
37	48	2.980	2.000	1.990
37	49	2.980	2.000	2.005
37	50	2.980	2.000	2.010
Executing FF Gene Output
37	B	2.98

38	1	2.980	1.710	1.358
38	2	2.980	1.960	1.877
38	3	2.980	2.000	1.990
38	4	2.980	1.980	1.995
38	5	2.980	1.990	2.008
38	6	2.980	2.000	2.010
38	7	2.980	2.000	2.010
38	8	2.980	1.990	2.008
38	9	2.980	2.000	2.000
38	10	2.980	2.000	2.010
38	11	2.980	1.990	1.997
38	12	2.980	2.000	2.010
38	13	2.980	1.980	2.005
38	14	2.980	2.000	2.010
38	15	2.980	1.980	1.985
38	16	2.980	2.000	2.010
38	17	2.980	2.000	2.000
38	18	2.980	2.000	2.010
38	19	2.980	1.990	1.995
38	20	2.980	1.990	1.995
38	21	2.980	1.990	1.987
38	22	2.980	2.000	2.010
38	23	2.980	2.000	2.010
38	24	2.980	1.990	1.997
38	25	2.980	2.000	2.010
38	26	2.980	1.990	2.008
38	27	2.980	2.000	1.990
38	28	2.980	2.000	2.000
38	29	2.980	1.990	2.008
38	30	2.980	2.000	2.010
38	31	2.980	2.000	2.000
38	32	2.980	2.000	2.000
38	33	2.980	2.000	2.000
38	34	2.980	1.990	1.997
38	35	2.980	2.000	2.000
38	36	2.980	1.990	2.008
38	37	2.980	2.000	1.990
38	38	2.980	2.000	2.010
38	39	2.980	1.990	1.997
38	40	2.980	1.990	2.008
38	41	2.980	1.990	2.008
38	42	2.980	2.000	2.010
38	43	2.980	1.990	1.997
38	44	2.980	2.000	1.990
38	45	2.980	2.000	1.990
38	46	2.980	2.000	2.003
38	47	2.980	2.000	2.003
38	48	2.980	2.000	2.010
38	49	2.980	2.000	2.010
38	50	2.980	2.000	2.010
Executing FF Gene Output
38	B	2.98

39	1	2.980	1.650	1.435
39	2	2.980	1.950	1.946
39	3	2.980	2.000	1.992
39	4	2.980	2.000	1.975
39	5	2.980	2.000	1.980
39	6	2.980	2.000	1.949
39	7	2.980	2.000	1.990
39	8	2.980	2.000	1.980
39	9	2.980	2.000	1.990
39	10	2.980	2.000	1.990
39	11	2.980	2.000	2.000
39	12	2.980	2.000	2.000
39	13	2.980	2.000	2.000
39	14	2.980	2.000	1.990
39	15	2.980	2.000	1.990
39	16	2.980	2.000	2.000
39	17	2.980	2.000	2.010
39	18	2.980	2.000	2.010
39	19	2.980	2.000	1.990
39	20	2.980	2.000	2.010
39	21	2.980	2.000	2.000
39	22	2.980	2.000	2.000
39	23	2.980	2.000	1.990
39	24	2.980	2.000	1.969
39	25	2.980	2.000	2.010
39	26	2.980	2.000	2.000
39	27	2.980	2.000	1.980
39	28	2.980	2.000	2.010
39	29	2.980	2.000	2.000
39	30	2.980	2.000	1.990
39	31	2.980	2.000	1.990
39	32	2.980	2.000	1.980
39	33	2.980	2.000	2.000
39	34	2.980	2.000	1.990
39	35	2.980	2.000	1.980
39	36	2.980	2.000	2.000
39	37	2.980	2.000	2.010
39	38	2.980	2.000	2.000
39	39	2.980	2.000	1.959
39	40	2.980	2.000	1.980
39	41	2.980	2.000	1.990
39	42	2.980	2.000	2.010
39	43	2.980	2.000	2.010
39	44	2.980	2.000	2.000
39	45	2.980	2.000	1.990
39	46	2.980	2.000	2.000
39	47	2.980	2.000	1.980
39	48	2.980	2.000	1.990
39	49	2.980	2.000	2.000
39	50	2.980	2.000	2.010
Executing FF Gene Output
39	B	2.98

40	1	2.980	1.750	1.329
40	2	2.980	1.950	1.933
40	3	2.980	1.970	1.974
40	4	2.980	1.980	1.992
40	5	2.980	2.000	2.010
40	6	2.980	2.000	2.005
40	7	2.980	2.000	2.005
40	8	2.980	2.000	2.005
40	9	2.980	2.000	2.010
40	10	2.980	2.000	2.010
40	11	2.980	2.000	2.010
40	12	2.980	2.000	2.010
40	13	2.980	2.000	2.005
40	14	2.980	2.000	2.010
40	15	2.980	2.000	2.005
40	16	2.980	2.000	2.005
40	17	2.980	2.000	2.005
40	18	2.980	2.000	2.000
40	19	2.980	2.000	2.005
40	20	2.980	2.000	2.005
40	21	2.980	2.000	2.010
40	22	2.980	2.000	2.010
40	23	2.980	2.000	2.010
40	24	2.980	2.000	2.000
40	25	2.980	2.000	2.000
40	26	2.980	2.000	2.010
40	27	2.980	2.000	2.000
40	28	2.980	2.000	2.005
40	29	2.980	2.000	2.010
40	30	2.980	2.000	2.003
40	31	2.980	2.000	2.003
40	32	2.980	2.000	2.003
40	33	2.980	2.000	2.010
40	34	2.980	2.000	2.003
40	35	2.980	2.000	1.980
40	36	2.980	2.000	2.003
40	37	2.980	2.000	1.987
40	38	2.980	2.000	1.980
40	39	2.980	2.000	2.010
40	40	2.980	2.000	2.003
40	41	2.980	2.000	2.003
40	42	2.980	2.000	1.995
40	43	2.980	2.000	1.995
40	44	2.980	2.000	2.003
40	45	2.980	2.000	1.995
40	46	2.980	2.000	1.995
40	47	2.980	2.000	2.003
40	48	2.980	2.000	2.010
40	49	2.980	2.000	2.003
40	50	2.980	2.000	1.997
Executing FF Gene Output
40	B	2.98

41	1	2.980	1.690	1.405
41	2	2.980	1.940	1.877
41	3	2.980	1.990	1.957
41	4	2.980	2.000	2.010
41	5	2.980	2.000	2.010
41	6	2.980	2.000	1.995
41	7	2.980	2.000	2.010
41	8	2.980	2.000	2.010
41	9	2.980	2.000	2.003
41	10	2.980	2.000	1.995
41	11	2.980	2.000	2.003
41	12	2.980	2.000	2.010
41	13	2.980	2.000	2.010
41	14	2.980	2.000	2.003
41	15	2.980	2.000	2.010
41	16	2.980	2.000	2.010
41	17	2.980	2.000	2.010
41	18	2.980	2.000	2.003
41	19	2.980	2.000	2.003
41	20	2.980	2.000	1.995
41	21	2.980	2.000	2.003
41	22	2.980	2.000	1.995
41	23	2.980	2.000	1.995
41	24	2.980	2.000	1.987
41	25	2.980	2.000	2.003
41	26	2.980	2.000	1.995
41	27	2.980	2.000	1.980
41	28	2.980	2.000	2.003
41	29	2.980	2.000	2.010
41	30	2.980	2.000	2.010
41	31	2.980	2.000	2.010
41	32	2.980	2.000	1.995
41	33	2.980	2.000	1.985
41	34	2.980	2.000	2.003
41	35	2.980	2.000	2.003
41	36	2.980	1.990	2.008
41	37	2.980	2.000	1.990
41	38	2.980	2.000	1.992
41	39	2.980	2.000	2.010
41	40	2.980	2.000	1.995
41	41	2.980	2.000	1.985
41	42	2.980	2.000	1.995
41	43	2.980	2.000	1.992
41	44	2.980	2.000	2.000
41	45	2.980	2.000	2.003
41	46	2.980	2.000	1.982
41	47	2.980	2.000	1.964
41	48	2.980	2.000	1.992
41	49	2.980	2.000	2.010
41	50	2.980	2.000	2.000
Executing FF Gene Output
41	B	2.98

42	1	2.980	1.710	1.354
42	2	2.980	1.960	1.946
42	3	2.980	1.990	2.008
42	4	2.980	1.970	2.002
42	5	2.980	1.990	2.008
42	6	2.980	2.000	2.010
42	7	2.980	1.990	2.008
42	8	2.980	1.990	2.008
42	9	2.980	2.000	2.010
42	10	2.980	1.990	2.008
42	11	2.980	1.970	2.002
42	12	2.980	2.000	2.000
42	13	2.980	1.980	1.995
42	14	2.980	1.980	2.005
42	15	2.980	2.000	2.010
42	16	2.980	2.000	2.010
42	17	2.980	1.990	2.008
42	18	2.980	1.990	2.008
42	19	2.980	1.990	2.008
42	20	2.980	1.960	2.000
42	21	2.980	2.000	2.010
42	22	2.980	2.000	1.990
42	23	2.980	2.000	2.000
42	24	2.980	2.000	2.000
42	25	2.980	2.000	2.000
42	26	2.980	2.000	2.000
42	27	2.980	2.000	2.000
42	28	2.980	2.000	2.010
42	29	2.980	2.000	2.010
42	30	2.980	2.000	2.010
42	31	2.980	2.000	2.010
42	32	2.980	2.000	2.010
42	33	2.980	2.000	2.010
42	34	2.980	2.000	2.000
42	35	2.980	2.000	2.010
42	36	2.980	2.000	2.000
42	37	2.980	1.980	2.005
42	38	2.980	2.000	2.010
42	39	2.980	2.000	2.010
42	40	2.980	1.990	1.997
42	41	2.980	2.000	2.003
42	42	2.980	2.000	2.000
42	43	2.980	2.000	2.010
42	44	2.980	2.000	2.010
42	45	2.980	1.990	1.997
42	46	2.980	2.000	2.010
42	47	2.980	1.990	1.977
42	48	2.980	1.990	1.967
42	49	2.980	2.000	1.990
42	50	2.980	2.000	2.000
Executing FF Gene Output
42	B	2.98

43	1	2.980	1.780	1.338
43	2	2.980	1.960	1.823
43	3	2.980	1.980	1.954
43	4	2.980	1.990	1.985
43	5	2.980	1.990	1.982
43	6	2.980	2.000	2.010
43	7	2.980	2.000	2.010
43	8	2.980	1.990	2.008
43	9	2.980	2.000	2.010
43	10	2.980	2.000	2.000
43	11	2.980	1.990	1.997
43	12	2.980	1.990	1.997
43	13	2.980	2.000	1.980
43	14	2.980	1.990	1.987
43	15	2.980	1.980	2.005
43	16	2.980	1.990	2.008
43	17	2.980	2.000	1.990
43	18	2.980	2.000	2.000
43	19	2.980	2.000	2.010
43	20	2.980	2.000	2.010
43	21	2.980	2.000	2.010
43	22	2.980	2.000	2.000
43	23	2.980	1.990	1.997
43	24	2.980	1.990	2.008
43	25	2.980	1.990	2.008
43	26	2.980	1.990	2.008
43	27	2.980	2.000	2.010
43	28	2.980	1.990	2.008
43	29	2.980	1.990	2.008
43	30	2.980	2.000	2.010
43	31	2.980	2.000	2.000
43	32	2.980	2.000	2.000
43	33	2.980	2.000	2.010
43	34	2.980	1.990	2.008
43	35	2.980	1.980	1.995
43	36	2.980	1.990	1.987
43	37	2.980	1.990	1.967
43	38	2.980	2.000	2.000
43	39	2.980	2.000	2.010
43	40	2.980	2.000	2.010
43	41	2.980	2.000	2.000
43	42	2.980	2.000	1.990
43	43	2.980	1.980	1.995
43	44	2.980	1.990	1.997
43	45	2.980	1.980	1.995
43	46	2.980	2.000	2.010
43	47	2.980	2.000	2.010
43	48	2.980	1.990	2.008
43	49	2.980	1.980	2.005
43	50	2.980	1.990	2.008
Executing FF Gene Output
43	B	2.98

44	1	2.980	1.720	1.371
44	2	2.980	1.950	1.912
44	3	2.980	1.960	1.995
44	4	2.980	1.980	1.987
44	5	2.980	1.990	1.995
44	6	2.980	2.000	2.000
44	7	2.980	2.000	1.992
44	8	2.980	2.000	2.003
44	9	2.980	2.000	1.995
44	10	2.980	2.000	2.003
44	11	2.980	2.000	1.987
44	12	2.980	2.000	2.003
44	13	2.980	2.000	2.003
44	14	2.980	2.000	1.995
44	15	2.980	2.000	1.997
44	16	2.980	2.000	2.003
44	17	2.980	2.000	2.003
44	18	2.980	2.000	2.003
44	19	2.980	2.000	2.003
44	20	2.980	2.000	1.995
44	21	2.980	2.000	1.987
44	22	2.980	2.000	2.003
44	23	2.980	2.000	1.995
44	24	2.980	2.000	1.980
44	25	2.980	2.000	1.995
44	26	2.980	2.000	1.987
44	27	2.980	2.000	1.995
44	28	2.980	2.000	2.003
44	29	2.980	2.000	1.995
44	30	2.980	2.000	2.003
44	31	2.980	2.000	1.995
44	32	2.980	2.000	2.003
44	33	2.980	2.000	2.010
44	34	2.980	2.000	2.003
44	35	2.980	2.000	1.969
44	36	2.980	2.000	1.987
44	37	2.980	2.000	2.010
44	38	2.980	2.000	2.003
44	39	2.980	2.000	2.003
44	40	2.980	2.000	2.010
44	41	2.980	2.000	2.010
44	42	2.980	2.000	1.995
44	43	2.980	2.000	1.995
44	44	2.980	2.000	1.987
44	45	2.980	2.000	2.003
44	46	2.980	2.000	2.003
44	47	2.980	2.000	2.010
44	48	2.980	2.000	2.000
44	49	2.980	2.000	2.000
44	50	2.980	2.000	2.000
Executing FF Gene Output
44	B	2.98

45	1	2.980	1.670	1.338
45	2	2.980	1.950	1.933
45	3	2.980	2.000	2.005
45	4	2.980	1.980	2.000
45	5	2.980	2.000	2.010
45	6	2.980	1.990	2.005
45	7	2.980	2.000	2.010
45	8	2.980	1.980	2.000
45	9	2.980	1.990	2.005
45	10	2.980	1.990	2.005
45	11	2.980	1.980	2.000
45	12	2.980	1.990	2.005
45	13	2.980	1.990	2.005
45	14	2.980	2.000	2.010
45	15	2.980	1.990	2.005
45	16	2.980	1.980	2.000
45	17	2.980	2.000	2.010
45	18	2.980	1.990	2.005
45	19	2.980	1.990	2.005
45	20	2.980	1.990	1.995
45	21	2.980	1.990	2.005
45	22	2.980	2.000	2.010
45	23	2.980	2.000	2.010
45	24	2.980	1.990	2.005
45	25	2.980	1.960	1.989
45	26	2.980	1.980	2.000
45	27	2.980	1.980	2.000
45	28	2.980	1.980	2.000
45	29	2.980	2.000	2.010
45	30	2.980	2.000	2.010
45	31	2.980	1.980	2.000
45	32	2.980	1.980	2.000
45	33	2.980	1.990	2.005
45	34	2.980	1.980	2.000
45	35	2.980	1.970	1.995
45	36	2.980	1.980	2.000
45	37	2.980	1.990	2.005
45	38	2.980	1.980	2.000
45	39	2.980	1.990	2.005
45	40	2.980	1.990	2.005
45	41	2.980	2.000	2.000
45	42	2.980	2.000	2.010
45	43	2.980	1.990	2.005
45	44	2.980	2.000	2.010
45	45	2.980	2.000	2.010
45	46	2.980	2.000	1.990
45	47	2.980	2.000	1.980
45	48	2.980	2.000	1.980
45	49	2.980	2.000	2.010
45	50	2.980	2.000	2.010
Executing FF Gene Output
45	B	2.98

46	1	2.980	1.780	1.356
46	2	2.980	1.960	1.866
46	3	2.980	1.980	1.974
46	4	2.980	1.980	1.969
46	5	2.980	2.000	2.005
46	6	2.980	1.990	2.002
46	7	2.980	1.980	1.995
46	8	2.980	1.980	1.995
46	9	2.980	1.980	1.995
46	10	2.980	2.000	2.010
46	11	2.980	1.990	2.002
46	12	2.980	1.980	1.995
46	13	2.980	2.000	2.010
46	14	2.980	2.000	2.010
46	15	2.980	2.000	2.010
46	16	2.980	2.000	2.003
46	17	2.980	2.000	1.992
46	18	2.980	2.000	2.010
46	19	2.980	2.000	2.003
46	20	2.980	2.000	1.995
46	21	2.980	2.000	2.000
46	22	2.980	2.000	2.010
46	23	2.980	2.000	2.000
46	24	2.980	2.000	2.000
46	25	2.980	2.000	1.985
46	26	2.980	2.000	1.997
46	27	2.980	2.000	1.982
46	28	2.980	2.000	1.972
46	29	2.980	2.000	2.000
46	30	2.980	2.000	2.000
46	31	2.980	2.000	2.003
46	32	2.980	2.000	2.003
46	33	2.980	2.000	2.010
46	34	2.980	2.000	1.985
46	35	2.980	2.000	2.000
46	36	2.980	2.000	2.010
46	37	2.980	2.000	2.010
46	38	2.980	2.000	1.990
46	39	2.980	2.000	2.000
46	40	2.980	2.000	2.010
46	41	2.980	2.000	2.010
46	42	2.980	2.000	2.003
46	43	2.980	2.000	1.975
46	44	2.980	2.000	1.990
46	45	2.980	2.000	1.982
46	46	2.980	2.000	2.010
46	47	2.980	2.000	1.992
46	48	2.980	2.000	1.987
46	49	2.980	2.000	2.010
46	50	2.980	2.000	2.010
Executing FF Gene Output
46	B	2.98

47	1	2.980	1.650	1.329
47	2	2.980	1.920	1.913
47	3	2.980	1.980	1.954
47	4	2.980	2.000	1.987
47	5	2.980	2.000	2.003
47	6	2.980	2.000	2.003
47	7	2.980	2.000	1.995
47	8	2.980	2.000	2.003
47	9	2.980	2.000	2.003
47	10	2.980	2.000	2.010
47	11	2.980	2.000	2.003
47	12	2.980	2.000	1.995
47	13	2.980	2.000	1.980
47	14	2.980	2.000	2.010
47	15	2.980	2.000	1.995
47	16	2.980	2.000	1.987
47	17	2.980	2.000	1.995
47	18	2.980	2.000	1.987
47	19	2.980	2.000	1.980
47	20	2.980	2.000	1.980
47	21	2.980	2.000	2.003
47	22	2.980	2.000	2.010
47	23	2.980	2.000	1.995
47	24	2.980	2.000	2.010
47	25	2.980	2.000	2.003
47	26	2.980	2.000	2.003
47	27	2.980	2.000	2.010
47	28	2.980	2.000	2.003
47	29	2.980	2.000	2.003
47	30	2.980	2.000	1.995
47	31	2.980	2.000	2.010
47	32	2.980	2.000	2.000
47	33	2.980	2.000	2.005
47	34	2.980	2.000	2.010
47	35	2.980	2.000	2.005
47	36	2.980	2.000	2.010
47	37	2.980	2.000	2.010
47	38	2.980	2.000	2.010
47	39	2.980	2.000	2.010
47	40	2.980	2.000	2.010
47	41	2.980	2.000	2.010
47	42	2.980	2.000	2.000
47	43	2.980	2.000	2.000
47	44	2.980	2.000	2.010
47	45	2.980	2.000	2.005
47	46	2.980	2.000	2.010
47	47	2.980	2.000	2.010
47	48	2.980	2.000	2.010
47	49	2.980	2.000	2.000
47	50	2.980	2.000	2.000
Executing FF Gene Output
47	B	2.98

48	1	2.980	1.730	1.455
48	2	2.980	1.930	1.914
48	3	2.980	1.990	1.992
48	4	2.980	1.990	1.982
48	5	2.980	2.000	2.000
48	6	2.980	2.000	2.000
48	7	2.980	2.000	2.000
48	8	2.980	2.000	2.010
48	9	2.980	2.000	2.000
48	10	2.980	2.000	2.000
48	11	2.980	2.000	1.990
48	12	2.980	1.960	1.979
48	13	2.980	1.980	1.995
48	14	2.980	1.990	2.002
48	15	2.980	1.990	2.002
48	16	2.980	1.990	2.002
48	17	2.980	1.990	2.002
48	18	2.980	2.000	2.010
48	19	2.980	1.960	1.979
48	20	2.980	1.990	2.002
48	21	2.980	1.980	1.995
48	22	2.980	1.990	2.002
48	23	2.980	2.000	2.010
48	24	2.980	2.000	2.010
48	25	2.980	2.000	2.010
48	26	2.980	1.990	2.002
48	27	2.980	2.000	2.010
48	28	2.980	1.980	1.995
48	29	2.980	1.990	2.002
48	30	2.980	1.980	1.995
48	31	2.980	2.000	2.010
48	32	2.980	1.990	2.002
48	33	2.980	1.980	1.995
48	34	2.980	2.000	2.010
48	35	2.980	2.000	2.010
48	36	2.980	1.990	2.002
48	37	2.980	1.990	2.002
48	38	2.980	1.990	2.002
48	39	2.980	1.960	1.979
48	40	2.980	1.960	1.979
48	41	2.980	1.990	2.002
48	42	2.980	2.000	2.010
48	43	2.980	2.000	2.000
48	44	2.980	1.970	1.987
48	45	2.980	1.960	1.979
48	46	2.980	2.000	2.010
48	47	2.980	2.000	2.010
48	48	2.980	1.990	2.002
48	49	2.980	2.000	2.010
48	50	2.980	1.990	2.002
Executing FF Gene Output
48	B	2.98

49	1	2.980	1.650	1.329
49	2	2.980	1.910	1.899
49	3	2.980	1.970	2.000
49	4	2.980	2.000	2.000
49	5	2.980	2.000	1.980
49	6	2.980	2.000	1.990
49	7	2.980	2.000	1.990
49	8	2.980	2.000	1.969
49	9	2.980	2.000	1.969
49	10	2.980	2.000	1.980
49	11	2.980	2.000	2.000
49	12	2.980	2.000	2.000
49	13	2.980	1.990	1.987
49	14	2.980	2.000	1.990
49	15	2.980	2.000	2.010
49	16	2.980	2.000	2.000
49	17	2.980	2.000	2.010
49	18	2.980	2.000	2.000
49	19	2.980	2.000	1.990
49	20	2.980	2.000	2.000
49	21	2.980	2.000	2.000
49	22	2.980	2.000	2.000
49	23	2.980	2.000	2.000
49	24	2.980	2.000	2.000
49	25	2.980	2.000	1.980
49	26	2.980	2.000	1.980
49	27	2.980	2.000	1.990
49	28	2.980	2.000	1.980
49	29	2.980	2.000	2.000
49	30	2.980	2.000	2.010
49	31	2.980	2.000	2.010
49	32	2.980	2.000	2.010
49	33	2.980	2.000	2.010
49	34	2.980	2.000	2.000
49	35	2.980	2.000	1.980
49	36	2.980	2.000	1.980
49	37	2.980	2.000	1.990
49	38	2.980	2.000	2.010
49	39	2.980	2.000	2.010
49	40	2.980	2.000	1.980
49	41	2.980	2.000	2.000
49	42	2.980	2.000	2.000
49	43	2.980	2.000	2.010
49	44	2.980	2.000	2.010
49	45	2.980	2.000	2.000
49	46	2.980	2.000	2.005
49	47	2.980	2.000	1.980
49	48	2.980	2.000	2.010
49	49	2.980	2.000	2.000
49	50	2.980	2.000	2.010
Executing FF Gene Output
49	B	2.98

50	1	2.980	1.650	1.298
50	2	2.980	1.930	1.876
50	3	2.980	1.980	1.995
50	4	2.980	1.990	2.005
50	5	2.980	1.990	2.008
50	6	2.980	1.990	2.008
50	7	2.980	1.970	2.002
50	8	2.980	2.000	2.010
50	9	2.980	2.000	2.010
50	10	2.980	1.990	2.008
50	11	2.980	1.990	2.008
50	12	2.980	2.000	2.010
50	13	2.980	1.970	2.002
50	14	2.980	1.990	2.005
50	15	2.980	2.000	2.010
50	16	2.980	2.000	2.010
50	17	2.980	1.990	2.008
50	18	2.980	1.960	2.000
50	19	2.980	2.000	2.010
50	20	2.980	2.000	2.010
50	21	2.980	1.980	2.005
50	22	2.980	1.970	1.997
50	23	2.980	1.990	2.005
50	24	2.980	1.990	2.005
50	25	2.980	2.000	2.010
50	26	2.980	2.000	2.000
50	27	2.980	2.000	2.000
50	28	2.980	2.000	2.000
50	29	2.980	2.000	2.000
50	30	2.980	2.000	2.000
50	31	2.980	2.000	2.010
50	32	2.980	2.000	2.000
50	33	2.980	2.000	1.990
50	34	2.980	2.000	1.990
50	35	2.980	2.000	2.010
50	36	2.980	2.000	2.010
50	37	2.980	2.000	2.000
50	38	2.980	2.000	2.000
50	39	2.980	2.000	1.990
50	40	2.980	2.000	1.995
50	41	2.980	2.000	2.005
50	42	2.980	2.000	2.005
50	43	2.980	2.000	2.000
50	44	2.980	2.000	2.005
50	45	2.980	2.000	2.005
50	46	2.980	2.000	2.010
50	47	2.980	2.000	2.005
50	48	2.980	2.000	2.005
50	49	2.980	2.000	2.010
50	50	2.980	2.000	2.000
Executing FF Gene Output
50	B	2.98

Over All:
	Average Run Average Fitness: 1
	Average Run Best Fitness: 2
	Best Fitness: 2.98
	Best Chromo: Run 1: Generation 1: 0 1 1 0 0 1 0 1 0 1 1 0 1 1 1 1 1 1 0 0 0 1 1 0 1 1 1 0 1 1 1 0 0 1 1 1 1 1 0 1 0 1 1 1 1 0 1 0 1 0 1 0 0 1 0 0 1 1 0 0 1 0 1 0 0 0 1 0 0 1 1 0 1 1 1 0 0 0 1 1 1 0 0 1 0 0 0 0 1 0 0 1 1 0 0 0 1 0 1 0 0 0 1 1 0 1 1 1 0 0 1 0 1 0 0 1 1 1 1 0 0 1 0 1 0 1 1 1 0 0 1 0 0 1 0 1 1 1 1 1 0 0 0 1 0 1 1 0 1 1 1 0 1 0 0 0 0 0 0 1 0 1 1 0 1 1 0 0 1 1 0 1 0 0 1 0 0 1 1 1 1 0 0 1 0 1 1 1 1 0 1 1 0 0 1 1 1 0 0 0 1 0 0 0 0 1 0 0 1 0 0 1 1 0 0 1 1 1 1 1 0 0 0 1 1 0 1 0 1 0 1 0 0 0 0 1 1 1 1 0 1 0 1 1 0 0 0 0 1 1 0 0 1 0 1 1 
Start:  Mon Mar 21 11:15:25 EDT 2016
End  :  Mon Mar 21 11:16:04 EDT 2016
