
Parameter File Name is: hw3_axel_self.params

Setting up Fitness Function.....Iterated Prisoner's Dilemma
1	1	4.562	3.660	1.739
1	2	4.733	3.570	1.816
1	3	5.000	4.050	2.181
1	4	5.127	4.530	1.823
1	5	5.493	4.840	0.982
1	6	5.000	5.000	0.000
1	7	5.000	5.000	0.000
1	8	5.000	4.810	0.945
1	9	5.000	5.000	0.000
1	10	5.000	4.860	0.910
1	11	5.000	4.810	1.080
1	12	5.000	5.000	0.000
1	13	5.000	5.000	0.000
1	14	5.000	5.000	0.000
1	15	5.000	5.000	0.000
1	16	5.000	5.000	0.000
1	17	5.000	5.000	0.000
1	18	5.000	5.000	0.000
1	19	5.000	5.000	0.000
1	20	5.000	5.000	0.000
1	21	5.000	5.000	0.000
1	22	5.000	4.670	1.349
1	23	5.000	4.840	0.735
1	24	5.000	5.000	0.000
1	25	5.000	5.000	0.000
1	26	5.000	5.000	0.000
1	27	5.000	5.000	0.000
1	28	5.000	5.000	0.000
1	29	5.000	5.000	0.000
1	30	5.000	5.000	0.000
1	31	5.000	5.000	0.000
1	32	5.000	5.000	0.000
1	33	5.000	5.000	0.000
1	34	5.000	5.000	0.000
1	35	5.000	5.000	0.000
1	36	5.000	5.000	0.000
1	37	5.000	5.000	0.000
1	38	5.000	5.000	0.000
1	39	5.000	4.800	1.251
1	40	5.000	5.000	0.000
1	41	5.000	5.000	0.000
1	42	5.000	4.740	1.481
1	43	5.000	5.000	0.000
1	44	5.000	5.000	0.000
1	45	5.000	5.000	0.000
1	46	5.000	4.760	1.011
1	47	5.000	5.000	0.000
1	48	5.000	5.000	0.000
1	49	5.000	4.830	0.865
1	50	5.000	4.780	0.980
Executing FF Gene Output
1	B	5.493

2	1	4.723	3.690	1.745
2	2	5.022	4.200	1.987
2	3	5.000	4.610	1.317
2	4	5.000	4.780	0.996
2	5	5.084	4.780	1.001
2	6	5.000	4.520	1.310
2	7	5.000	5.000	0.000
2	8	5.000	4.740	0.981
2	9	5.000	5.000	0.000
2	10	5.000	5.000	0.000
2	11	5.000	4.690	1.056
2	12	5.000	4.170	1.688
2	13	5.000	4.590	1.186
2	14	5.000	4.540	1.243
2	15	5.000	4.720	1.079
2	16	5.000	5.000	0.000
2	17	5.000	4.720	1.133
2	18	5.000	4.560	1.328
2	19	5.000	5.000	0.000
2	20	5.000	5.000	0.000
2	21	5.000	5.000	0.000
2	22	5.000	5.000	0.000
2	23	5.000	4.790	0.993
2	24	5.000	5.000	0.000
2	25	5.000	5.000	0.000
2	26	5.000	5.000	0.000
2	27	5.000	4.780	0.980
2	28	5.000	5.000	0.000
2	29	5.000	5.000	0.000
2	30	5.000	5.000	0.000
2	31	5.000	4.570	1.394
2	32	5.000	4.740	1.046
2	33	5.000	4.740	1.041
2	34	5.000	4.840	0.918
2	35	5.000	5.000	0.000
2	36	5.000	5.000	0.000
2	37	5.000	5.000	0.000
2	38	5.000	4.830	0.938
2	39	5.000	4.880	0.729
2	40	5.000	5.000	0.000
2	41	5.000	4.770	0.973
2	42	5.000	4.620	1.225
2	43	5.000	4.840	0.867
2	44	5.000	4.710	1.047
2	45	5.000	5.000	0.000
2	46	5.000	5.000	0.000
2	47	5.000	5.000	0.000
2	48	5.000	4.750	1.123
2	49	5.000	4.550	1.417
2	50	5.000	4.570	1.249
Executing FF Gene Output
2	B	5.0840000000000005

3	1	4.569	3.610	1.757
3	2	4.837	3.750	1.863
3	3	5.020	4.400	1.772
3	4	5.000	4.590	1.649
3	5	5.000	5.000	0.000
3	6	5.000	5.000	0.000
3	7	5.000	4.720	1.531
3	8	5.000	4.710	1.520
3	9	5.000	5.000	0.000
3	10	5.000	5.000	0.000
3	11	5.000	5.000	0.000
3	12	5.000	4.770	1.399
3	13	5.000	5.000	0.000
3	14	5.000	5.000	0.000
3	15	5.000	4.760	1.404
3	16	5.000	4.830	1.198
3	17	5.000	5.000	0.000
3	18	5.000	5.000	0.000
3	19	5.000	4.750	1.452
3	20	5.000	4.810	1.261
3	21	5.000	4.800	1.259
3	22	5.000	5.000	0.000
3	23	5.000	5.000	0.000
3	24	5.000	4.740	1.079
3	25	5.000	4.840	0.855
3	26	5.000	5.000	0.000
3	27	5.000	4.860	0.921
3	28	5.000	4.780	1.064
3	29	5.000	4.840	0.997
3	30	5.000	5.000	0.000
3	31	5.000	5.000	0.000
3	32	5.000	5.000	0.000
3	33	5.000	4.820	0.999
3	34	5.000	4.550	1.559
3	35	5.000	4.720	1.252
3	36	5.000	4.630	1.522
3	37	5.000	4.790	1.085
3	38	5.000	4.700	1.400
3	39	5.000	4.720	1.240
3	40	5.000	4.610	1.480
3	41	5.000	4.620	1.476
3	42	5.000	5.000	0.000
3	43	5.000	4.800	1.092
3	44	5.000	4.820	1.048
3	45	5.000	4.850	0.994
3	46	5.000	5.000	0.000
3	47	5.000	5.000	0.000
3	48	5.000	5.000	0.000
3	49	5.000	4.610	1.230
3	50	5.000	4.550	1.435
Executing FF Gene Output
3	B	5.0200000000000005

4	1	4.631	3.590	1.790
4	2	5.033	3.910	2.080
4	3	5.000	4.450	1.882
4	4	5.000	4.810	1.156
4	5	5.000	5.000	0.000
4	6	5.000	4.850	0.833
4	7	5.000	4.550	1.321
4	8	5.000	5.000	0.000
4	9	5.000	5.000	0.000
4	10	5.000	4.770	0.914
4	11	5.000	5.000	0.000
4	12	5.000	5.000	0.000
4	13	5.000	5.000	0.000
4	14	5.000	5.000	0.000
4	15	5.000	5.000	0.000
4	16	5.040	4.760	1.065
4	17	5.040	3.820	1.811
4	18	5.000	3.590	1.978
4	19	5.064	3.840	2.088
4	20	5.072	3.820	2.027
4	21	5.000	3.720	2.060
4	22	5.000	4.440	1.847
4	23	5.000	4.820	1.086
4	24	5.000	5.000	0.000
4	25	5.000	5.000	0.000
4	26	5.000	4.750	1.442
4	27	5.000	5.000	0.000
4	28	5.000	4.740	1.468
4	29	5.000	4.790	1.250
4	30	5.000	4.360	2.091
4	31	5.000	5.000	0.000
4	32	5.000	4.660	1.641
4	33	5.000	5.000	0.000
4	34	5.000	5.000	0.000
4	35	5.000	5.000	0.000
4	36	5.000	5.000	0.000
4	37	5.000	5.000	0.000
4	38	5.000	5.000	0.000
4	39	5.000	5.000	0.000
4	40	5.000	5.000	0.000
4	41	5.000	4.810	1.269
4	42	5.000	5.000	0.000
4	43	5.000	4.800	1.303
4	44	5.000	4.570	1.838
4	45	5.000	4.820	1.218
4	46	5.000	4.700	1.501
4	47	5.000	4.850	1.127
4	48	5.000	4.720	1.531
4	49	5.000	4.840	1.135
4	50	5.000	4.390	1.592
Executing FF Gene Output
4	B	5.072

5	1	4.654	3.630	1.733
5	2	5.000	3.980	1.951
5	3	5.000	4.500	1.888
5	4	5.000	4.860	1.025
5	5	5.000	4.600	1.580
5	6	5.000	4.820	0.968
5	7	5.000	4.530	1.453
5	8	5.000	4.760	1.065
5	9	5.000	4.720	1.040
5	10	5.000	5.000	0.000
5	11	5.000	5.000	0.000
5	12	5.000	5.000	0.000
5	13	5.000	5.000	0.000
5	14	5.000	5.000	0.000
5	15	5.000	5.000	0.000
5	16	5.000	4.730	0.999
5	17	5.000	5.000	0.000
5	18	5.000	4.450	1.449
5	19	5.000	5.000	0.000
5	20	5.000	5.000	0.000
5	21	5.000	4.710	1.066
5	22	5.000	5.000	0.000
5	23	5.000	4.780	1.001
5	24	5.000	4.690	1.174
5	25	5.000	4.770	1.057
5	26	5.000	4.630	1.353
5	27	5.000	4.600	1.389
5	28	5.000	5.000	0.000
5	29	5.000	4.770	1.127
5	30	5.000	5.000	0.000
5	31	5.000	5.000	0.000
5	32	5.000	4.750	1.424
5	33	5.000	4.530	1.428
5	34	5.000	4.760	1.134
5	35	5.000	5.000	0.000
5	36	5.000	4.750	1.053
5	37	5.000	4.810	0.901
5	38	5.000	4.850	0.827
5	39	5.000	4.390	1.560
5	40	5.000	4.800	0.964
5	41	5.000	4.680	1.132
5	42	5.000	4.630	1.244
5	43	5.000	4.740	1.088
5	44	5.000	5.000	0.000
5	45	5.000	5.000	0.000
5	46	5.000	5.000	0.000
5	47	5.000	5.000	0.000
5	48	5.000	4.700	1.064
5	49	5.000	4.790	0.977
5	50	5.000	5.000	0.000
Executing FF Gene Output
5	B	5.0

6	1	4.933	3.690	1.686
6	2	4.590	3.710	1.503
6	3	4.666	3.620	1.771
6	4	5.713	3.820	1.912
6	5	5.036	3.640	1.954
6	6	4.637	3.660	1.759
6	7	4.312	3.570	1.713
6	8	4.273	3.400	1.946
6	9	4.459	3.320	2.020
6	10	4.477	3.260	2.147
6	11	4.454	3.490	1.806
6	12	4.393	3.450	1.885
6	13	4.638	3.560	1.760
6	14	4.565	3.760	1.541
6	15	4.497	3.410	1.733
6	16	4.628	3.520	1.729
6	17	4.425	3.540	1.780
6	18	4.493	3.520	1.786
6	19	4.530	3.560	1.722
6	20	4.590	3.630	1.747
6	21	4.318	3.230	2.004
6	22	5.280	3.410	1.883
6	23	5.250	3.530	1.823
6	24	5.136	4.580	1.098
6	25	5.056	4.620	1.249
6	26	5.042	4.950	0.373
6	27	5.000	5.000	0.000
6	28	5.028	4.920	0.545
6	29	5.042	4.900	0.674
6	30	5.000	5.000	0.000
6	31	5.000	5.000	0.000
6	32	5.042	4.950	0.500
6	33	5.014	4.930	0.555
6	34	5.000	5.000	0.000
6	35	5.000	5.000	0.000
6	36	5.000	4.810	0.997
6	37	5.000	4.510	1.449
6	38	5.000	5.000	0.000
6	39	5.000	4.820	0.957
6	40	5.000	5.000	0.000
6	41	5.000	4.500	1.573
6	42	5.000	4.820	1.009
6	43	5.000	5.000	0.000
6	44	5.000	4.790	1.057
6	45	5.000	5.000	0.000
6	46	5.000	5.000	0.000
6	47	5.000	4.570	1.536
6	48	5.000	5.000	0.000
6	49	5.000	4.590	1.508
6	50	5.000	4.820	1.009
Executing FF Gene Output
6	B	5.712999999999999

7	1	4.753	3.660	1.686
7	2	4.670	3.730	1.687
7	3	5.000	4.390	1.999
7	4	5.000	4.810	1.199
7	5	5.000	5.000	0.000
7	6	5.000	5.000	0.000
7	7	5.000	5.000	0.000
7	8	5.000	4.850	1.086
7	9	5.000	4.810	1.203
7	10	5.000	4.820	1.127
7	11	5.000	4.870	0.991
7	12	5.000	5.000	0.000
7	13	5.000	5.000	0.000
7	14	5.000	5.000	0.000
7	15	5.000	5.000	0.000
7	16	5.000	5.000	0.000
7	17	5.000	4.590	1.284
7	18	5.000	5.000	0.000
7	19	5.012	4.410	1.571
7	20	5.012	4.800	1.035
7	21	5.000	4.830	0.859
7	22	5.000	4.800	0.910
7	23	5.000	5.000	0.000
7	24	5.000	4.840	0.819
7	25	5.000	4.490	1.460
7	26	5.000	5.000	0.000
7	27	5.000	5.000	0.000
7	28	5.000	5.000	0.000
7	29	5.000	5.000	0.000
7	30	5.000	4.780	1.036
7	31	5.000	4.770	1.053
7	32	5.000	4.790	1.052
7	33	5.000	4.700	1.101
7	34	5.000	4.740	0.965
7	35	5.000	4.580	1.312
7	36	5.000	5.000	0.000
7	37	5.000	4.620	1.297
7	38	5.000	5.000	0.000
7	39	5.000	4.780	1.011
7	40	5.000	4.480	1.595
7	41	5.000	4.660	1.277
7	42	5.000	4.840	0.972
7	43	5.000	5.000	0.000
7	44	5.000	4.620	1.281
7	45	5.000	4.660	1.249
7	46	5.000	5.000	0.000
7	47	5.000	5.000	0.000
7	48	5.000	5.000	0.000
7	49	5.000	4.460	1.639
7	50	5.000	4.750	1.222
Executing FF Gene Output
7	B	5.0120000000000005

8	1	4.596	3.650	1.687
8	2	4.906	3.670	1.829
8	3	5.282	3.850	1.711
8	4	6.074	4.020	2.062
8	5	6.095	4.170	1.926
8	6	6.583	4.300	2.316
8	7	6.314	4.240	2.097
8	8	6.706	5.130	2.423
8	9	6.693	5.400	2.380
8	10	6.853	5.780	2.563
8	11	6.804	5.280	2.431
8	12	6.677	5.020	2.309
8	13	6.848	5.440	2.315
8	14	6.719	5.730	2.409
8	15	6.719	5.560	2.524
8	16	6.845	5.530	2.580
8	17	6.845	5.300	2.592
8	18	6.848	5.580	2.648
8	19	6.842	5.630	2.723
8	20	6.842	5.300	2.714
8	21	6.842	4.800	2.361
8	22	6.858	4.840	2.593
8	23	6.845	5.370	2.529
8	24	6.852	5.110	2.397
8	25	6.833	4.700	2.285
8	26	6.837	4.960	2.758
8	27	6.851	5.490	2.445
8	28	6.834	5.690	2.262
8	29	6.849	5.040	2.449
8	30	6.843	5.230	2.461
8	31	6.855	5.410	2.551
8	32	6.855	5.380	2.463
8	33	6.855	4.950	2.420
8	34	6.855	4.850	2.609
8	35	6.838	4.680	2.562
8	36	6.733	4.140	2.519
8	37	6.356	3.950	2.339
8	38	6.229	4.040	2.357
8	39	6.102	4.390	2.307
8	40	6.847	5.130	2.306
8	41	6.419	4.770	2.192
8	42	5.319	3.700	2.055
8	43	4.587	3.470	1.786
8	44	4.279	3.070	2.273
8	45	4.247	3.490	1.787
8	46	4.226	3.430	1.827
8	47	4.203	3.610	1.654
8	48	4.290	3.870	1.224
8	49	4.581	3.880	1.153
8	50	4.565	3.540	1.831
Executing FF Gene Output
8	B	6.858000000000001

9	1	4.612	3.700	1.642
9	2	5.000	3.830	2.075
9	3	5.195	4.560	1.819
9	4	5.000	4.840	1.066
9	5	5.979	4.860	1.087
9	6	6.219	4.000	2.000
9	7	4.842	3.570	1.833
9	8	4.758	3.700	1.823
9	9	4.729	3.880	1.751
9	10	4.535	3.910	1.741
9	11	4.958	3.470	1.798
9	12	4.640	3.820	1.822
9	13	4.745	3.910	1.952
9	14	4.655	3.990	1.949
9	15	4.600	4.000	1.904
9	16	4.624	3.990	1.899
9	17	4.653	3.990	2.052
9	18	4.608	4.000	2.200
9	19	4.625	4.000	2.149
9	20	4.600	4.000	2.247
9	21	4.795	4.000	2.229
9	22	4.610	4.000	2.234
9	23	4.632	4.000	2.144
9	24	4.612	3.990	2.247
9	25	4.600	4.000	2.091
9	26	4.603	4.000	2.123
9	27	4.600	3.990	2.141
9	28	4.612	3.990	2.167
9	29	4.618	3.980	2.103
9	30	4.600	4.000	2.181
9	31	4.606	3.930	2.093
9	32	4.603	3.830	2.065
9	33	4.609	3.890	2.112
9	34	4.613	3.960	2.178
9	35	4.610	3.930	2.133
9	36	4.619	3.960	2.183
9	37	4.618	3.910	2.193
9	38	4.600	3.920	2.031
9	39	4.612	3.980	2.245
9	40	4.612	3.950	2.169
9	41	4.600	3.960	2.089
9	42	4.618	3.920	2.028
9	43	4.612	3.950	2.143
9	44	4.612	3.870	2.109
9	45	4.600	3.960	2.122
9	46	4.612	3.930	2.124
9	47	4.612	3.890	2.238
9	48	4.657	3.970	2.240
9	49	4.626	3.990	2.108
9	50	4.612	3.960	2.081
Executing FF Gene Output
9	B	6.219000000000002

10	1	4.687	3.610	1.806
10	2	4.939	3.810	1.854
10	3	5.000	4.860	1.025
10	4	5.000	5.000	0.000
10	5	5.000	4.840	1.161
10	6	5.000	4.810	1.261
10	7	5.000	5.000	0.000
10	8	5.000	4.820	1.238
10	9	5.000	5.000	0.000
10	10	5.000	5.000	0.000
10	11	5.000	4.710	1.536
10	12	5.000	5.000	0.000
10	13	5.000	4.830	0.985
10	14	5.000	4.640	1.318
10	15	5.059	4.850	1.081
10	16	5.000	5.000	0.000
10	17	6.201	4.930	0.856
10	18	6.633	4.970	0.816
10	19	6.866	5.080	1.776
10	20	6.816	5.550	2.482
10	21	6.707	5.380	2.384
10	22	6.721	4.980	1.933
10	23	5.972	4.710	1.963
10	24	5.949	4.510	2.089
10	25	5.821	4.350	2.298
10	26	5.901	4.540	2.052
10	27	6.098	4.320	2.352
10	28	4.640	3.810	1.568
10	29	4.275	3.860	0.980
10	30	4.259	3.760	1.284
10	31	4.324	3.590	1.658
10	32	4.190	3.110	2.136
10	33	4.407	3.180	2.088
10	34	4.674	3.500	1.894
10	35	4.872	3.780	1.867
10	36	4.874	3.890	1.729
10	37	4.754	3.790	2.102
10	38	4.612	3.910	1.867
10	39	4.703	3.970	1.867
10	40	4.654	3.960	1.775
10	41	4.610	3.990	1.787
10	42	4.672	3.990	1.839
10	43	4.672	3.990	1.772
10	44	4.615	3.960	1.629
10	45	4.676	3.990	1.747
10	46	4.615	3.950	1.638
10	47	4.675	3.920	1.458
10	48	4.868	3.980	1.896
10	49	5.755	4.010	2.089
10	50	5.755	4.160	2.282
Executing FF Gene Output
10	B	6.866000000000002

11	1	4.543	3.640	1.747
11	2	4.976	3.860	2.074
11	3	5.025	4.360	2.003
11	4	5.000	5.000	0.000
11	5	5.000	5.000	0.000
11	6	5.000	4.730	1.057
11	7	5.000	5.000	0.000
11	8	5.000	4.750	0.978
11	9	5.000	4.460	1.470
11	10	5.000	5.000	0.000
11	11	5.000	4.790	0.977
11	12	5.000	5.000	0.000
11	13	5.000	4.790	0.919
11	14	5.000	5.000	0.000
11	15	5.000	5.000	0.000
11	16	5.000	5.000	0.000
11	17	5.000	4.600	1.271
11	18	5.000	4.770	1.072
11	19	5.000	5.000	0.000
11	20	5.000	5.000	0.000
11	21	5.000	5.000	0.000
11	22	5.000	5.000	0.000
11	23	5.000	5.000	0.000
11	24	5.000	5.000	0.000
11	25	5.000	5.000	0.000
11	26	5.000	4.810	0.992
11	27	5.000	4.830	0.894
11	28	5.000	5.000	0.000
11	29	5.000	5.000	0.000
11	30	5.000	5.000	0.000
11	31	5.000	5.000	0.000
11	32	5.000	5.000	0.000
11	33	5.000	4.760	0.976
11	34	5.000	4.780	1.088
11	35	5.000	4.310	1.668
11	36	5.000	4.760	1.070
11	37	5.000	4.720	1.457
11	38	5.000	4.580	1.597
11	39	5.000	4.770	1.234
11	40	5.000	4.700	1.133
11	41	5.000	5.000	0.000
11	42	5.000	4.620	1.656
11	43	5.000	5.000	0.000
11	44	5.000	4.680	1.366
11	45	5.000	4.820	1.081
11	46	5.000	4.780	1.203
11	47	5.000	4.800	1.235
11	48	5.000	4.640	1.592
11	49	5.000	5.000	0.000
11	50	5.000	5.000	0.000
Executing FF Gene Output
11	B	5.025

12	1	4.512	3.580	1.790
12	2	4.816	3.660	1.768
12	3	5.000	4.000	2.139
12	4	5.000	5.000	0.000
12	5	5.000	5.000	0.000
12	6	5.000	4.800	1.314
12	7	5.000	5.000	0.000
12	8	5.000	5.000	0.000
12	9	5.000	5.000	0.000
12	10	5.000	5.000	0.000
12	11	5.000	4.630	1.750
12	12	5.000	4.840	1.161
12	13	5.000	4.850	1.127
12	14	5.000	4.790	1.104
12	15	5.000	4.800	1.299
12	16	5.000	5.000	0.000
12	17	5.000	5.000	0.000
12	18	5.000	5.000	0.000
12	19	5.000	4.790	1.066
12	20	5.000	5.000	0.000
12	21	5.000	5.000	0.000
12	22	5.000	5.000	0.000
12	23	5.000	5.000	0.000
12	24	5.000	4.540	1.392
12	25	5.000	5.000	0.000
12	26	5.000	5.000	0.000
12	27	5.000	4.660	1.165
12	28	5.000	4.760	0.986
12	29	5.000	4.730	1.014
12	30	5.000	5.000	0.000
12	31	5.000	5.000	0.000
12	32	5.000	4.740	1.060
12	33	5.000	4.780	1.272
12	34	5.258	4.850	1.132
12	35	5.475	4.130	2.529
12	36	5.475	4.240	1.736
12	37	5.471	4.390	1.470
12	38	5.471	4.410	1.889
12	39	5.440	4.600	1.752
12	40	5.494	4.390	1.786
12	41	5.380	4.480	1.920
12	42	5.170	4.140	2.087
12	43	4.900	3.980	1.917
12	44	4.775	3.970	1.795
12	45	4.695	3.990	1.837
12	46	4.888	3.960	1.885
12	47	4.833	3.980	1.784
12	48	4.605	3.780	1.518
12	49	4.700	3.600	1.880
12	50	4.504	3.860	1.645
Executing FF Gene Output
12	B	5.494

13	1	4.598	3.640	1.706
13	2	5.000	3.770	2.024
13	3	5.205	4.250	1.904
13	4	5.711	4.780	1.102
13	5	5.000	4.620	1.499
13	6	5.000	5.000	0.000
13	7	5.000	5.000	0.000
13	8	5.000	5.000	0.000
13	9	5.000	5.000	0.000
13	10	5.000	5.000	0.000
13	11	5.000	5.000	0.000
13	12	5.000	4.840	1.007
13	13	5.000	4.830	0.900
13	14	5.000	4.640	1.311
13	15	5.000	5.000	0.000
13	16	5.000	5.000	0.000
13	17	5.000	4.790	1.018
13	18	5.000	5.000	0.000
13	19	5.000	4.810	0.976
13	20	5.000	4.760	1.129
13	21	5.000	4.820	0.963
13	22	5.000	4.760	1.011
13	23	5.000	4.800	0.943
13	24	5.000	5.000	0.000
13	25	5.000	5.000	0.000
13	26	5.000	5.000	0.000
13	27	5.000	4.450	1.500
13	28	5.000	4.550	1.388
13	29	5.000	4.250	1.702
13	30	5.000	4.450	1.517
13	31	5.000	5.000	0.000
13	32	5.000	5.000	0.000
13	33	5.000	4.680	1.180
13	34	5.000	4.800	0.959
13	35	5.000	5.000	0.000
13	36	5.000	5.000	0.000
13	37	5.000	4.790	0.891
13	38	5.000	5.000	0.000
13	39	5.000	5.000	0.000
13	40	5.000	4.820	0.914
13	41	5.000	5.000	0.000
13	42	5.000	5.000	0.000
13	43	5.000	5.000	0.000
13	44	5.000	4.540	1.363
13	45	5.000	4.640	1.181
13	46	5.000	5.000	0.000
13	47	5.000	4.780	0.922
13	48	5.000	4.770	1.095
13	49	5.000	5.000	0.000
13	50	5.000	4.680	1.136
Executing FF Gene Output
13	B	5.7109999999999985

14	1	4.652	3.660	1.698
14	2	4.825	3.740	1.835
14	3	5.000	4.080	2.385
14	4	5.049	4.520	1.886
14	5	5.000	5.000	0.000
14	6	5.000	5.000	0.000
14	7	5.000	5.000	0.000
14	8	5.000	5.000	0.000
14	9	5.000	4.610	1.775
14	10	5.000	4.570	1.841
14	11	5.000	4.770	1.395
14	12	5.000	4.810	1.277
14	13	5.000	4.790	1.196
14	14	5.000	5.000	0.000
14	15	5.000	4.670	1.633
14	16	5.000	5.000	0.000
14	17	5.000	5.000	0.000
14	18	5.000	5.000	0.000
14	19	5.000	5.000	0.000
14	20	5.000	4.570	1.863
14	21	5.000	4.530	1.951
14	22	5.000	4.780	1.379
14	23	5.000	4.820	1.246
14	24	5.000	5.000	0.000
14	25	5.000	4.830	1.215
14	26	5.000	4.850	1.140
14	27	5.000	5.000	0.000
14	28	5.000	5.000	0.000
14	29	5.000	5.000	0.000
14	30	5.000	4.810	1.277
14	31	5.000	5.000	0.000
14	32	5.000	5.000	0.000
14	33	5.000	5.000	0.000
14	34	5.000	4.720	1.544
14	35	5.000	4.680	1.651
14	36	5.000	4.760	1.419
14	37	5.000	5.000	0.000
14	38	5.000	5.000	0.000
14	39	5.000	5.000	0.000
14	40	5.000	4.830	1.074
14	41	5.000	5.000	0.000
14	42	5.000	5.000	0.000
14	43	5.000	4.850	0.941
14	44	5.000	4.690	1.485
14	45	5.000	4.640	1.664
14	46	5.000	4.680	1.582
14	47	5.508	4.860	1.010
14	48	5.892	4.140	2.202
14	49	5.900	4.060	2.073
14	50	5.898	3.980	2.172
Executing FF Gene Output
14	B	5.900000000000002

15	1	4.862	3.670	1.756
15	2	5.115	3.970	2.027
15	3	5.121	4.200	2.204
15	4	5.000	4.650	1.623
15	5	5.000	4.840	1.157
15	6	5.000	4.800	1.275
15	7	5.000	4.880	0.982
15	8	5.000	5.000	0.000
15	9	5.000	5.000	0.000
15	10	5.000	5.000	0.000
15	11	5.000	4.750	1.456
15	12	5.000	5.000	0.000
15	13	5.000	4.800	1.271
15	14	5.000	4.670	1.652
15	15	5.000	4.700	1.573
15	16	5.000	4.510	1.985
15	17	5.000	4.900	0.905
15	18	5.000	5.000	0.000
15	19	5.000	4.730	1.517
15	20	5.000	5.000	0.000
15	21	5.000	4.640	1.729
15	22	5.000	5.000	0.000
15	23	5.000	5.000	0.000
15	24	5.000	5.000	0.000
15	25	5.000	5.000	0.000
15	26	5.000	4.650	1.708
15	27	5.000	4.530	1.951
15	28	5.000	4.790	1.336
15	29	5.000	5.000	0.000
15	30	5.000	5.000	0.000
15	31	5.000	5.000	0.000
15	32	5.000	5.000	0.000
15	33	5.000	4.880	0.993
15	34	5.000	5.000	0.000
15	35	5.000	5.000	0.000
15	36	5.000	5.000	0.000
15	37	5.000	4.840	1.170
15	38	5.000	5.000	0.000
15	39	5.000	5.000	0.000
15	40	5.000	4.800	1.303
15	41	5.000	4.770	1.399
15	42	5.000	5.000	0.000
15	43	5.000	5.000	0.000
15	44	5.000	4.760	1.429
15	45	5.000	5.000	0.000
15	46	5.000	4.810	0.956
15	47	5.000	4.580	1.394
15	48	5.000	4.680	1.234
15	49	5.000	4.620	1.285
15	50	5.000	4.740	1.050
Executing FF Gene Output
15	B	5.121

16	1	4.680	3.670	1.709
16	2	5.000	3.910	2.016
16	3	5.000	4.180	2.027
16	4	5.000	4.830	1.092
16	5	5.000	4.760	1.129
16	6	5.000	4.800	0.964
16	7	5.000	4.850	0.903
16	8	5.000	5.000	0.000
16	9	5.000	5.000	0.000
16	10	5.083	4.710	1.108
16	11	5.000	4.780	0.975
16	12	5.000	4.480	1.537
16	13	5.000	4.440	1.483
16	14	5.000	5.000	0.000
16	15	5.000	5.000	0.000
16	16	5.000	5.000	0.000
16	17	5.000	4.810	0.940
16	18	5.000	4.710	1.144
16	19	5.000	5.000	0.000
16	20	5.000	5.000	0.000
16	21	5.000	4.620	1.274
16	22	5.000	4.780	0.960
16	23	5.000	5.000	0.000
16	24	5.000	4.670	1.252
16	25	5.000	4.750	1.034
16	26	5.000	4.730	1.158
16	27	5.000	4.780	0.996
16	28	5.000	4.730	1.014
16	29	5.000	4.880	0.924
16	30	5.000	5.000	0.000
16	31	5.000	4.750	1.109
16	32	5.000	4.640	1.279
16	33	5.000	4.840	0.794
16	34	5.000	5.000	0.000
16	35	5.000	5.000	0.000
16	36	5.000	4.810	0.855
16	37	5.000	4.660	1.212
16	38	5.000	4.820	0.857
16	39	5.000	4.220	1.630
16	40	5.000	4.670	1.185
16	41	5.000	4.840	0.825
16	42	5.000	4.850	0.821
16	43	5.000	5.000	0.000
16	44	5.000	4.870	0.706
16	45	5.000	4.470	1.439
16	46	5.000	5.000	0.000
16	47	5.000	4.780	1.045
16	48	5.000	4.660	1.224
16	49	5.000	5.000	0.000
16	50	5.000	4.800	0.969
Executing FF Gene Output
16	B	5.083000000000002

17	1	4.727	3.620	1.725
17	2	4.908	3.780	1.915
17	3	5.636	3.830	1.936
17	4	4.946	3.860	2.052
17	5	5.467	3.970	1.964
17	6	5.757	4.040	1.885
17	7	5.830	4.590	2.261
17	8	5.757	4.580	2.087
17	9	5.689	4.670	2.008
17	10	5.097	3.930	1.860
17	11	4.942	3.850	2.047
17	12	4.938	3.920	2.194
17	13	5.087	3.860	2.412
17	14	5.075	3.880	2.031
17	15	5.347	4.040	2.007
17	16	5.191	3.860	2.079
17	17	5.301	3.890	2.160
17	18	5.002	3.820	1.997
17	19	4.918	3.770	1.711
17	20	5.305	3.840	1.968
17	21	5.649	4.380	2.178
17	22	5.694	4.530	2.084
17	23	5.710	4.640	1.918
17	24	5.663	4.640	1.944
17	25	5.767	4.780	2.021
17	26	5.643	4.620	1.929
17	27	5.653	4.540	1.941
17	28	5.567	4.360	2.151
17	29	5.296	3.950	2.017
17	30	5.738	4.400	1.959
17	31	5.860	4.640	2.091
17	32	5.770	4.600	2.060
17	33	5.705	4.550	1.989
17	34	5.475	4.700	1.537
17	35	5.698	4.750	1.569
17	36	6.129	4.740	2.058
17	37	6.205	4.680	1.966
17	38	6.506	4.730	2.217
17	39	6.653	5.290	2.269
17	40	6.508	5.760	2.094
17	41	6.710	5.470	2.220
17	42	6.696	5.300	2.307
17	43	6.855	5.190	2.375
17	44	6.876	5.100	2.335
17	45	5.990	4.520	2.190
17	46	6.213	4.230	2.047
17	47	6.227	3.980	1.933
17	48	6.338	5.010	2.243
17	49	6.796	5.520	1.959
17	50	6.794	5.280	2.283
Executing FF Gene Output
17	B	6.8759999999999994

18	1	4.568	3.670	1.682
18	2	4.914	3.830	2.050
18	3	5.060	4.270	2.103
18	4	5.000	4.660	1.571
18	5	5.000	5.000	0.000
18	6	5.000	5.000	0.000
18	7	5.000	4.480	1.259
18	8	5.000	4.480	1.374
18	9	5.000	5.000	0.000
18	10	5.000	5.000	0.000
18	11	5.000	5.000	0.000
18	12	5.000	5.000	0.000
18	13	5.000	5.000	0.000
18	14	5.000	4.290	1.413
18	15	5.000	4.730	0.920
18	16	5.000	5.000	0.000
18	17	5.000	5.000	0.000
18	18	5.000	5.000	0.000
18	19	5.000	5.000	0.000
18	20	5.000	5.000	0.000
18	21	5.000	4.780	1.074
18	22	5.000	5.000	0.000
18	23	5.000	5.000	0.000
18	24	5.000	4.800	1.030
18	25	5.000	4.650	1.278
18	26	5.060	4.450	1.623
18	27	5.030	4.860	1.005
18	28	5.000	5.000	0.000
18	29	5.000	5.000	0.000
18	30	5.000	5.000	0.000
18	31	5.000	5.000	0.000
18	32	5.000	5.000	0.000
18	33	5.000	5.000	0.000
18	34	5.000	5.000	0.000
18	35	5.000	5.000	0.000
18	36	5.000	5.000	0.000
18	37	5.000	4.800	1.168
18	38	5.000	4.630	1.637
18	39	5.000	4.590	1.667
18	40	5.000	5.000	0.000
18	41	5.000	5.000	0.000
18	42	5.000	5.000	0.000
18	43	5.000	5.000	0.000
18	44	5.000	5.000	0.000
18	45	5.000	4.810	1.178
18	46	5.000	5.000	0.000
18	47	5.000	5.000	0.000
18	48	5.000	4.790	1.192
18	49	5.000	4.850	0.978
18	50	5.000	5.000	0.000
Executing FF Gene Output
18	B	5.0600000000000005

19	1	4.732	3.640	1.755
19	2	5.000	4.030	1.842
19	3	5.000	4.530	1.359
19	4	5.000	5.000	0.000
19	5	5.000	4.860	0.779
19	6	5.000	5.000	0.000
19	7	5.000	5.000	0.000
19	8	5.000	5.000	0.000
19	9	5.000	5.000	0.000
19	10	5.000	4.750	1.086
19	11	5.000	5.000	0.000
19	12	5.000	5.000	0.000
19	13	5.000	4.770	1.072
19	14	5.000	4.880	0.874
19	15	5.000	4.620	1.641
19	16	5.000	4.790	0.856
19	17	5.000	4.730	1.402
19	18	5.000	5.000	0.000
19	19	5.000	5.000	0.000
19	20	5.000	5.000	0.000
19	21	5.000	5.000	0.000
19	22	5.000	4.860	1.092
19	23	5.000	5.000	0.000
19	24	5.000	5.000	0.000
19	25	5.000	4.820	1.149
19	26	5.000	4.850	0.809
19	27	5.000	4.530	1.490
19	28	5.000	4.290	1.698
19	29	5.000	5.000	0.000
19	30	5.000	4.660	1.085
19	31	5.000	5.000	0.000
19	32	5.000	4.850	0.744
19	33	5.000	5.000	0.000
19	34	5.000	5.000	0.000
19	35	5.000	5.000	0.000
19	36	5.000	4.760	1.050
19	37	5.000	4.730	1.072
19	38	5.000	5.000	0.000
19	39	5.000	5.000	0.000
19	40	5.000	5.000	0.000
19	41	5.000	5.000	0.000
19	42	5.000	5.000	0.000
19	43	5.000	5.000	0.000
19	44	5.000	4.800	1.040
19	45	5.000	5.000	0.000
19	46	5.000	5.000	0.000
19	47	5.000	5.000	0.000
19	48	5.000	5.000	0.000
19	49	5.000	4.740	1.079
19	50	5.000	5.000	0.000
Executing FF Gene Output
19	B	5.0

20	1	4.637	3.640	1.767
20	2	4.495	3.560	1.766
20	3	4.717	3.740	1.603
20	4	4.773	3.860	1.726
20	5	4.952	3.960	1.917
20	6	5.022	4.040	2.376
20	7	5.364	4.060	2.440
20	8	5.235	4.020	2.091
20	9	5.026	3.960	2.069
20	10	4.881	3.960	1.930
20	11	5.189	4.010	2.079
20	12	4.885	3.890	1.731
20	13	4.836	3.780	1.779
20	14	4.705	3.870	1.130
20	15	4.762	3.890	1.623
20	16	4.741	3.370	1.983
20	17	5.053	3.820	1.811
20	18	4.515	3.790	1.270
20	19	4.531	3.930	0.801
20	20	4.451	3.710	1.552
20	21	4.501	3.490	1.875
20	22	4.897	3.710	1.808
20	23	4.939	3.840	1.704
20	24	5.012	3.990	2.331
20	25	5.002	4.000	2.254
20	26	5.004	3.990	2.190
20	27	4.983	3.980	2.169
20	28	4.959	3.970	1.825
20	29	4.873	3.860	1.790
20	30	5.000	3.890	1.684
20	31	5.002	4.280	1.621
20	32	5.000	5.000	0.000
20	33	5.000	5.000	0.000
20	34	5.000	5.000	0.000
20	35	5.000	5.000	0.000
20	36	5.000	5.000	0.000
20	37	5.000	4.340	1.423
20	38	5.000	4.700	1.064
20	39	5.000	4.560	1.213
20	40	5.000	5.000	0.000
20	41	5.000	4.760	1.046
20	42	5.000	4.520	1.421
20	43	5.000	5.000	0.000
20	44	5.000	5.000	0.000
20	45	5.000	4.800	1.082
20	46	5.000	5.000	0.000
20	47	5.000	5.000	0.000
20	48	5.000	5.000	0.000
20	49	5.000	5.000	0.000
20	50	5.000	5.000	0.000
Executing FF Gene Output
20	B	5.364000000000002

21	1	4.764	3.640	1.801
21	2	5.000	4.020	2.209
21	3	5.000	4.310	2.107
21	4	5.000	4.780	1.371
21	5	5.016	4.830	1.231
21	6	5.000	4.770	1.399
21	7	5.000	5.000	0.000
21	8	5.000	4.790	1.336
21	9	5.000	4.850	1.140
21	10	5.000	4.780	1.397
21	11	5.000	5.000	0.000
21	12	5.000	4.750	1.466
21	13	5.000	4.630	1.762
21	14	5.000	4.800	1.322
21	15	5.000	4.740	1.450
21	16	5.000	4.860	1.059
21	17	5.000	5.000	0.000
21	18	5.000	4.790	1.332
21	19	5.000	5.000	0.000
21	20	5.000	4.820	1.184
21	21	5.000	5.000	0.000
21	22	5.000	5.000	0.000
21	23	5.000	5.000	0.000
21	24	5.000	4.790	1.293
21	25	5.000	5.000	0.000
21	26	5.000	4.820	1.162
21	27	5.000	5.000	0.000
21	28	5.000	4.800	1.247
21	29	5.000	4.790	1.246
21	30	5.000	5.000	0.000
21	31	5.000	4.840	1.157
21	32	5.000	5.000	0.000
21	33	5.000	4.640	1.443
21	34	5.000	5.000	0.000
21	35	5.000	4.780	1.299
21	36	5.000	5.000	0.000
21	37	5.000	5.000	0.000
21	38	5.000	4.810	1.228
21	39	5.000	5.000	0.000
21	40	5.000	5.000	0.000
21	41	5.000	5.000	0.000
21	42	5.000	4.800	1.263
21	43	5.000	5.000	0.000
21	44	5.000	4.780	1.360
21	45	5.000	5.000	0.000
21	46	5.000	4.650	1.286
21	47	5.000	4.690	1.412
21	48	5.000	5.000	0.000
21	49	5.000	5.000	0.000
21	50	5.000	4.690	1.426
Executing FF Gene Output
21	B	5.016

22	1	4.650	3.660	1.695
22	2	4.946	3.830	1.793
22	3	5.240	4.220	1.947
22	4	5.257	4.520	1.614
22	5	5.000	4.540	1.459
22	6	5.000	5.000	0.000
22	7	5.000	5.000	0.000
22	8	5.000	5.000	0.000
22	9	5.000	5.000	0.000
22	10	5.000	5.000	0.000
22	11	5.000	4.670	1.371
22	12	5.000	4.760	1.001
22	13	5.000	5.000	0.000
22	14	5.000	4.830	0.817
22	15	5.000	4.770	0.999
22	16	5.000	4.830	0.900
22	17	5.000	5.000	0.000
22	18	5.000	4.810	0.800
22	19	5.000	5.000	0.000
22	20	5.000	4.860	0.785
22	21	5.000	5.000	0.000
22	22	5.000	5.000	0.000
22	23	5.000	5.000	0.000
22	24	5.000	4.790	1.305
22	25	5.000	5.000	0.000
22	26	5.000	5.000	0.000
22	27	5.000	4.740	1.447
22	28	5.000	5.000	0.000
22	29	5.000	4.880	0.962
22	30	5.000	5.000	0.000
22	31	5.000	4.820	1.192
22	32	5.000	4.830	1.133
22	33	5.000	5.000	0.000
22	34	5.000	4.790	1.285
22	35	5.000	4.800	1.202
22	36	5.000	4.830	1.142
22	37	5.000	5.000	0.000
22	38	5.000	5.000	0.000
22	39	5.000	5.000	0.000
22	40	5.000	5.000	0.000
22	41	5.000	5.000	0.000
22	42	5.000	5.000	0.000
22	43	5.000	5.000	0.000
22	44	5.000	5.000	0.000
22	45	5.000	5.000	0.000
22	46	5.000	5.000	0.000
22	47	5.000	4.530	1.392
22	48	5.000	4.730	1.076
22	49	5.000	4.550	1.373
22	50	5.000	4.610	1.254
Executing FF Gene Output
22	B	5.257

23	1	4.835	3.690	1.683
23	2	5.010	3.830	1.952
23	3	5.000	4.640	1.432
23	4	5.000	4.830	0.798
23	5	5.000	4.690	1.161
23	6	5.000	5.000	0.000
23	7	5.000	5.000	0.000
23	8	5.000	5.000	0.000
23	9	5.000	5.000	0.000
23	10	5.000	5.000	0.000
23	11	5.000	4.830	0.922
23	12	5.000	4.790	1.018
23	13	5.000	5.000	0.000
23	14	5.000	4.750	1.058
23	15	5.000	5.000	0.000
23	16	5.000	5.000	0.000
23	17	5.000	5.000	0.000
23	18	5.000	4.720	1.079
23	19	5.000	5.000	0.000
23	20	5.000	5.000	0.000
23	21	5.000	4.700	1.059
23	22	5.000	4.800	1.040
23	23	5.000	5.000	0.000
23	24	5.000	5.000	0.000
23	25	5.000	4.560	1.510
23	26	5.000	5.000	0.000
23	27	5.000	4.830	1.001
23	28	5.000	4.830	0.922
23	29	5.000	4.770	1.057
23	30	5.000	4.850	0.925
23	31	5.000	5.000	0.000
23	32	5.000	5.000	0.000
23	33	5.000	4.610	1.435
23	34	5.000	5.000	0.000
23	35	5.000	5.000	0.000
23	36	5.000	5.000	0.000
23	37	5.000	4.800	1.110
23	38	5.000	5.000	0.000
23	39	5.000	4.850	0.880
23	40	5.000	4.540	1.487
23	41	5.000	5.000	0.000
23	42	5.000	5.000	0.000
23	43	5.000	5.000	0.000
23	44	5.000	4.740	1.031
23	45	5.000	5.000	0.000
23	46	5.000	5.000	0.000
23	47	5.000	5.000	0.000
23	48	5.000	4.780	1.050
23	49	5.000	5.000	0.000
23	50	5.000	5.000	0.000
Executing FF Gene Output
23	B	5.01

24	1	4.730	3.590	1.798
24	2	5.000	3.490	1.904
24	3	5.410	3.680	1.855
24	4	6.256	4.130	2.033
24	5	6.724	4.510	2.193
24	6	6.616	4.970	2.283
24	7	6.704	5.220	2.497
24	8	6.728	4.970	2.395
24	9	6.666	4.860	2.541
24	10	6.698	5.010	2.445
24	11	6.698	4.780	2.383
24	12	6.665	4.410	2.277
24	13	6.722	4.020	2.316
24	14	6.718	4.730	2.576
24	15	6.720	4.370	2.727
24	16	6.638	4.380	2.612
24	17	6.718	4.950	2.585
24	18	6.710	5.280	2.535
24	19	6.718	5.600	2.283
24	20	6.687	5.340	2.257
24	21	6.653	5.250	2.540
24	22	6.476	5.480	2.195
24	23	6.528	5.200	2.404
24	24	6.682	5.020	2.209
24	25	6.840	5.640	2.584
24	26	6.842	5.800	2.695
24	27	6.842	5.820	2.878
24	28	6.830	5.770	2.787
24	29	6.830	5.800	2.503
24	30	6.830	5.750	2.566
24	31	6.830	5.800	2.782
24	32	6.832	5.790	2.786
24	33	6.836	5.820	2.715
24	34	6.658	5.910	2.710
24	35	6.834	5.900	2.674
24	36	6.838	5.810	2.927
24	37	6.836	5.940	2.812
24	38	6.834	5.750	2.832
24	39	6.842	5.900	2.825
24	40	6.844	5.900	2.545
24	41	6.838	5.940	2.508
24	42	6.746	5.740	2.306
24	43	6.804	5.670	2.404
24	44	6.676	5.840	2.489
24	45	6.654	5.690	2.257
24	46	6.658	5.540	2.172
24	47	6.712	5.400	2.287
24	48	6.450	5.230	2.320
24	49	6.704	5.630	2.142
24	50	6.652	5.770	2.088
Executing FF Gene Output
24	B	6.844000000000001

25	1	4.694	3.690	1.594
25	2	4.847	3.420	1.960
25	3	4.718	3.540	1.786
25	4	4.717	3.360	2.018
25	5	4.404	3.480	1.828
25	6	4.451	3.350	1.885
25	7	4.448	3.190	2.070
25	8	4.521	3.530	1.772
25	9	4.599	3.520	1.798
25	10	4.521	3.550	1.780
25	11	4.506	3.580	1.695
25	12	4.497	3.700	1.661
25	13	4.532	3.710	1.591
25	14	4.420	3.530	1.732
25	15	4.451	3.530	1.678
25	16	4.349	3.780	1.356
25	17	4.644	3.870	1.276
25	18	4.736	3.870	1.910
25	19	4.736	3.900	2.030
25	20	4.692	3.910	1.875
25	21	4.721	3.940	1.805
25	22	4.577	3.840	1.597
25	23	4.601	3.670	1.589
25	24	4.580	3.580	1.790
25	25	5.286	3.670	1.661
25	26	5.102	3.830	1.655
25	27	6.330	3.870	1.692
25	28	6.437	4.310	2.063
25	29	6.383	4.790	2.350
25	30	6.364	4.530	2.209
25	31	6.454	4.650	2.280
25	32	6.310	4.330	2.239
25	33	6.451	5.000	2.397
25	34	6.552	5.390	2.224
25	35	6.568	5.440	2.173
25	36	6.532	5.170	2.257
25	37	6.440	4.870	2.259
25	38	6.447	5.110	2.352
25	39	6.330	4.630	2.135
25	40	5.641	3.830	2.123
25	41	6.026	3.930	1.942
25	42	5.766	4.110	1.992
25	43	5.035	3.610	1.898
25	44	4.900	3.650	1.663
25	45	6.681	3.370	1.975
25	46	6.681	3.090	1.899
25	47	6.681	3.660	2.415
25	48	6.681	4.170	2.654
25	49	6.681	4.060	2.524
25	50	6.681	4.160	2.398
Executing FF Gene Output
25	B	6.680999999999997

26	1	4.610	3.590	1.784
26	2	4.755	3.700	1.676
26	3	4.694	3.600	1.806
26	4	5.000	3.700	1.630
26	5	4.803	3.570	1.819
26	6	4.443	3.580	1.495
26	7	4.588	3.420	1.879
26	8	4.490	3.390	2.039
26	9	4.453	3.480	1.923
26	10	4.308	3.510	1.831
26	11	4.378	3.630	1.618
26	12	4.340	3.740	1.383
26	13	4.346	3.720	1.471
26	14	4.359	3.660	1.545
26	15	4.415	3.730	1.452
26	16	4.402	3.840	1.324
26	17	4.357	3.790	1.351
26	18	4.363	3.710	1.552
26	19	4.658	3.690	1.542
26	20	4.876	3.680	1.666
26	21	4.517	3.460	1.914
26	22	5.166	3.730	1.731
26	23	4.612	3.310	1.981
26	24	5.216	3.720	1.709
26	25	5.161	3.950	1.877
26	26	5.227	4.120	2.022
26	27	5.318	4.440	1.805
26	28	5.365	4.550	1.825
26	29	5.314	4.630	1.709
26	30	5.314	4.710	1.597
26	31	5.361	4.490	1.985
26	32	5.359	4.770	1.610
26	33	5.389	4.620	1.908
26	34	5.321	4.580	1.849
26	35	5.396	4.680	1.604
26	36	5.380	4.700	1.685
26	37	5.325	4.630	1.745
26	38	5.273	4.170	2.202
26	39	5.389	4.210	2.049
26	40	5.325	4.410	1.821
26	41	5.338	4.440	1.940
26	42	5.292	4.580	1.824
26	43	5.297	4.780	1.605
26	44	5.270	4.550	1.904
26	45	5.270	4.830	1.538
26	46	5.270	4.750	1.598
26	47	5.270	4.730	1.604
26	48	5.270	4.590	1.829
26	49	5.277	4.750	1.663
26	50	5.277	4.720	1.679
Executing FF Gene Output
26	B	5.395999999999999

27	1	4.671	3.630	1.768
27	2	5.044	3.880	1.950
27	3	5.000	4.810	1.228
27	4	5.000	4.800	1.064
27	5	5.000	4.810	1.065
27	6	5.000	4.690	1.277
27	7	5.000	5.000	0.000
27	8	5.000	4.790	1.108
27	9	5.000	5.000	0.000
27	10	5.000	5.000	0.000
27	11	5.000	4.650	1.399
27	12	5.000	4.800	1.068
27	13	5.000	5.000	0.000
27	14	5.000	4.620	1.335
27	15	5.000	5.000	0.000
27	16	5.000	5.000	0.000
27	17	5.000	4.690	1.293
27	18	5.000	4.490	1.633
27	19	5.000	4.700	1.259
27	20	5.000	5.000	0.000
27	21	5.000	4.840	0.918
27	22	5.000	4.690	1.257
27	23	5.000	5.000	0.000
27	24	5.000	5.000	0.000
27	25	5.000	4.800	1.092
27	26	5.000	5.000	0.000
27	27	5.000	5.000	0.000
27	28	5.000	5.000	0.000
27	29	5.000	5.000	0.000
27	30	5.000	5.000	0.000
27	31	5.000	5.000	0.000
27	32	5.000	4.800	0.969
27	33	5.000	4.770	1.162
27	34	5.000	4.630	1.433
27	35	5.000	4.810	1.032
27	36	5.000	4.700	1.363
27	37	5.000	5.000	0.000
27	38	5.000	5.000	0.000
27	39	5.000	4.460	1.681
27	40	5.000	4.580	1.615
27	41	5.000	4.790	1.099
27	42	5.000	4.680	1.351
27	43	5.000	4.790	1.062
27	44	5.000	5.000	0.000
27	45	5.000	5.000	0.000
27	46	5.000	5.000	0.000
27	47	5.000	5.000	0.000
27	48	5.000	5.000	0.000
27	49	5.000	5.000	0.000
27	50	5.000	4.820	1.114
Executing FF Gene Output
27	B	5.044

28	1	4.626	3.590	1.781
28	2	4.853	3.620	1.716
28	3	4.944	3.820	1.610
28	4	5.000	4.240	2.292
28	5	5.000	4.810	1.199
28	6	5.000	4.840	1.042
28	7	5.000	5.000	0.000
28	8	5.000	4.800	1.227
28	9	5.000	5.000	0.000
28	10	5.000	5.000	0.000
28	11	5.000	5.000	0.000
28	12	5.000	5.000	0.000
28	13	5.000	4.790	1.209
28	14	5.000	4.740	1.360
28	15	5.000	4.820	1.136
28	16	5.000	4.630	1.612
28	17	5.000	4.820	1.118
28	18	5.000	4.710	1.434
28	19	5.000	4.770	1.270
28	20	5.000	4.570	1.698
28	21	5.000	4.630	1.596
28	22	5.000	4.830	1.202
28	23	5.000	4.780	1.232
28	24	5.000	4.820	1.188
28	25	5.016	4.810	1.253
28	26	5.000	4.650	1.648
28	27	5.000	5.000	0.000
28	28	5.000	4.730	1.462
28	29	5.000	5.000	0.000
28	30	5.000	4.800	1.271
28	31	5.000	5.000	0.000
28	32	5.000	4.840	1.126
28	33	5.000	5.000	0.000
28	34	5.000	5.000	0.000
28	35	5.000	5.000	0.000
28	36	5.000	5.000	0.000
28	37	5.000	4.800	1.307
28	38	5.000	4.710	1.539
28	39	5.000	4.870	1.046
28	40	5.000	4.830	1.198
28	41	5.000	4.800	1.299
28	42	5.000	5.000	0.000
28	43	5.000	4.740	1.464
28	44	5.000	5.000	0.000
28	45	5.000	4.780	1.045
28	46	5.000	5.000	0.000
28	47	5.000	5.000	0.000
28	48	5.000	5.000	0.000
28	49	5.000	4.590	1.260
28	50	5.000	4.580	1.273
Executing FF Gene Output
28	B	5.016

29	1	4.726	3.620	1.734
29	2	4.441	3.530	1.825
29	3	4.619	3.610	1.734
29	4	4.479	3.710	1.529
29	5	5.000	3.970	1.817
29	6	5.000	4.190	1.908
29	7	5.000	4.870	0.849
29	8	5.000	5.000	0.000
29	9	5.389	4.760	1.364
29	10	5.450	4.170	2.111
29	11	5.324	3.810	2.284
29	12	5.418	3.820	1.974
29	13	5.000	3.710	2.098
29	14	5.010	4.360	1.861
29	15	5.010	4.710	1.328
29	16	5.000	5.000	0.000
29	17	5.000	4.810	0.878
29	18	5.000	5.000	0.000
29	19	5.000	5.000	0.000
29	20	5.000	4.640	1.263
29	21	5.000	5.000	0.000
29	22	5.000	4.510	1.396
29	23	5.000	4.600	1.235
29	24	5.000	4.560	1.270
29	25	5.000	4.750	1.019
29	26	5.000	5.000	0.000
29	27	5.000	5.000	0.000
29	28	5.000	4.790	1.008
29	29	5.000	5.000	0.000
29	30	5.165	4.800	0.980
29	31	5.000	4.810	0.956
29	32	5.000	4.510	1.463
29	33	5.000	4.820	0.936
29	34	5.000	4.750	1.132
29	35	5.000	5.000	0.000
29	36	5.000	5.000	0.000
29	37	5.000	5.000	0.000
29	38	5.000	5.000	0.000
29	39	5.000	5.000	0.000
29	40	5.000	5.000	0.000
29	41	5.000	5.000	0.000
29	42	5.000	5.000	0.000
29	43	5.000	5.000	0.000
29	44	5.000	4.790	0.967
29	45	5.000	4.600	1.243
29	46	5.000	5.000	0.000
29	47	5.000	4.770	1.043
29	48	5.000	5.000	0.000
29	49	5.000	5.000	0.000
29	50	5.000	5.000	0.000
Executing FF Gene Output
29	B	5.45

30	1	4.787	3.660	1.777
30	2	5.058	3.960	1.946
30	3	5.000	4.300	1.990
30	4	5.000	4.810	1.089
30	5	5.000	5.000	0.000
30	6	5.515	4.720	1.484
30	7	5.000	5.000	0.000
30	8	5.000	4.830	1.160
30	9	5.000	4.570	1.455
30	10	5.000	4.790	1.192
30	11	5.000	5.000	0.000
30	12	5.000	5.000	0.000
30	13	5.000	5.000	0.000
30	14	5.000	5.000	0.000
30	15	5.000	5.000	0.000
30	16	5.000	4.820	1.205
30	17	5.000	4.810	1.241
30	18	5.000	5.000	0.000
30	19	5.000	5.000	0.000
30	20	5.000	5.000	0.000
30	21	5.000	4.800	1.243
30	22	5.000	5.000	0.000
30	23	5.000	4.840	1.126
30	24	5.000	5.000	0.000
30	25	5.000	4.820	1.192
30	26	5.000	4.780	1.299
30	27	5.000	4.740	1.125
30	28	5.000	5.000	0.000
30	29	5.000	5.000	0.000
30	30	5.000	4.720	1.511
30	31	5.000	5.000	0.000
30	32	5.000	5.000	0.000
30	33	5.497	4.810	1.289
30	34	5.000	5.000	0.000
30	35	5.018	4.960	0.511
30	36	5.000	4.790	1.293
30	37	5.000	5.000	0.000
30	38	5.018	4.960	0.412
30	39	5.018	4.970	0.425
30	40	5.000	5.000	0.000
30	41	5.000	5.000	0.000
30	42	5.000	5.000	0.000
30	43	5.009	4.970	0.425
30	44	5.018	4.980	0.301
30	45	5.000	5.000	0.000
30	46	5.000	5.000	0.000
30	47	5.090	4.940	0.592
30	48	5.000	5.000	0.000
30	49	5.000	5.000	0.000
30	50	5.018	4.970	0.437
Executing FF Gene Output
30	B	5.5150000000000015

31	1	4.510	3.610	1.711
31	2	4.879	3.870	1.770
31	3	5.000	4.330	2.043
31	4	5.000	4.360	2.165
31	5	5.000	4.830	1.194
31	6	5.000	5.000	0.000
31	7	5.000	4.700	1.534
31	8	5.000	4.660	1.609
31	9	5.000	5.000	0.000
31	10	5.000	5.000	0.000
31	11	5.000	5.000	0.000
31	12	5.000	5.000	0.000
31	13	5.000	5.000	0.000
31	14	5.000	4.800	1.227
31	15	5.000	4.780	1.292
31	16	5.000	5.000	0.000
31	17	5.000	5.000	0.000
31	18	5.000	5.000	0.000
31	19	5.000	5.000	0.000
31	20	5.000	4.770	1.313
31	21	5.146	4.820	1.114
31	22	5.000	4.790	1.297
31	23	5.000	4.800	1.078
31	24	5.000	4.770	1.104
31	25	5.000	4.510	1.467
31	26	5.000	4.850	0.809
31	27	5.000	5.000	0.000
31	28	5.000	4.820	0.796
31	29	5.000	4.500	1.418
31	30	5.000	4.720	1.111
31	31	5.000	5.000	0.000
31	32	5.000	4.720	1.055
31	33	5.000	4.760	0.960
31	34	5.000	4.790	0.924
31	35	5.000	5.000	0.000
31	36	5.000	4.760	0.933
31	37	5.000	5.000	0.000
31	38	5.000	5.000	0.000
31	39	5.000	5.000	0.000
31	40	5.000	4.750	0.973
31	41	5.000	5.000	0.000
31	42	5.000	5.000	0.000
31	43	5.000	4.740	1.001
31	44	5.000	5.000	0.000
31	45	5.000	4.760	1.088
31	46	5.000	5.000	0.000
31	47	5.000	5.000	0.000
31	48	5.000	5.000	0.000
31	49	5.000	5.000	0.000
31	50	5.000	5.000	0.000
Executing FF Gene Output
31	B	5.145999999999999

32	1	4.720	3.560	1.808
32	2	4.984	3.820	1.858
32	3	5.000	4.160	2.051
32	4	5.000	4.820	1.201
32	5	5.000	5.000	0.000
32	6	5.000	4.770	1.221
32	7	5.000	4.810	1.070
32	8	5.000	4.660	1.220
32	9	5.000	5.000	0.000
32	10	5.000	5.000	0.000
32	11	5.000	5.000	0.000
32	12	5.000	5.000	0.000
32	13	5.000	4.820	1.201
32	14	5.000	4.800	1.283
32	15	5.000	5.000	0.000
32	16	5.000	5.000	0.000
32	17	5.000	5.000	0.000
32	18	5.000	4.620	1.513
32	19	5.000	4.630	1.593
32	20	5.000	4.780	1.334
32	21	5.000	4.700	1.504
32	22	5.000	4.870	0.806
32	23	5.000	5.000	0.000
32	24	5.000	4.800	1.283
32	25	5.000	5.000	0.000
32	26	5.137	4.730	1.496
32	27	5.000	5.000	0.000
32	28	5.000	4.550	1.420
32	29	5.000	5.000	0.000
32	30	5.000	4.520	1.407
32	31	5.000	5.000	0.000
32	32	5.000	4.600	1.378
32	33	5.000	4.860	0.759
32	34	5.000	4.820	0.898
32	35	5.000	5.000	0.000
32	36	5.000	4.790	0.983
32	37	5.000	4.720	1.106
32	38	5.000	5.000	0.000
32	39	5.000	5.000	0.000
32	40	5.000	5.000	0.000
32	41	5.000	5.000	0.000
32	42	5.000	5.000	0.000
32	43	5.000	4.770	1.043
32	44	5.000	5.000	0.000
32	45	5.018	4.770	0.925
32	46	5.012	4.770	0.947
32	47	5.012	4.710	1.090
32	48	5.018	4.720	0.991
32	49	5.000	4.810	0.907
32	50	5.000	5.000	0.000
Executing FF Gene Output
32	B	5.137000000000001

33	1	4.679	3.700	1.673
33	2	5.039	4.410	1.960
33	3	5.219	4.580	1.768
33	4	5.214	4.820	1.238
33	5	5.000	5.000	0.000
33	6	5.000	5.000	0.000
33	7	5.000	5.000	0.000
33	8	5.000	5.000	0.000
33	9	5.000	4.750	1.469
33	10	5.000	4.820	1.254
33	11	5.000	4.750	1.462
33	12	5.000	4.860	1.110
33	13	5.000	5.000	0.000
33	14	5.000	5.000	0.000
33	15	5.000	4.570	1.863
33	16	5.000	5.000	0.000
33	17	5.000	4.830	1.215
33	18	5.000	4.800	1.318
33	19	5.075	4.780	1.382
33	20	5.287	4.010	2.134
33	21	5.379	3.930	1.948
33	22	5.089	3.430	1.835
33	23	5.446	3.410	2.097
33	24	5.972	3.450	2.037
33	25	5.651	3.620	2.029
33	26	5.067	3.420	1.807
33	27	5.462	3.680	1.877
33	28	4.892	3.660	1.854
33	29	4.826	3.640	1.752
33	30	4.575	3.560	1.822
33	31	4.581	3.420	1.897
33	32	5.159	3.640	1.878
33	33	4.714	3.510	1.859
33	34	4.825	3.530	1.917
33	35	4.732	3.230	1.919
33	36	4.538	3.330	1.875
33	37	4.531	3.250	1.989
33	38	4.641	3.320	2.022
33	39	4.864	3.590	1.944
33	40	4.505	3.660	1.542
33	41	4.160	3.420	1.905
33	42	4.528	3.650	1.617
33	43	4.600	3.890	1.648
33	44	4.600	3.990	1.809
33	45	4.600	3.930	1.808
33	46	4.600	3.940	1.930
33	47	4.600	3.920	2.068
33	48	4.600	3.940	1.825
33	49	4.641	3.980	1.980
33	50	4.600	3.960	2.086
Executing FF Gene Output
33	B	5.972000000000001

34	1	4.646	3.600	1.856
34	2	4.691	3.640	1.790
34	3	4.657	3.640	1.886
34	4	5.061	3.990	2.222
34	5	5.000	4.830	1.050
34	6	5.000	5.000	0.000
34	7	5.000	4.720	1.219
34	8	5.000	4.720	1.138
34	9	5.000	4.760	1.011
34	10	5.000	4.590	1.264
34	11	5.000	5.000	0.000
34	12	5.000	5.000	0.000
34	13	5.000	5.000	0.000
34	14	5.000	5.000	0.000
34	15	5.000	5.000	0.000
34	16	5.000	5.000	0.000
34	17	5.000	4.540	1.279
34	18	5.000	5.000	0.000
34	19	5.000	5.000	0.000
34	20	5.000	5.000	0.000
34	21	5.000	4.520	1.382
34	22	5.000	4.710	1.008
34	23	5.000	4.730	1.024
34	24	5.000	5.000	0.000
34	25	5.000	4.750	0.931
34	26	5.000	4.680	1.246
34	27	5.000	4.780	0.848
34	28	5.000	5.000	0.000
34	29	5.000	4.660	1.199
34	30	5.000	4.660	1.121
34	31	5.000	4.530	1.417
34	32	5.000	4.610	1.209
34	33	5.000	5.000	0.000
34	34	5.000	5.000	0.000
34	35	5.000	5.000	0.000
34	36	5.000	4.780	0.991
34	37	5.000	5.000	0.000
34	38	5.000	5.000	0.000
34	39	5.000	4.710	1.090
34	40	5.000	5.000	0.000
34	41	5.000	5.000	0.000
34	42	5.000	4.600	1.259
34	43	5.000	4.510	1.337
34	44	5.000	4.720	1.164
34	45	5.000	5.000	0.000
34	46	5.000	5.000	0.000
34	47	5.000	5.000	0.000
34	48	5.000	4.750	1.218
34	49	5.000	5.000	0.000
34	50	5.000	4.540	1.463
Executing FF Gene Output
34	B	5.061

35	1	4.667	3.610	1.783
35	2	4.970	3.790	1.974
35	3	5.074	4.070	2.257
35	4	5.009	4.840	1.130
35	5	5.000	5.000	0.000
35	6	5.000	5.000	0.000
35	7	5.000	5.000	0.000
35	8	5.000	4.750	1.325
35	9	5.000	4.830	1.088
35	10	5.000	4.790	1.229
35	11	5.000	4.860	1.015
35	12	5.000	4.840	1.056
35	13	5.000	5.000	0.000
35	14	5.000	5.000	0.000
35	15	5.000	4.810	1.245
35	16	5.000	5.000	0.000
35	17	5.000	5.000	0.000
35	18	5.000	5.000	0.000
35	19	5.000	4.580	1.832
35	20	5.000	5.000	0.000
35	21	5.000	5.000	0.000
35	22	5.000	5.000	0.000
35	23	5.000	4.840	1.148
35	24	5.000	5.000	0.000
35	25	5.000	4.790	1.166
35	26	5.000	4.810	1.224
35	27	5.000	5.000	0.000
35	28	5.000	5.000	0.000
35	29	5.000	4.800	1.049
35	30	5.000	4.570	1.489
35	31	5.000	4.840	1.037
35	32	5.000	4.810	1.012
35	33	5.000	4.760	1.169
35	34	5.000	5.000	0.000
35	35	5.000	4.670	1.364
35	36	5.000	4.700	1.371
35	37	5.000	4.800	1.059
35	38	5.000	4.800	1.119
35	39	5.000	5.000	0.000
35	40	5.000	5.000	0.000
35	41	5.000	5.000	0.000
35	42	5.000	5.000	0.000
35	43	5.000	4.750	1.081
35	44	5.000	5.000	0.000
35	45	5.000	4.670	1.338
35	46	5.000	5.000	0.000
35	47	5.000	4.830	0.900
35	48	5.000	4.870	0.855
35	49	5.000	4.650	1.197
35	50	5.000	4.830	1.092
Executing FF Gene Output
35	B	5.074

36	1	4.487	3.600	1.729
36	2	4.707	3.640	1.661
36	3	4.756	3.420	1.947
36	4	5.112	3.710	2.083
36	5	5.321	3.640	2.033
36	6	4.743	3.440	1.963
36	7	4.372	3.500	1.691
36	8	4.444	3.280	2.005
36	9	4.805	3.250	2.042
36	10	4.790	3.520	1.664
36	11	4.776	3.420	1.911
36	12	4.999	3.590	1.501
36	13	5.129	3.500	2.077
36	14	5.097	3.780	1.905
36	15	5.046	3.820	1.948
36	16	5.913	3.890	1.959
36	17	5.868	3.790	2.034
36	18	4.978	3.530	1.928
36	19	5.130	3.180	2.064
36	20	4.958	3.570	1.916
36	21	4.954	3.660	1.838
36	22	4.929	3.760	1.955
36	23	5.042	3.730	1.844
36	24	5.169	3.800	2.067
36	25	5.057	3.870	1.978
36	26	5.272	3.930	2.112
36	27	5.066	3.950	2.131
36	28	5.128	3.860	2.070
36	29	5.027	3.730	1.911
36	30	4.748	3.560	1.791
36	31	4.416	3.760	1.436
36	32	4.764	3.860	1.223
36	33	4.877	3.870	1.715
36	34	4.896	3.890	2.162
36	35	4.873	3.950	2.215
36	36	4.873	3.890	2.208
36	37	4.873	3.940	2.185
36	38	4.788	3.930	1.892
36	39	4.909	3.920	2.142
36	40	4.874	3.940	2.424
36	41	4.874	3.940	2.361
36	42	4.895	3.970	2.391
36	43	4.916	3.970	2.265
36	44	4.873	3.860	1.735
36	45	4.873	3.910	1.840
36	46	4.693	3.880	1.565
36	47	4.873	3.940	1.830
36	48	4.721	3.860	1.611
36	49	4.760	3.900	1.630
36	50	4.797	3.930	1.841
Executing FF Gene Output
36	B	5.913000000000002

37	1	4.597	3.660	1.745
37	2	5.000	3.870	1.996
37	3	5.000	4.650	1.290
37	4	5.000	4.450	1.672
37	5	5.000	5.000	0.000
37	6	5.000	5.000	0.000
37	7	5.000	5.000	0.000
37	8	5.000	5.000	0.000
37	9	5.075	4.850	0.931
37	10	5.057	4.860	0.943
37	11	5.000	5.000	0.000
37	12	5.000	5.000	0.000
37	13	5.000	5.000	0.000
37	14	5.000	5.000	0.000
37	15	5.000	4.740	1.186
37	16	5.000	5.000	0.000
37	17	5.000	5.000	0.000
37	18	5.000	5.000	0.000
37	19	5.000	5.000	0.000
37	20	5.000	4.470	1.880
37	21	5.000	4.800	0.985
37	22	5.000	5.000	0.000
37	23	5.000	5.000	0.000
37	24	5.000	5.000	0.000
37	25	5.000	4.950	0.469
37	26	5.000	4.980	0.245
37	27	5.000	5.000	0.000
37	28	5.000	4.830	0.894
37	29	5.000	4.830	0.916
37	30	5.000	5.000	0.000
37	31	5.000	5.000	0.000
37	32	5.000	4.860	0.746
37	33	5.000	5.000	0.000
37	34	5.000	5.000	0.000
37	35	5.000	5.000	0.000
37	36	5.000	4.830	0.975
37	37	5.000	4.840	0.819
37	38	5.000	4.770	1.100
37	39	5.000	4.470	1.385
37	40	5.000	4.740	1.046
37	41	5.000	5.000	0.000
37	42	5.000	5.000	0.000
37	43	5.000	5.000	0.000
37	44	5.000	4.860	0.779
37	45	5.000	5.000	0.000
37	46	5.000	4.820	0.744
37	47	5.000	5.000	0.000
37	48	5.000	5.000	0.000
37	49	5.000	4.810	0.971
37	50	5.000	4.740	1.143
Executing FF Gene Output
37	B	5.075000000000001

38	1	4.702	3.570	1.822
38	2	5.000	3.670	1.870
38	3	5.146	4.190	1.876
38	4	5.114	4.430	1.728
38	5	5.000	5.000	0.000
38	6	5.000	4.810	0.976
38	7	5.000	4.840	1.089
38	8	5.000	4.810	1.257
38	9	5.000	5.000	0.000
38	10	5.000	5.000	0.000
38	11	5.000	4.780	1.319
38	12	5.000	4.640	1.155
38	13	5.000	5.000	0.000
38	14	5.000	5.000	0.000
38	15	5.000	4.850	1.095
38	16	5.000	4.800	1.303
38	17	5.000	5.000	0.000
38	18	5.000	4.750	1.381
38	19	5.000	5.000	0.000
38	20	5.000	5.000	0.000
38	21	5.000	4.800	1.096
38	22	5.000	4.800	1.176
38	23	5.000	4.880	0.993
38	24	5.000	5.000	0.000
38	25	5.000	5.000	0.000
38	26	5.000	5.000	0.000
38	27	5.000	5.000	0.000
38	28	5.000	5.000	0.000
38	29	5.000	4.760	1.084
38	30	5.000	4.810	1.233
38	31	5.000	4.790	1.057
38	32	5.000	4.780	1.345
38	33	5.000	5.000	0.000
38	34	5.000	5.000	0.000
38	35	5.000	5.000	0.000
38	36	5.000	5.000	0.000
38	37	5.000	5.000	0.000
38	38	5.000	4.820	1.230
38	39	5.000	4.850	1.123
38	40	5.000	5.000	0.000
38	41	5.000	5.000	0.000
38	42	5.000	5.000	0.000
38	43	5.000	4.810	1.269
38	44	5.000	4.710	1.546
38	45	5.000	4.820	1.234
38	46	5.000	5.000	0.000
38	47	5.000	4.730	0.999
38	48	5.000	5.000	0.000
38	49	5.000	5.000	0.000
38	50	5.000	5.000	0.000
Executing FF Gene Output
38	B	5.146

39	1	4.670	3.720	1.655
39	2	4.960	3.780	1.712
39	3	5.066	3.740	1.892
39	4	5.262	3.800	1.803
39	5	5.101	3.680	1.861
39	6	4.806	3.520	1.732
39	7	5.444	3.590	1.921
39	8	5.100	3.800	1.910
39	9	5.048	3.500	1.951
39	10	5.041	4.000	2.412
39	11	5.000	4.420	2.070
39	12	5.000	4.870	1.017
39	13	5.000	4.820	1.254
39	14	5.000	4.610	1.814
39	15	5.000	4.770	1.417
39	16	5.000	5.000	0.000
39	17	5.000	5.000	0.000
39	18	5.000	4.840	1.178
39	19	5.000	5.000	0.000
39	20	5.000	5.000	0.000
39	21	5.000	5.000	0.000
39	22	5.000	4.620	1.797
39	23	5.000	4.650	1.714
39	24	5.000	4.460	2.120
39	25	5.000	4.740	1.502
39	26	5.000	4.830	1.215
39	27	5.000	5.000	0.000
39	28	5.000	4.780	1.382
39	29	5.000	5.000	0.000
39	30	5.000	5.000	0.000
39	31	5.000	5.000	0.000
39	32	5.000	4.840	1.178
39	33	5.000	5.000	0.000
39	34	5.000	4.820	1.250
39	35	5.000	5.000	0.000
39	36	5.000	4.690	1.628
39	37	5.000	5.000	0.000
39	38	5.000	4.750	1.438
39	39	5.000	4.400	2.132
39	40	5.000	4.680	1.617
39	41	5.000	4.600	1.820
39	42	5.000	5.000	0.000
39	43	5.000	5.000	0.000
39	44	5.000	4.620	1.644
39	45	5.000	4.780	1.375
39	46	5.000	4.600	1.803
39	47	5.000	4.750	1.435
39	48	5.000	5.000	0.000
39	49	5.000	4.830	1.181
39	50	5.000	4.880	1.003
Executing FF Gene Output
39	B	5.444000000000001

40	1	4.595	3.600	1.747
40	2	5.000	3.920	1.860
40	3	5.028	4.590	1.596
40	4	5.000	4.740	1.055
40	5	5.000	4.730	1.122
40	6	5.000	5.000	0.000
40	7	5.000	5.000	0.000
40	8	5.000	4.800	0.847
40	9	5.000	5.000	0.000
40	10	5.000	5.000	0.000
40	11	5.000	4.820	0.851
40	12	5.000	5.000	0.000
40	13	5.000	5.000	0.000
40	14	5.000	5.000	0.000
40	15	5.000	5.000	0.000
40	16	5.000	4.790	0.908
40	17	5.000	5.000	0.000
40	18	5.000	5.000	0.000
40	19	5.000	5.000	0.000
40	20	5.000	4.790	0.998
40	21	5.000	5.000	0.000
40	22	5.000	4.660	1.578
40	23	5.000	4.780	1.260
40	24	5.000	4.780	1.280
40	25	5.000	4.770	1.317
40	26	5.000	5.000	0.000
40	27	5.000	4.810	1.125
40	28	5.000	5.000	0.000
40	29	5.000	5.000	0.000
40	30	5.000	4.830	0.848
40	31	5.000	5.000	0.000
40	32	5.000	5.000	0.000
40	33	5.000	4.650	1.197
40	34	5.000	4.740	1.203
40	35	5.000	5.000	0.000
40	36	5.000	5.000	0.000
40	37	5.000	4.850	0.777
40	38	5.000	5.000	0.000
40	39	5.000	5.000	0.000
40	40	5.000	4.780	1.248
40	41	5.000	5.000	0.000
40	42	5.000	4.800	0.995
40	43	5.000	5.000	0.000
40	44	5.000	4.800	1.005
40	45	5.017	4.760	1.021
40	46	5.000	5.000	0.000
40	47	5.000	5.000	0.000
40	48	5.093	4.670	1.378
40	49	5.000	5.000	0.000
40	50	5.000	4.800	0.959
Executing FF Gene Output
40	B	5.093

41	1	5.071	3.710	1.728
41	2	4.709	3.660	1.745
41	3	5.000	4.120	2.275
41	4	5.000	4.780	1.299
41	5	5.000	5.000	0.000
41	6	5.010	4.580	1.873
41	7	5.000	4.800	1.299
41	8	5.020	4.820	1.230
41	9	5.000	4.830	1.190
41	10	5.000	4.620	1.774
41	11	5.000	5.000	0.000
41	12	5.000	4.780	1.364
41	13	5.000	4.650	1.699
41	14	5.000	5.000	0.000
41	15	5.000	4.860	1.087
41	16	5.000	4.820	1.234
41	17	5.000	4.790	1.332
41	18	5.000	4.630	1.704
41	19	5.000	5.000	0.000
41	20	5.000	4.510	2.000
41	21	5.000	4.600	1.845
41	22	5.000	5.000	0.000
41	23	5.000	4.520	2.005
41	24	5.000	4.540	1.959
41	25	5.000	4.840	1.191
41	26	5.100	4.790	1.365
41	27	5.000	4.750	1.466
41	28	5.388	4.920	0.855
41	29	5.383	4.680	1.828
41	30	5.371	4.580	1.843
41	31	5.264	4.200	2.170
41	32	5.226	4.100	2.165
41	33	5.231	4.150	2.153
41	34	4.964	3.970	1.969
41	35	4.983	3.970	1.967
41	36	5.021	4.290	2.319
41	37	5.000	4.780	1.371
41	38	5.014	4.660	1.707
41	39	5.000	4.800	1.279
41	40	5.000	4.650	1.684
41	41	5.000	4.820	1.222
41	42	5.000	4.650	1.690
41	43	5.000	4.790	1.339
41	44	5.000	4.810	1.261
41	45	5.000	4.640	1.723
41	46	5.000	5.000	0.000
41	47	5.000	5.000	0.000
41	48	5.000	5.000	0.000
41	49	5.000	5.000	0.000
41	50	5.000	5.000	0.000
Executing FF Gene Output
41	B	5.388000000000002

42	1	4.743	3.570	1.816
42	2	4.803	3.720	1.624
42	3	5.118	4.210	1.882
42	4	5.077	4.280	1.807
42	5	5.000	5.000	0.000
42	6	5.000	5.000	0.000
42	7	5.000	5.000	0.000
42	8	5.000	5.000	0.000
42	9	5.000	4.790	0.972
42	10	5.000	4.860	0.785
42	11	5.000	5.000	0.000
42	12	5.000	4.650	1.238
42	13	5.000	4.820	0.809
42	14	5.000	4.610	1.406
42	15	5.000	4.790	0.951
42	16	5.000	4.780	1.069
42	17	5.012	4.790	1.099
42	18	5.000	5.000	0.000
42	19	5.000	5.000	0.000
42	20	5.000	5.000	0.000
42	21	5.000	5.000	0.000
42	22	5.000	5.000	0.000
42	23	5.000	5.000	0.000
42	24	5.000	5.000	0.000
42	25	5.000	5.000	0.000
42	26	5.000	5.000	0.000
42	27	5.000	5.000	0.000
42	28	5.000	5.000	0.000
42	29	5.000	5.000	0.000
42	30	5.000	5.000	0.000
42	31	5.209	4.840	1.098
42	32	5.273	4.250	2.215
42	33	5.251	4.260	1.985
42	34	5.132	3.990	2.108
42	35	5.012	3.840	2.114
42	36	4.763	3.840	1.745
42	37	5.015	3.860	1.706
42	38	5.139	3.710	1.991
42	39	5.107	3.920	2.175
42	40	5.589	3.940	2.185
42	41	6.005	4.020	1.949
42	42	4.707	3.860	1.474
42	43	4.581	3.910	1.288
42	44	4.533	3.890	1.470
42	45	4.697	3.960	1.435
42	46	4.569	3.900	1.428
42	47	4.688	3.760	1.618
42	48	4.629	3.730	1.666
42	49	4.817	3.860	1.902
42	50	4.686	3.930	1.966
Executing FF Gene Output
42	B	6.004999999999999

43	1	4.647	3.700	1.679
43	2	5.097	3.810	1.958
43	3	5.116	4.610	1.576
43	4	5.000	4.770	1.278
43	5	5.000	4.750	1.459
43	6	5.000	5.000	0.000
43	7	5.000	4.730	1.179
43	8	5.417	4.870	0.818
43	9	5.000	5.000	0.000
43	10	5.000	5.000	0.000
43	11	5.000	5.000	0.000
43	12	5.000	5.000	0.000
43	13	5.000	5.000	0.000
43	14	5.020	4.280	1.541
43	15	5.000	5.000	0.000
43	16	5.000	4.630	1.195
43	17	5.000	5.000	0.000
43	18	5.000	4.760	1.143
43	19	5.044	4.850	0.914
43	20	5.000	5.000	0.000
43	21	5.000	4.810	1.022
43	22	5.000	4.830	0.995
43	23	5.000	4.630	1.451
43	24	5.028	4.870	0.861
43	25	5.000	5.000	0.000
43	26	5.000	5.000	0.000
43	27	5.000	5.000	0.000
43	28	5.000	5.000	0.000
43	29	5.000	4.630	1.261
43	30	5.000	4.820	0.952
43	31	5.000	4.650	1.359
43	32	5.000	4.800	0.927
43	33	5.000	4.600	1.314
43	34	5.000	5.000	0.000
43	35	5.000	5.000	0.000
43	36	5.000	5.000	0.000
43	37	5.000	4.440	1.549
43	38	5.000	4.750	1.062
43	39	5.000	4.810	0.901
43	40	5.000	5.000	0.000
43	41	5.000	5.000	0.000
43	42	5.000	5.000	0.000
43	43	5.000	5.000	0.000
43	44	5.000	5.000	0.000
43	45	5.000	4.510	1.580
43	46	5.000	4.810	1.084
43	47	5.000	4.600	1.421
43	48	5.000	4.770	0.952
43	49	5.000	4.640	1.243
43	50	5.000	5.000	0.000
Executing FF Gene Output
43	B	5.417000000000001

44	1	4.731	3.630	1.753
44	2	4.993	3.660	1.919
44	3	5.023	3.960	2.333
44	4	5.000	4.730	1.384
44	5	5.023	4.660	1.499
44	6	5.046	4.840	1.061
44	7	5.415	4.850	1.081
44	8	5.000	5.000	0.000
44	9	5.104	4.820	1.140
44	10	5.445	4.860	1.049
44	11	5.000	5.000	0.000
44	12	5.000	5.000	0.000
44	13	5.430	4.940	0.649
44	14	5.067	4.920	0.727
44	15	5.089	4.890	0.846
44	16	5.049	4.950	0.592
44	17	5.050	4.960	0.530
44	18	5.049	4.950	0.609
44	19	5.098	4.920	0.684
44	20	5.000	5.000	0.000
44	21	5.042	4.690	1.296
44	22	5.077	4.770	1.131
44	23	5.044	4.970	0.413
44	24	5.047	4.980	0.317
44	25	5.000	5.000	0.000
44	26	5.075	4.950	0.601
44	27	5.000	5.000	0.000
44	28	5.025	4.960	0.511
44	29	5.000	5.000	0.000
44	30	5.000	5.000	0.000
44	31	5.081	4.950	0.584
44	32	5.000	4.620	1.698
44	33	5.000	4.640	1.667
44	34	5.000	4.840	1.135
44	35	5.461	4.780	1.404
44	36	5.386	4.190	2.332
44	37	5.574	3.870	2.068
44	38	5.501	4.090	1.661
44	39	4.743	3.950	1.601
44	40	5.207	3.870	1.173
44	41	5.176	3.720	1.733
44	42	4.729	3.900	1.463
44	43	4.987	3.890	1.553
44	44	5.196	3.920	1.525
44	45	5.029	3.540	1.956
44	46	5.148	3.840	1.892
44	47	5.016	3.750	2.083
44	48	5.396	4.000	2.158
44	49	5.125	3.750	1.971
44	50	5.319	4.000	1.792
Executing FF Gene Output
44	B	5.574

45	1	4.917	3.680	1.672
45	2	4.788	3.600	1.717
45	3	5.171	3.760	2.021
45	4	5.335	4.130	2.210
45	5	5.179	4.820	1.014
45	6	5.000	5.000	0.000
45	7	5.000	5.000	0.000
45	8	5.219	4.830	0.990
45	9	5.628	4.830	1.111
45	10	5.000	5.000	0.000
45	11	5.000	5.000	0.000
45	12	5.000	5.000	0.000
45	13	5.000	5.000	0.000
45	14	5.000	5.000	0.000
45	15	5.000	5.000	0.000
45	16	5.000	4.810	0.912
45	17	5.000	4.790	1.023
45	18	5.053	4.810	0.849
45	19	5.000	5.000	0.000
45	20	5.000	5.000	0.000
45	21	5.000	5.000	0.000
45	22	5.000	4.720	1.050
45	23	5.000	4.710	1.113
45	24	5.000	4.570	1.354
45	25	5.000	4.710	1.113
45	26	5.000	5.000	0.000
45	27	5.000	5.000	0.000
45	28	5.000	4.730	1.184
45	29	5.000	4.410	1.461
45	30	5.221	4.270	1.620
45	31	5.389	4.600	1.356
45	32	5.399	4.370	1.584
45	33	5.399	3.800	1.809
45	34	5.399	3.470	1.943
45	35	5.399	3.540	1.930
45	36	5.389	3.790	1.945
45	37	5.389	4.430	1.971
45	38	5.389	4.680	1.702
45	39	5.309	4.780	1.142
45	40	5.309	4.810	0.950
45	41	5.389	4.830	1.006
45	42	5.329	4.910	0.799
45	43	5.000	5.000	0.000
45	44	5.388	4.740	1.129
45	45	5.360	4.040	1.872
45	46	5.360	4.240	1.773
45	47	5.000	4.530	1.410
45	48	5.000	5.000	0.000
45	49	5.000	5.000	0.000
45	50	5.000	4.700	1.092
Executing FF Gene Output
45	B	5.627999999999999

46	1	4.630	3.610	1.769
46	2	5.000	3.980	1.909
46	3	5.013	4.490	1.714
46	4	5.000	4.810	1.187
46	5	5.000	4.860	0.964
46	6	5.000	4.710	1.503
46	7	5.000	5.000	0.000
46	8	5.000	5.000	0.000
46	9	5.000	4.840	1.148
46	10	5.000	5.000	0.000
46	11	5.000	5.000	0.000
46	12	5.165	4.840	1.195
46	13	5.000	5.000	0.000
46	14	5.000	5.000	0.000
46	15	5.298	4.820	1.278
46	16	5.454	4.240	2.385
46	17	5.305	4.000	2.069
46	18	5.228	3.790	2.126
46	19	5.000	4.090	2.275
46	20	5.000	5.000	0.000
46	21	5.000	4.770	1.166
46	22	5.000	4.800	1.096
46	23	5.090	4.570	1.578
46	24	5.000	4.830	1.138
46	25	5.000	5.000	0.000
46	26	5.000	5.000	0.000
46	27	5.000	5.000	0.000
46	28	5.203	4.860	1.124
46	29	5.484	4.140	2.276
46	30	5.416	3.790	1.943
46	31	5.197	3.620	1.971
46	32	5.255	3.790	1.763
46	33	4.771	3.610	1.847
46	34	4.328	3.340	1.827
46	35	4.203	3.230	1.992
46	36	4.498	3.230	2.012
46	37	4.349	3.370	1.821
46	38	4.250	3.240	1.990
46	39	4.367	3.130	2.145
46	40	4.452	3.190	2.014
46	41	4.731	3.230	1.925
46	42	4.538	3.200	1.957
46	43	4.581	3.380	1.780
46	44	4.403	3.350	1.844
46	45	4.521	3.200	2.038
46	46	4.161	3.570	1.568
46	47	4.297	3.560	1.687
46	48	4.308	3.430	1.968
46	49	4.255	3.570	1.704
46	50	4.438	3.700	1.508
Executing FF Gene Output
46	B	5.484000000000003

47	1	4.694	3.720	1.655
47	2	4.945	3.700	1.853
47	3	5.100	4.170	2.106
47	4	5.000	4.030	2.414
47	5	5.208	4.140	2.448
47	6	5.000	5.000	0.000
47	7	5.015	4.800	1.049
47	8	5.000	5.000	0.000
47	9	5.000	4.880	0.868
47	10	5.000	4.680	1.332
47	11	5.000	4.720	1.040
47	12	5.000	5.000	0.000
47	13	5.000	4.810	0.971
47	14	5.000	4.790	1.076
47	15	5.431	4.800	1.015
47	16	5.187	4.690	1.187
47	17	5.000	5.000	0.000
47	18	5.000	4.870	0.806
47	19	5.000	4.830	0.883
47	20	5.000	5.000	0.000
47	21	5.050	4.800	1.030
47	22	5.030	4.660	1.343
47	23	5.000	5.000	0.000
47	24	5.000	5.000	0.000
47	25	5.000	5.000	0.000
47	26	5.004	4.650	1.290
47	27	5.000	4.800	1.030
47	28	5.000	5.000	0.000
47	29	5.000	5.000	0.000
47	30	5.000	5.000	0.000
47	31	5.000	5.000	0.000
47	32	5.000	5.000	0.000
47	33	5.000	5.000	0.000
47	34	5.000	5.000	0.000
47	35	5.000	4.850	0.851
47	36	5.000	5.000	0.000
47	37	5.000	5.000	0.000
47	38	5.000	5.000	0.000
47	39	5.000	5.000	0.000
47	40	5.000	4.570	1.358
47	41	5.000	4.570	1.324
47	42	5.000	4.680	1.226
47	43	5.000	4.630	1.273
47	44	5.000	4.840	0.855
47	45	5.000	5.000	0.000
47	46	5.000	4.890	0.796
47	47	5.000	5.000	0.000
47	48	5.000	5.000	0.000
47	49	5.000	5.000	0.000
47	50	5.000	4.640	1.106
Executing FF Gene Output
47	B	5.431000000000002

48	1	4.689	3.610	1.755
48	2	4.783	3.700	1.694
48	3	5.006	3.990	2.028
48	4	5.045	4.670	1.436
48	5	5.000	5.000	0.000
48	6	5.000	5.000	0.000
48	7	5.000	5.000	0.000
48	8	5.000	4.810	0.940
48	9	5.000	4.770	0.947
48	10	5.000	4.790	0.998
48	11	5.000	5.000	0.000
48	12	5.000	5.000	0.000
48	13	5.000	5.000	0.000
48	14	5.000	4.820	1.038
48	15	5.000	4.400	1.484
48	16	5.000	5.000	0.000
48	17	5.000	5.000	0.000
48	18	5.000	5.000	0.000
48	19	5.000	5.000	0.000
48	20	5.000	5.000	0.000
48	21	5.000	5.000	0.000
48	22	5.000	5.000	0.000
48	23	5.000	4.840	0.907
48	24	5.000	5.000	0.000
48	25	5.000	5.000	0.000
48	26	5.000	4.760	1.116
48	27	5.000	4.820	1.014
48	28	5.000	5.000	0.000
48	29	5.000	5.000	0.000
48	30	5.000	4.800	0.995
48	31	5.000	5.000	0.000
48	32	5.000	4.810	0.890
48	33	5.000	4.640	1.275
48	34	5.000	4.370	1.655
48	35	5.000	5.000	0.000
48	36	5.000	5.000	0.000
48	37	5.000	5.000	0.000
48	38	5.000	5.000	0.000
48	39	5.000	5.000	0.000
48	40	5.000	4.810	1.169
48	41	5.000	5.000	0.000
48	42	5.000	5.000	0.000
48	43	5.000	5.000	0.000
48	44	5.000	5.000	0.000
48	45	5.000	5.000	0.000
48	46	5.000	5.000	0.000
48	47	5.000	5.000	0.000
48	48	5.000	5.000	0.000
48	49	5.000	5.000	0.000
48	50	5.000	4.620	1.395
Executing FF Gene Output
48	B	5.045

49	1	4.697	3.630	1.768
49	2	5.020	4.020	1.749
49	3	5.405	3.830	1.867
49	4	4.735	3.710	1.662
49	5	4.428	3.820	1.493
49	6	4.392	3.910	1.433
49	7	4.431	3.930	1.427
49	8	4.417	3.880	1.316
49	9	4.402	3.810	1.622
49	10	4.464	3.880	1.427
49	11	4.440	3.920	1.308
49	12	4.457	3.890	1.417
49	13	4.505	3.930	1.503
49	14	4.648	3.960	1.585
49	15	4.582	3.880	1.578
49	16	4.493	3.810	1.516
49	17	4.415	3.910	0.949
49	18	4.637	3.920	1.022
49	19	4.615	3.870	1.482
49	20	4.301	3.290	2.066
49	21	4.738	3.830	1.511
49	22	4.801	3.820	1.783
49	23	4.736	3.880	1.516
49	24	4.418	3.540	1.778
49	25	4.782	3.190	2.175
49	26	4.888	3.330	2.077
49	27	4.908	3.810	1.924
49	28	4.962	3.800	2.052
49	29	4.962	3.810	1.955
49	30	4.962	3.730	1.999
49	31	4.867	3.580	1.895
49	32	4.498	3.470	1.795
49	33	4.506	3.510	1.801
49	34	4.251	3.230	2.071
49	35	4.407	3.410	1.923
49	36	4.504	3.540	1.789
49	37	4.759	3.490	1.795
49	38	4.766	3.400	1.997
49	39	4.672	3.560	1.805
49	40	4.854	3.750	1.760
49	41	4.655	3.800	1.775
49	42	4.769	3.830	1.673
49	43	4.754	3.720	1.733
49	44	5.049	3.820	1.626
49	45	5.526	4.000	1.621
49	46	5.654	4.200	2.149
49	47	5.585	4.240	2.092
49	48	5.153	3.810	2.004
49	49	4.791	3.630	1.813
49	50	4.528	3.250	1.969
Executing FF Gene Output
49	B	5.653999999999998

50	1	4.789	3.610	1.752
50	2	4.655	3.690	1.671
50	3	4.886	3.740	1.776
50	4	5.124	4.020	1.902
50	5	5.249	4.450	1.743
50	6	5.000	4.790	1.094
50	7	5.000	4.830	0.933
50	8	5.000	5.000	0.000
50	9	5.000	5.000	0.000
50	10	5.000	5.000	0.000
50	11	5.000	5.000	0.000
50	12	5.000	5.000	0.000
50	13	5.000	5.000	0.000
50	14	5.000	4.770	1.090
50	15	5.000	5.000	0.000
50	16	5.000	5.000	0.000
50	17	5.000	4.850	1.086
50	18	5.000	5.000	0.000
50	19	5.000	5.000	0.000
50	20	5.000	4.800	1.000
50	21	5.000	4.780	1.088
50	22	5.000	4.760	1.177
50	23	5.000	5.000	0.000
50	24	5.000	4.790	0.951
50	25	5.000	4.830	0.853
50	26	5.000	5.000	0.000
50	27	5.158	4.770	1.062
50	28	5.072	4.640	1.251
50	29	5.000	4.840	0.838
50	30	5.000	4.710	1.135
50	31	5.104	4.820	0.942
50	32	5.000	4.750	0.994
50	33	5.000	5.000	0.000
50	34	5.000	4.840	0.762
50	35	5.000	5.000	0.000
50	36	5.000	5.000	0.000
50	37	5.000	5.000	0.000
50	38	5.000	5.000	0.000
50	39	5.000	4.830	0.823
50	40	5.000	4.790	1.094
50	41	5.000	5.000	0.000
50	42	5.000	5.000	0.000
50	43	5.000	5.000	0.000
50	44	5.000	5.000	0.000
50	45	5.000	4.790	1.008
50	46	5.000	4.760	1.026
50	47	5.000	4.680	1.184
50	48	5.000	4.680	1.171
50	49	5.000	4.770	1.048
50	50	5.000	4.820	0.920
Executing FF Gene Output
50	B	5.2490000000000006

Over All:
	Average Run Average Fitness: 3
	Average Run Best Fitness: 5
	Best Fitness: 6.8759999999999994
	Best Chromo: Run 17: Generation 44: 1 0 0 0 1 0 1 0 0 1 1 0 0 0 1 0 0 1 1 0 1 0 1 1 1 1 0 0 1 1 1 0 0 0 0 1 1 0 0 1 1 0 1 1 0 1 1 1 1 1 0 1 1 0 1 0 0 0 1 0 1 0 0 0 0 0 1 0 0 0 1 0 0 1 1 0 1 0 0 0 0 0 0 1 0 0 0 0 0 0 0 0 0 0 0 0 0 0 0 1 1 0 1 1 1 0 0 1 1 0 0 0 1 1 1 0 1 0 1 0 0 0 1 1 0 1 1 1 1 1 1 1 1 1 0 1 0 0 0 0 0 0 1 1 1 1 1 0 0 0 0 1 0 0 1 1 0 0 1 1 1 1 0 0 0 0 0 1 1 0 1 1 1 1 1 1 0 1 1 0 1 0 0 0 0 1 1 1 0 0 1 1 0 1 1 0 0 0 1 0 0 1 0 0 0 1 0 0 1 0 1 1 0 1 0 0 0 0 0 0 0 0 0 1 0 1 1 0 0 1 0 0 1 1 1 1 1 1 1 0 0 0 0 0 1 0 0 1 1 1 0 1 0 1 1 0 
Start:  Mon Mar 21 11:17:24 EDT 2016
End  :  Mon Mar 21 11:38:41 EDT 2016
