
Parameter File Name is: hw3_axel_t4t.params

Setting up Fitness Function.....Iterated Prisoner's Dilemma
1	1	5.000	4.320	1.309
1	2	5.000	4.870	0.606
1	3	5.000	5.000	0.000
1	4	5.000	4.990	0.100
1	5	5.000	4.990	0.100
1	6	5.000	4.980	0.141
1	7	5.000	4.980	0.141
1	8	5.000	4.970	0.171
1	9	5.000	4.980	0.141
1	10	5.000	4.990	0.100
1	11	5.000	5.000	0.000
1	12	5.000	5.000	0.000
1	13	5.000	4.990	0.100
1	14	5.000	4.980	0.141
1	15	5.000	4.990	0.100
1	16	5.000	4.990	0.100
1	17	5.000	4.990	0.100
1	18	5.000	5.000	0.000
1	19	5.000	4.990	0.100
1	20	5.000	4.990	0.100
1	21	5.000	4.990	0.100
1	22	5.000	5.000	0.000
1	23	5.000	4.990	0.100
1	24	5.000	4.990	0.100
1	25	5.000	4.990	0.100
1	26	5.000	5.000	0.000
1	27	5.000	4.970	0.171
1	28	5.000	5.000	0.000
1	29	5.000	4.990	0.100
1	30	5.000	4.980	0.141
1	31	5.000	4.990	0.100
1	32	5.000	5.000	0.000
1	33	5.000	4.990	0.100
1	34	5.000	4.990	0.100
1	35	5.000	4.980	0.141
1	36	5.000	5.000	0.000
1	37	5.000	4.990	0.100
1	38	5.000	5.000	0.000
1	39	5.000	5.000	0.000
1	40	5.000	5.000	0.000
1	41	5.000	5.000	0.000
1	42	5.000	4.990	0.100
1	43	5.000	4.980	0.141
1	44	5.000	4.990	0.100
1	45	5.000	4.990	0.100
1	46	5.000	4.990	0.100
1	47	5.000	5.000	0.000
1	48	5.000	5.000	0.000
1	49	5.000	5.000	0.000
1	50	5.000	4.990	0.100
Executing FF Gene Output
1	B	5.0

2	1	5.000	4.420	1.261
2	2	5.000	4.830	0.732
2	3	5.000	5.000	0.000
2	4	5.000	5.000	0.000
2	5	5.000	4.990	0.174
2	6	5.000	5.000	0.000
2	7	5.000	5.000	0.000
2	8	5.000	4.990	0.100
2	9	5.000	4.990	0.100
2	10	5.000	5.000	0.000
2	11	5.000	5.000	0.000
2	12	5.000	5.000	0.000
2	13	5.000	4.990	0.174
2	14	5.000	4.990	0.174
2	15	5.000	5.000	0.000
2	16	5.000	4.990	0.174
2	17	5.000	4.990	0.174
2	18	5.000	4.990	0.174
2	19	5.000	5.000	0.000
2	20	5.000	5.000	0.000
2	21	5.000	5.000	0.000
2	22	5.000	4.980	0.284
2	23	5.000	4.980	0.284
2	24	5.000	5.000	0.000
2	25	5.000	5.000	0.000
2	26	5.000	5.000	0.000
2	27	5.000	5.000	0.000
2	28	5.000	5.000	0.000
2	29	5.000	4.990	0.201
2	30	5.000	4.990	0.201
2	31	5.000	5.000	0.000
2	32	5.000	5.000	0.000
2	33	5.000	4.990	0.201
2	34	5.000	5.000	0.000
2	35	5.000	5.000	0.000
2	36	5.000	5.000	0.000
2	37	5.000	4.990	0.201
2	38	5.000	5.000	0.000
2	39	5.000	5.000	0.000
2	40	5.000	5.000	0.000
2	41	5.000	4.990	0.201
2	42	5.000	5.000	0.000
2	43	5.000	5.000	0.000
2	44	5.000	5.000	0.000
2	45	5.000	4.990	0.201
2	46	5.000	4.980	0.284
2	47	5.000	4.990	0.201
2	48	5.000	4.990	0.201
2	49	5.000	5.000	0.000
2	50	5.000	4.990	0.201
Executing FF Gene Output
2	B	5.0

3	1	5.000	4.240	1.481
3	2	5.000	4.870	0.706
3	3	5.000	4.950	0.479
3	4	5.000	4.980	0.301
3	5	5.000	4.990	0.142
3	6	5.000	5.000	0.000
3	7	5.000	4.980	0.317
3	8	5.000	4.960	0.425
3	9	5.000	4.960	0.425
3	10	5.000	5.000	0.000
3	11	5.000	4.980	0.301
3	12	5.000	4.990	0.100
3	13	5.000	4.990	0.100
3	14	5.000	4.990	0.100
3	15	5.000	5.000	0.000
3	16	5.000	5.000	0.000
3	17	5.000	5.000	0.000
3	18	5.000	4.990	0.100
3	19	5.000	5.000	0.000
3	20	5.000	5.000	0.000
3	21	5.000	4.990	0.100
3	22	5.000	4.990	0.100
3	23	5.000	5.000	0.000
3	24	5.000	5.000	0.000
3	25	5.000	4.990	0.100
3	26	5.000	4.990	0.100
3	27	5.000	5.000	0.000
3	28	5.000	5.000	0.000
3	29	5.000	4.990	0.100
3	30	5.000	5.000	0.000
3	31	5.000	4.990	0.100
3	32	5.000	5.000	0.000
3	33	5.000	5.000	0.000
3	34	5.000	4.980	0.141
3	35	5.000	4.980	0.141
3	36	5.000	4.990	0.100
3	37	5.000	5.000	0.000
3	38	5.000	5.000	0.000
3	39	5.000	5.000	0.000
3	40	5.000	4.990	0.100
3	41	5.000	4.990	0.100
3	42	5.000	4.970	0.244
3	43	5.000	4.980	0.200
3	44	5.000	4.980	0.200
3	45	5.000	5.000	0.000
3	46	5.000	4.990	0.142
3	47	5.000	4.990	0.142
3	48	5.000	4.990	0.142
3	49	5.000	5.000	0.000
3	50	5.000	5.000	0.000
Executing FF Gene Output
3	B	5.0

4	1	5.000	4.340	1.312
4	2	5.000	4.820	0.764
4	3	5.000	4.930	0.432
4	4	5.000	4.960	0.281
4	5	5.000	4.980	0.265
4	6	5.000	4.970	0.300
4	7	5.000	4.990	0.225
4	8	5.000	5.000	0.000
4	9	5.000	5.000	0.000
4	10	5.000	4.980	0.224
4	11	5.000	5.000	0.000
4	12	5.000	4.980	0.224
4	13	5.000	4.960	0.315
4	14	5.000	4.980	0.284
4	15	5.000	5.000	0.000
4	16	5.000	5.000	0.000
4	17	5.000	4.980	0.224
4	18	5.000	4.980	0.224
4	19	5.000	4.960	0.315
4	20	5.000	4.970	0.300
4	21	5.000	4.980	0.224
4	22	5.000	5.000	0.000
4	23	5.000	4.980	0.317
4	24	5.000	4.980	0.317
4	25	5.000	4.980	0.317
4	26	5.000	4.960	0.448
4	27	5.000	5.000	0.000
4	28	5.000	4.980	0.317
4	29	5.000	4.980	0.317
4	30	5.000	4.980	0.317
4	31	5.000	4.980	0.317
4	32	5.000	5.000	0.000
4	33	5.000	4.980	0.200
4	34	5.000	4.960	0.281
4	35	5.000	4.960	0.281
4	36	5.000	4.960	0.281
4	37	5.000	5.000	0.000
4	38	5.000	4.960	0.281
4	39	5.000	5.000	0.000
4	40	5.000	5.000	0.000
4	41	5.000	4.980	0.200
4	42	5.000	4.940	0.343
4	43	5.000	4.980	0.200
4	44	5.000	4.980	0.200
4	45	5.000	5.000	0.000
4	46	5.000	5.000	0.000
4	47	5.000	4.960	0.281
4	48	5.000	4.940	0.343
4	49	5.000	4.980	0.200
4	50	5.000	4.960	0.281
Executing FF Gene Output
4	B	5.0

5	1	5.000	4.290	1.313
5	2	5.000	4.840	0.755
5	3	5.000	4.940	0.478
5	4	5.000	4.980	0.317
5	5	5.000	5.000	0.000
5	6	5.000	5.000	0.000
5	7	5.000	4.990	0.142
5	8	5.000	4.990	0.142
5	9	5.000	4.990	0.142
5	10	5.000	5.000	0.000
5	11	5.000	4.990	0.142
5	12	5.000	4.980	0.200
5	13	5.000	4.980	0.200
5	14	5.000	4.990	0.142
5	15	5.000	5.000	0.000
5	16	5.000	4.990	0.142
5	17	5.000	4.990	0.142
5	18	5.000	5.000	0.000
5	19	5.000	4.990	0.142
5	20	5.000	5.000	0.000
5	21	5.000	5.000	0.000
5	22	5.000	4.980	0.301
5	23	5.000	5.000	0.000
5	24	5.000	5.000	0.000
5	25	5.000	5.000	0.000
5	26	5.000	5.000	0.000
5	27	5.000	4.990	0.142
5	28	5.000	5.000	0.000
5	29	5.000	4.990	0.100
5	30	5.000	4.980	0.141
5	31	5.000	5.000	0.000
5	32	5.000	4.980	0.141
5	33	5.000	4.990	0.100
5	34	5.000	5.000	0.000
5	35	5.000	5.000	0.000
5	36	5.000	4.970	0.316
5	37	5.000	5.000	0.000
5	38	5.000	5.000	0.000
5	39	5.000	5.000	0.000
5	40	5.000	4.980	0.141
5	41	5.000	4.980	0.141
5	42	5.000	5.000	0.000
5	43	5.000	4.990	0.100
5	44	5.000	5.000	0.000
5	45	5.000	4.990	0.100
5	46	5.000	5.000	0.000
5	47	5.000	5.000	0.000
5	48	5.000	5.000	0.000
5	49	5.000	5.000	0.000
5	50	5.000	5.000	0.000
Executing FF Gene Output
5	B	5.0

6	1	5.000	4.270	1.402
6	2	5.000	4.850	0.744
6	3	5.000	4.930	0.546
6	4	5.000	4.970	0.316
6	5	5.000	4.990	0.201
6	6	5.000	4.990	0.201
6	7	5.000	5.000	0.000
6	8	5.000	5.000	0.000
6	9	5.000	4.990	0.201
6	10	5.000	5.000	0.000
6	11	5.000	5.000	0.000
6	12	5.000	4.980	0.284
6	13	5.000	4.990	0.201
6	14	5.000	5.000	0.000
6	15	5.000	5.000	0.000
6	16	5.000	5.000	0.000
6	17	5.000	5.000	0.000
6	18	5.000	4.990	0.201
6	19	5.000	4.990	0.142
6	20	5.000	5.000	0.000
6	21	5.000	4.990	0.201
6	22	5.000	5.000	0.000
6	23	5.000	5.000	0.000
6	24	5.000	5.000	0.000
6	25	5.000	4.990	0.201
6	26	5.000	4.990	0.201
6	27	5.000	4.990	0.225
6	28	5.000	5.000	0.000
6	29	5.000	5.000	0.000
6	30	5.000	5.000	0.000
6	31	5.000	5.000	0.000
6	32	5.000	5.000	0.000
6	33	5.000	4.980	0.317
6	34	5.000	4.990	0.225
6	35	5.000	4.990	0.225
6	36	5.000	4.990	0.225
6	37	5.000	4.990	0.225
6	38	5.000	5.000	0.000
6	39	5.000	5.000	0.000
6	40	5.000	4.980	0.317
6	41	5.000	4.980	0.317
6	42	5.000	4.980	0.317
6	43	5.000	5.000	0.000
6	44	5.000	5.000	0.000
6	45	5.000	5.000	0.000
6	46	5.000	4.990	0.225
6	47	5.000	5.000	0.000
6	48	5.000	4.990	0.225
6	49	5.000	4.990	0.225
6	50	5.000	4.990	0.225
Executing FF Gene Output
6	B	5.0

7	1	5.000	4.330	1.429
7	2	5.000	4.820	0.702
7	3	5.000	4.970	0.283
7	4	5.000	4.980	0.200
7	5	5.000	4.970	0.264
7	6	5.000	4.990	0.174
7	7	5.000	4.990	0.174
7	8	5.000	4.960	0.281
7	9	5.000	4.960	0.281
7	10	5.000	4.980	0.200
7	11	5.000	5.000	0.000
7	12	5.000	4.960	0.281
7	13	5.000	5.000	0.000
7	14	5.000	5.000	0.000
7	15	5.000	4.980	0.200
7	16	5.000	5.000	0.000
7	17	5.000	4.980	0.200
7	18	5.000	5.000	0.000
7	19	5.000	5.000	0.000
7	20	5.000	4.980	0.200
7	21	5.000	5.000	0.000
7	22	5.000	4.980	0.200
7	23	5.000	5.000	0.000
7	24	5.000	5.000	0.000
7	25	5.000	5.000	0.000
7	26	5.000	5.000	0.000
7	27	5.000	5.000	0.000
7	28	5.000	4.980	0.200
7	29	5.000	5.000	0.000
7	30	5.000	5.000	0.000
7	31	5.000	4.980	0.200
7	32	5.000	5.000	0.000
7	33	5.000	4.980	0.200
7	34	5.000	5.000	0.000
7	35	5.000	4.980	0.200
7	36	5.000	4.960	0.281
7	37	5.000	4.960	0.281
7	38	5.000	5.000	0.000
7	39	5.000	4.980	0.200
7	40	5.000	4.960	0.281
7	41	5.000	4.980	0.200
7	42	5.000	5.000	0.000
7	43	5.000	5.000	0.000
7	44	5.000	5.000	0.000
7	45	5.000	5.000	0.000
7	46	5.000	5.000	0.000
7	47	5.000	5.000	0.000
7	48	5.000	4.980	0.200
7	49	5.000	4.960	0.281
7	50	5.000	4.980	0.200
Executing FF Gene Output
7	B	5.0

8	1	5.000	4.310	1.379
8	2	5.000	4.790	0.826
8	3	5.000	4.930	0.355
8	4	5.000	4.980	0.200
8	5	5.000	4.980	0.200
8	6	5.000	5.000	0.000
8	7	5.000	5.000	0.000
8	8	5.000	5.000	0.000
8	9	5.000	4.980	0.200
8	10	5.000	5.000	0.000
8	11	5.000	5.000	0.000
8	12	5.000	5.000	0.000
8	13	5.000	5.000	0.000
8	14	5.000	5.000	0.000
8	15	5.000	5.000	0.000
8	16	5.000	5.000	0.000
8	17	5.000	4.980	0.200
8	18	5.000	4.980	0.200
8	19	5.000	4.960	0.281
8	20	5.000	4.980	0.200
8	21	5.000	4.960	0.281
8	22	5.000	4.980	0.200
8	23	5.000	4.990	0.174
8	24	5.000	4.980	0.200
8	25	5.000	4.980	0.200
8	26	5.000	5.000	0.000
8	27	5.000	5.000	0.000
8	28	5.000	5.000	0.000
8	29	5.000	5.000	0.000
8	30	5.000	5.000	0.000
8	31	5.000	4.980	0.200
8	32	5.000	5.000	0.000
8	33	5.000	5.000	0.000
8	34	5.000	5.000	0.000
8	35	5.000	5.000	0.000
8	36	5.000	5.000	0.000
8	37	5.000	5.000	0.000
8	38	5.000	5.000	0.000
8	39	5.000	5.000	0.000
8	40	5.000	5.000	0.000
8	41	5.000	4.990	0.100
8	42	5.000	5.000	0.000
8	43	5.000	5.000	0.000
8	44	5.000	5.000	0.000
8	45	5.000	5.000	0.000
8	46	5.000	5.000	0.000
8	47	5.000	5.000	0.000
8	48	5.000	5.000	0.000
8	49	5.000	4.980	0.141
8	50	5.000	5.000	0.000
Executing FF Gene Output
8	B	5.0

9	1	5.000	4.460	1.247
9	2	5.000	4.890	0.610
9	3	5.000	4.970	0.375
9	4	5.000	5.000	0.000
9	5	5.000	5.000	0.000
9	6	5.000	5.000	0.000
9	7	5.000	5.000	0.000
9	8	5.000	5.000	0.000
9	9	5.000	5.000	0.000
9	10	5.000	4.990	0.142
9	11	5.000	4.990	0.174
9	12	5.000	4.970	0.300
9	13	5.000	5.000	0.000
9	14	5.000	5.000	0.000
9	15	5.000	5.000	0.000
9	16	5.000	5.000	0.000
9	17	5.000	5.000	0.000
9	18	5.000	4.990	0.174
9	19	5.000	5.000	0.000
9	20	5.000	4.970	0.300
9	21	5.000	5.000	0.000
9	22	5.000	5.000	0.000
9	23	5.000	4.990	0.174
9	24	5.000	5.000	0.000
9	25	5.000	5.000	0.000
9	26	5.000	5.000	0.000
9	27	5.000	4.990	0.174
9	28	5.000	4.990	0.174
9	29	5.000	4.990	0.174
9	30	5.000	4.990	0.174
9	31	5.000	5.000	0.000
9	32	5.000	5.000	0.000
9	33	5.000	5.000	0.000
9	34	5.000	4.980	0.301
9	35	5.000	4.940	0.519
9	36	5.000	4.980	0.301
9	37	5.000	5.000	0.000
9	38	5.000	4.980	0.301
9	39	5.000	4.960	0.425
9	40	5.000	4.960	0.425
9	41	5.000	4.960	0.425
9	42	5.000	4.940	0.519
9	43	5.000	5.000	0.000
9	44	5.000	4.960	0.315
9	45	5.000	5.000	0.000
9	46	5.000	5.000	0.000
9	47	5.000	4.980	0.301
9	48	5.000	5.000	0.000
9	49	5.000	5.000	0.000
9	50	5.000	5.000	0.000
Executing FF Gene Output
9	B	5.0

10	1	5.000	4.240	1.408
10	2	5.000	4.870	0.646
10	3	5.000	4.960	0.387
10	4	5.000	4.990	0.174
10	5	5.000	4.980	0.224
10	6	5.000	5.000	0.000
10	7	5.000	4.980	0.224
10	8	5.000	5.000	0.000
10	9	5.000	5.000	0.000
10	10	5.000	4.990	0.100
10	11	5.000	5.000	0.000
10	12	5.000	5.000	0.000
10	13	5.000	5.000	0.000
10	14	5.000	5.000	0.000
10	15	5.000	4.990	0.100
10	16	5.000	4.990	0.100
10	17	5.000	4.990	0.100
10	18	5.000	5.000	0.000
10	19	5.000	4.980	0.141
10	20	5.000	5.000	0.000
10	21	5.000	5.000	0.000
10	22	5.000	5.000	0.000
10	23	5.000	4.990	0.100
10	24	5.000	5.000	0.000
10	25	5.000	5.000	0.000
10	26	5.000	5.000	0.000
10	27	5.000	4.990	0.100
10	28	5.000	5.000	0.000
10	29	5.000	5.000	0.000
10	30	5.000	5.000	0.000
10	31	5.000	5.000	0.000
10	32	5.000	5.000	0.000
10	33	5.000	5.000	0.000
10	34	5.000	5.000	0.000
10	35	5.000	5.000	0.000
10	36	5.000	5.000	0.000
10	37	5.000	5.000	0.000
10	38	5.000	4.970	0.171
10	39	5.000	4.980	0.141
10	40	5.000	5.000	0.000
10	41	5.000	5.000	0.000
10	42	5.000	4.990	0.100
10	43	5.000	4.970	0.171
10	44	5.000	5.000	0.000
10	45	5.000	5.000	0.000
10	46	5.000	4.990	0.100
10	47	5.000	4.980	0.141
10	48	5.000	4.990	0.100
10	49	5.000	4.990	0.100
10	50	5.000	5.000	0.000
Executing FF Gene Output
10	B	5.0

11	1	5.000	4.340	1.237
11	2	5.000	4.870	0.525
11	3	5.000	4.970	0.244
11	4	5.000	5.000	0.000
11	5	5.000	4.990	0.201
11	6	5.000	5.000	0.000
11	7	5.000	4.990	0.201
11	8	5.000	4.980	0.284
11	9	5.000	4.990	0.201
11	10	5.000	4.970	0.375
11	11	5.000	5.000	0.000
11	12	5.000	5.000	0.000
11	13	5.000	5.000	0.000
11	14	5.000	4.990	0.201
11	15	5.000	5.000	0.000
11	16	5.000	4.980	0.284
11	17	5.000	5.000	0.000
11	18	5.000	5.000	0.000
11	19	5.000	5.000	0.000
11	20	5.000	4.990	0.201
11	21	5.000	4.980	0.284
11	22	5.000	4.960	0.400
11	23	5.000	4.980	0.284
11	24	5.000	4.990	0.201
11	25	5.000	4.980	0.284
11	26	5.000	4.990	0.142
11	27	5.000	5.000	0.000
11	28	5.000	5.000	0.000
11	29	5.000	4.980	0.284
11	30	5.000	4.990	0.201
11	31	5.000	4.990	0.201
11	32	5.000	4.990	0.225
11	33	5.000	5.000	0.000
11	34	5.000	5.000	0.000
11	35	5.000	5.000	0.000
11	36	5.000	4.990	0.225
11	37	5.000	5.000	0.000
11	38	5.000	4.990	0.225
11	39	5.000	4.990	0.225
11	40	5.000	5.000	0.000
11	41	5.000	4.990	0.225
11	42	5.000	4.980	0.317
11	43	5.000	4.990	0.225
11	44	5.000	4.990	0.225
11	45	5.000	4.990	0.246
11	46	5.000	4.990	0.225
11	47	5.000	5.000	0.000
11	48	5.000	4.990	0.225
11	49	5.000	4.990	0.225
11	50	5.000	4.990	0.225
Executing FF Gene Output
11	B	5.0

12	1	5.000	4.220	1.404
12	2	5.000	4.860	0.513
12	3	5.000	4.960	0.346
12	4	5.000	4.980	0.245
12	5	5.000	4.970	0.300
12	6	5.000	4.990	0.142
12	7	5.000	4.980	0.284
12	8	5.000	4.960	0.400
12	9	5.000	4.980	0.284
12	10	5.000	4.980	0.284
12	11	5.000	4.980	0.284
12	12	5.000	5.000	0.000
12	13	5.000	5.000	0.000
12	14	5.000	5.000	0.000
12	15	5.000	5.000	0.000
12	16	5.000	5.000	0.000
12	17	5.000	5.000	0.000
12	18	5.000	4.990	0.174
12	19	5.000	4.980	0.284
12	20	5.000	5.000	0.000
12	21	5.000	5.000	0.000
12	22	5.000	5.000	0.000
12	23	5.000	5.000	0.000
12	24	5.000	5.000	0.000
12	25	5.000	4.990	0.174
12	26	5.000	4.990	0.174
12	27	5.000	4.990	0.174
12	28	5.000	5.000	0.000
12	29	5.000	5.000	0.000
12	30	5.000	5.000	0.000
12	31	5.000	5.000	0.000
12	32	5.000	4.990	0.174
12	33	5.000	4.990	0.174
12	34	5.000	5.000	0.000
12	35	5.000	5.000	0.000
12	36	5.000	4.990	0.174
12	37	5.000	4.980	0.245
12	38	5.000	5.000	0.000
12	39	5.000	5.000	0.000
12	40	5.000	5.000	0.000
12	41	5.000	5.000	0.000
12	42	5.000	5.000	0.000
12	43	5.000	4.990	0.174
12	44	5.000	4.980	0.317
12	45	5.000	5.000	0.000
12	46	5.000	5.000	0.000
12	47	5.000	4.990	0.174
12	48	5.000	4.960	0.346
12	49	5.000	5.000	0.000
12	50	5.000	4.990	0.174
Executing FF Gene Output
12	B	5.0

13	1	5.000	4.280	1.319
13	2	5.000	4.880	0.444
13	3	5.000	4.980	0.141
13	4	5.000	5.000	0.000
13	5	5.000	4.990	0.100
13	6	5.000	4.980	0.141
13	7	5.000	5.000	0.000
13	8	5.000	5.000	0.000
13	9	5.000	4.990	0.100
13	10	5.000	5.000	0.000
13	11	5.000	4.960	0.448
13	12	5.000	5.000	0.000
13	13	5.000	5.000	0.000
13	14	5.000	4.980	0.317
13	15	5.000	4.980	0.317
13	16	5.000	5.000	0.000
13	17	5.000	4.960	0.448
13	18	5.000	5.000	0.000
13	19	5.000	5.000	0.000
13	20	5.000	5.000	0.000
13	21	5.000	5.000	0.000
13	22	5.000	5.000	0.000
13	23	5.000	4.980	0.317
13	24	5.000	5.000	0.000
13	25	5.000	4.960	0.448
13	26	5.000	4.980	0.317
13	27	5.000	5.000	0.000
13	28	5.000	4.960	0.436
13	29	5.000	4.980	0.317
13	30	5.000	5.000	0.000
13	31	5.000	5.000	0.000
13	32	5.000	5.000	0.000
13	33	5.000	5.000	0.000
13	34	5.000	4.980	0.200
13	35	5.000	4.980	0.200
13	36	5.000	5.000	0.000
13	37	5.000	5.000	0.000
13	38	5.000	4.980	0.200
13	39	5.000	4.980	0.200
13	40	5.000	4.980	0.317
13	41	5.000	5.000	0.000
13	42	5.000	5.000	0.000
13	43	5.000	5.000	0.000
13	44	5.000	4.980	0.200
13	45	5.000	4.980	0.200
13	46	5.000	5.000	0.000
13	47	5.000	5.000	0.000
13	48	5.000	5.000	0.000
13	49	5.000	5.000	0.000
13	50	5.000	4.980	0.200
Executing FF Gene Output
13	B	5.0

14	1	5.000	4.350	1.347
14	2	5.000	4.850	0.702
14	3	5.000	4.980	0.265
14	4	5.000	4.980	0.141
14	5	5.000	5.000	0.000
14	6	5.000	4.990	0.100
14	7	5.000	4.990	0.100
14	8	5.000	4.970	0.199
14	9	5.000	5.000	0.000
14	10	5.000	5.000	0.000
14	11	5.000	5.000	0.000
14	12	5.000	5.000	0.000
14	13	5.000	5.000	0.000
14	14	5.000	5.000	0.000
14	15	5.000	5.000	0.000
14	16	5.000	4.990	0.100
14	17	5.000	5.000	0.000
14	18	5.000	4.980	0.141
14	19	5.000	4.980	0.141
14	20	5.000	4.990	0.100
14	21	5.000	5.000	0.000
14	22	5.000	5.000	0.000
14	23	5.000	4.990	0.142
14	24	5.000	4.970	0.244
14	25	5.000	4.990	0.142
14	26	5.000	5.000	0.000
14	27	5.000	4.990	0.142
14	28	5.000	5.000	0.000
14	29	5.000	4.990	0.142
14	30	5.000	4.990	0.142
14	31	5.000	4.990	0.142
14	32	5.000	4.990	0.142
14	33	5.000	5.000	0.000
14	34	5.000	4.990	0.100
14	35	5.000	5.000	0.000
14	36	5.000	4.990	0.100
14	37	5.000	5.000	0.000
14	38	5.000	4.990	0.100
14	39	5.000	4.980	0.141
14	40	5.000	5.000	0.000
14	41	5.000	5.000	0.000
14	42	5.000	5.000	0.000
14	43	5.000	5.000	0.000
14	44	5.000	4.990	0.100
14	45	5.000	4.990	0.100
14	46	5.000	5.000	0.000
14	47	5.000	4.990	0.100
14	48	5.000	5.000	0.000
14	49	5.000	5.000	0.000
14	50	5.000	4.990	0.100
Executing FF Gene Output
14	B	5.0

15	1	5.000	4.380	1.277
15	2	5.000	4.910	0.579
15	3	5.000	5.000	0.000
15	4	5.000	4.980	0.141
15	5	5.000	4.990	0.100
15	6	5.000	4.990	0.100
15	7	5.000	4.990	0.100
15	8	5.000	4.990	0.100
15	9	5.000	5.000	0.000
15	10	5.000	5.000	0.000
15	11	5.000	5.000	0.000
15	12	5.000	5.000	0.000
15	13	5.000	5.000	0.000
15	14	5.000	4.990	0.100
15	15	5.000	4.990	0.100
15	16	5.000	5.000	0.000
15	17	5.000	5.000	0.000
15	18	5.000	5.000	0.000
15	19	5.000	4.990	0.100
15	20	5.000	4.980	0.141
15	21	5.000	5.000	0.000
15	22	5.000	4.990	0.100
15	23	5.000	5.000	0.000
15	24	5.000	5.000	0.000
15	25	5.000	5.000	0.000
15	26	5.000	4.990	0.246
15	27	5.000	5.000	0.000
15	28	5.000	4.990	0.246
15	29	5.000	4.990	0.246
15	30	5.000	4.990	0.246
15	31	5.000	4.990	0.246
15	32	5.000	4.970	0.316
15	33	5.000	5.000	0.000
15	34	5.000	5.000	0.000
15	35	5.000	5.000	0.000
15	36	5.000	5.000	0.000
15	37	5.000	5.000	0.000
15	38	5.000	5.000	0.000
15	39	5.000	5.000	0.000
15	40	5.000	5.000	0.000
15	41	5.000	4.990	0.246
15	42	5.000	5.000	0.000
15	43	5.000	4.990	0.246
15	44	5.000	5.000	0.000
15	45	5.000	5.000	0.000
15	46	5.000	4.980	0.348
15	47	5.000	5.000	0.000
15	48	5.000	4.960	0.400
15	49	5.000	5.000	0.000
15	50	5.000	4.990	0.246
Executing FF Gene Output
15	B	5.0

16	1	5.000	4.330	1.338
16	2	5.000	4.810	0.861
16	3	5.000	4.970	0.316
16	4	5.000	4.990	0.246
16	5	5.000	4.970	0.425
16	6	5.000	4.980	0.348
16	7	5.000	4.980	0.348
16	8	5.000	4.970	0.425
16	9	5.000	4.990	0.246
16	10	5.000	4.990	0.246
16	11	5.000	4.970	0.425
16	12	5.000	4.990	0.246
16	13	5.000	5.000	0.000
16	14	5.000	5.000	0.000
16	15	5.000	4.990	0.246
16	16	5.000	5.000	0.000
16	17	5.000	5.000	0.000
16	18	5.000	5.000	0.000
16	19	5.000	5.000	0.000
16	20	5.000	5.000	0.000
16	21	5.000	4.990	0.246
16	22	5.000	4.980	0.348
16	23	5.000	5.000	0.000
16	24	5.000	5.000	0.000
16	25	5.000	4.990	0.246
16	26	5.000	4.990	0.246
16	27	5.000	5.000	0.000
16	28	5.000	5.000	0.000
16	29	5.000	4.990	0.246
16	30	5.000	5.000	0.000
16	31	5.000	4.980	0.348
16	32	5.000	4.980	0.348
16	33	5.000	5.000	0.000
16	34	5.000	4.990	0.246
16	35	5.000	5.000	0.000
16	36	5.000	4.990	0.246
16	37	5.000	5.000	0.000
16	38	5.000	5.000	0.000
16	39	5.000	4.990	0.246
16	40	5.000	5.000	0.000
16	41	5.000	5.000	0.000
16	42	5.000	5.000	0.000
16	43	5.000	4.990	0.246
16	44	5.000	4.990	0.246
16	45	5.000	5.000	0.000
16	46	5.000	5.000	0.000
16	47	5.000	5.000	0.000
16	48	5.000	5.000	0.000
16	49	5.000	4.990	0.246
16	50	5.000	4.980	0.348
Executing FF Gene Output
16	B	5.0

17	1	5.000	4.230	1.417
17	2	5.000	4.830	0.746
17	3	5.000	4.930	0.455
17	4	5.000	4.960	0.387
17	5	5.000	4.980	0.265
17	6	5.000	5.000	0.000
17	7	5.000	5.000	0.000
17	8	5.000	4.940	0.489
17	9	5.000	4.960	0.400
17	10	5.000	4.960	0.400
17	11	5.000	5.000	0.000
17	12	5.000	5.000	0.000
17	13	5.000	4.980	0.284
17	14	5.000	4.960	0.400
17	15	5.000	5.000	0.000
17	16	5.000	4.980	0.284
17	17	5.000	5.000	0.000
17	18	5.000	5.000	0.000
17	19	5.000	4.980	0.284
17	20	5.000	4.980	0.301
17	21	5.000	5.000	0.000
17	22	5.000	4.980	0.301
17	23	5.000	5.000	0.000
17	24	5.000	5.000	0.000
17	25	5.000	5.000	0.000
17	26	5.000	5.000	0.000
17	27	5.000	5.000	0.000
17	28	5.000	5.000	0.000
17	29	5.000	4.980	0.301
17	30	5.000	4.980	0.301
17	31	5.000	4.980	0.301
17	32	5.000	5.000	0.000
17	33	5.000	5.000	0.000
17	34	5.000	5.000	0.000
17	35	5.000	5.000	0.000
17	36	5.000	4.980	0.301
17	37	5.000	5.000	0.000
17	38	5.000	4.980	0.301
17	39	5.000	4.980	0.301
17	40	5.000	4.980	0.301
17	41	5.000	5.000	0.000
17	42	5.000	4.960	0.425
17	43	5.000	4.990	0.246
17	44	5.000	4.980	0.301
17	45	5.000	4.980	0.301
17	46	5.000	5.000	0.000
17	47	5.000	4.980	0.301
17	48	5.000	4.980	0.301
17	49	5.000	5.000	0.000
17	50	5.000	5.000	0.000
Executing FF Gene Output
17	B	5.0

18	1	5.000	4.340	1.312
18	2	5.000	4.960	0.221
18	3	5.000	4.970	0.223
18	4	5.000	5.000	0.000
18	5	5.000	4.990	0.100
18	6	5.000	4.990	0.100
18	7	5.000	4.980	0.141
18	8	5.000	4.990	0.100
18	9	5.000	4.990	0.100
18	10	5.000	4.970	0.199
18	11	5.000	4.990	0.100
18	12	5.000	4.990	0.100
18	13	5.000	4.980	0.141
18	14	5.000	4.990	0.100
18	15	5.000	5.000	0.000
18	16	5.000	5.000	0.000
18	17	5.000	4.980	0.284
18	18	5.000	4.990	0.100
18	19	5.000	5.000	0.000
18	20	5.000	5.000	0.000
18	21	5.000	5.000	0.000
18	22	5.000	5.000	0.000
18	23	5.000	5.000	0.000
18	24	5.000	5.000	0.000
18	25	5.000	5.000	0.000
18	26	5.000	4.970	0.244
18	27	5.000	4.970	0.171
18	28	5.000	4.990	0.100
18	29	5.000	5.000	0.000
18	30	5.000	5.000	0.000
18	31	5.000	5.000	0.000
18	32	5.000	5.000	0.000
18	33	5.000	5.000	0.000
18	34	5.000	4.970	0.171
18	35	5.000	4.980	0.141
18	36	5.000	5.000	0.000
18	37	5.000	5.000	0.000
18	38	5.000	5.000	0.000
18	39	5.000	4.990	0.174
18	40	5.000	4.980	0.224
18	41	5.000	4.990	0.100
18	42	5.000	4.970	0.171
18	43	5.000	4.960	0.197
18	44	5.000	4.990	0.100
18	45	5.000	5.000	0.000
18	46	5.000	4.990	0.100
18	47	5.000	4.990	0.100
18	48	5.000	4.970	0.171
18	49	5.000	4.990	0.100
18	50	5.000	4.990	0.100
Executing FF Gene Output
18	B	5.0

19	1	5.000	4.400	1.326
19	2	5.000	4.870	0.691
19	3	5.000	4.950	0.458
19	4	5.000	4.980	0.317
19	5	5.000	4.990	0.201
19	6	5.000	5.000	0.000
19	7	5.000	4.980	0.284
19	8	5.000	4.960	0.425
19	9	5.000	5.000	0.000
19	10	5.000	5.000	0.000
19	11	5.000	5.000	0.000
19	12	5.000	4.980	0.301
19	13	5.000	5.000	0.000
19	14	5.000	5.000	0.000
19	15	5.000	5.000	0.000
19	16	5.000	4.980	0.284
19	17	5.000	4.990	0.201
19	18	5.000	4.990	0.201
19	19	5.000	4.990	0.201
19	20	5.000	4.980	0.284
19	21	5.000	5.000	0.000
19	22	5.000	5.000	0.000
19	23	5.000	5.000	0.000
19	24	5.000	5.000	0.000
19	25	5.000	5.000	0.000
19	26	5.000	5.000	0.000
19	27	5.000	4.990	0.201
19	28	5.000	5.000	0.000
19	29	5.000	5.000	0.000
19	30	5.000	5.000	0.000
19	31	5.000	5.000	0.000
19	32	5.000	4.990	0.201
19	33	5.000	4.990	0.201
19	34	5.000	4.990	0.201
19	35	5.000	5.000	0.000
19	36	5.000	5.000	0.000
19	37	5.000	4.990	0.201
19	38	5.000	4.990	0.201
19	39	5.000	4.990	0.201
19	40	5.000	4.990	0.201
19	41	5.000	5.000	0.000
19	42	5.000	4.990	0.201
19	43	5.000	5.000	0.000
19	44	5.000	5.000	0.000
19	45	5.000	4.980	0.284
19	46	5.000	4.990	0.201
19	47	5.000	5.000	0.000
19	48	5.000	5.000	0.000
19	49	5.000	5.000	0.000
19	50	5.000	5.000	0.000
Executing FF Gene Output
19	B	5.0

20	1	5.000	4.250	1.431
20	2	5.000	4.830	0.829
20	3	5.000	4.970	0.361
20	4	5.000	5.000	0.000
20	5	5.000	5.000	0.000
20	6	5.000	5.000	0.000
20	7	5.000	4.990	0.174
20	8	5.000	4.990	0.201
20	9	5.000	4.990	0.201
20	10	5.000	4.980	0.245
20	11	5.000	4.990	0.174
20	12	5.000	5.000	0.000
20	13	5.000	4.990	0.174
20	14	5.000	5.000	0.000
20	15	5.000	4.990	0.174
20	16	5.000	5.000	0.000
20	17	5.000	4.980	0.200
20	18	5.000	4.980	0.200
20	19	5.000	5.000	0.000
20	20	5.000	4.980	0.200
20	21	5.000	4.960	0.281
20	22	5.000	5.000	0.000
20	23	5.000	4.980	0.200
20	24	5.000	5.000	0.000
20	25	5.000	4.960	0.281
20	26	5.000	5.000	0.000
20	27	5.000	5.000	0.000
20	28	5.000	4.980	0.200
20	29	5.000	5.000	0.000
20	30	5.000	5.000	0.000
20	31	5.000	4.980	0.200
20	32	5.000	5.000	0.000
20	33	5.000	5.000	0.000
20	34	5.000	5.000	0.000
20	35	5.000	5.000	0.000
20	36	5.000	4.980	0.200
20	37	5.000	5.000	0.000
20	38	5.000	4.980	0.265
20	39	5.000	4.980	0.265
20	40	5.000	5.000	0.000
20	41	5.000	4.960	0.281
20	42	5.000	4.980	0.200
20	43	5.000	5.000	0.000
20	44	5.000	4.990	0.201
20	45	5.000	4.980	0.200
20	46	5.000	4.980	0.224
20	47	5.000	5.000	0.000
20	48	5.000	5.000	0.000
20	49	5.000	5.000	0.000
20	50	5.000	4.980	0.224
Executing FF Gene Output
20	B	5.0

21	1	5.000	4.180	1.449
21	2	5.000	4.890	0.626
21	3	5.000	4.980	0.301
21	4	5.000	4.980	0.301
21	5	5.000	4.990	0.100
21	6	5.000	5.000	0.000
21	7	5.000	5.000	0.000
21	8	5.000	4.990	0.100
21	9	5.000	5.000	0.000
21	10	5.000	4.990	0.100
21	11	5.000	4.980	0.141
21	12	5.000	4.970	0.171
21	13	5.000	5.000	0.000
21	14	5.000	5.000	0.000
21	15	5.000	4.990	0.100
21	16	5.000	5.000	0.000
21	17	5.000	5.000	0.000
21	18	5.000	4.960	0.448
21	19	5.000	5.000	0.000
21	20	5.000	5.000	0.000
21	21	5.000	4.990	0.100
21	22	5.000	4.980	0.141
21	23	5.000	4.980	0.141
21	24	5.000	5.000	0.000
21	25	5.000	5.000	0.000
21	26	5.000	4.980	0.141
21	27	5.000	5.000	0.000
21	28	5.000	5.000	0.000
21	29	5.000	5.000	0.000
21	30	5.000	4.990	0.100
21	31	5.000	5.000	0.000
21	32	5.000	5.000	0.000
21	33	5.000	4.990	0.100
21	34	5.000	5.000	0.000
21	35	5.000	5.000	0.000
21	36	5.000	5.000	0.000
21	37	5.000	5.000	0.000
21	38	5.000	5.000	0.000
21	39	5.000	5.000	0.000
21	40	5.000	4.990	0.100
21	41	5.000	4.940	0.489
21	42	5.000	4.940	0.489
21	43	5.000	4.960	0.360
21	44	5.000	4.980	0.301
21	45	5.000	5.000	0.000
21	46	5.000	5.000	0.000
21	47	5.000	5.000	0.000
21	48	5.000	5.000	0.000
21	49	5.000	5.000	0.000
21	50	5.000	5.000	0.000
Executing FF Gene Output
21	B	5.0

22	1	5.000	4.290	1.328
22	2	5.000	4.830	0.773
22	3	5.000	4.920	0.563
22	4	5.000	4.990	0.100
22	5	5.000	4.990	0.100
22	6	5.000	4.970	0.171
22	7	5.000	4.970	0.171
22	8	5.000	5.000	0.000
22	9	5.000	5.000	0.000
22	10	5.000	5.000	0.000
22	11	5.000	5.000	0.000
22	12	5.000	5.000	0.000
22	13	5.000	5.000	0.000
22	14	5.000	5.000	0.000
22	15	5.000	5.000	0.000
22	16	5.000	5.000	0.000
22	17	5.000	4.980	0.301
22	18	5.000	5.000	0.000
22	19	5.000	5.000	0.000
22	20	5.000	5.000	0.000
22	21	5.000	4.980	0.265
22	22	5.000	4.980	0.265
22	23	5.000	5.000	0.000
22	24	5.000	4.980	0.265
22	25	5.000	5.000	0.000
22	26	5.000	4.980	0.265
22	27	5.000	4.980	0.265
22	28	5.000	4.960	0.374
22	29	5.000	4.920	0.526
22	30	5.000	4.960	0.374
22	31	5.000	5.000	0.000
22	32	5.000	5.000	0.000
22	33	5.000	4.990	0.100
22	34	5.000	5.000	0.000
22	35	5.000	5.000	0.000
22	36	5.000	5.000	0.000
22	37	5.000	5.000	0.000
22	38	5.000	5.000	0.000
22	39	5.000	4.960	0.374
22	40	5.000	4.980	0.265
22	41	5.000	5.000	0.000
22	42	5.000	5.000	0.000
22	43	5.000	5.000	0.000
22	44	5.000	4.980	0.265
22	45	5.000	4.960	0.374
22	46	5.000	4.960	0.374
22	47	5.000	4.980	0.265
22	48	5.000	5.000	0.000
22	49	5.000	5.000	0.000
22	50	5.000	5.000	0.000
Executing FF Gene Output
22	B	5.0

23	1	5.000	4.380	1.281
23	2	5.000	4.840	0.735
23	3	5.000	4.980	0.284
23	4	5.000	5.000	0.000
23	5	5.000	5.000	0.000
23	6	5.000	5.000	0.000
23	7	5.000	5.000	0.000
23	8	5.000	5.000	0.000
23	9	5.000	5.000	0.000
23	10	5.000	4.980	0.141
23	11	5.000	5.000	0.000
23	12	5.000	4.990	0.100
23	13	5.000	4.970	0.171
23	14	5.000	4.990	0.100
23	15	5.000	4.980	0.141
23	16	5.000	5.000	0.000
23	17	5.000	4.990	0.100
23	18	5.000	4.990	0.100
23	19	5.000	5.000	0.000
23	20	5.000	5.000	0.000
23	21	5.000	4.990	0.100
23	22	5.000	4.990	0.100
23	23	5.000	5.000	0.000
23	24	5.000	5.000	0.000
23	25	5.000	5.000	0.000
23	26	5.000	4.990	0.201
23	27	5.000	4.990	0.201
23	28	5.000	5.000	0.000
23	29	5.000	5.000	0.000
23	30	5.000	5.000	0.000
23	31	5.000	4.990	0.201
23	32	5.000	4.990	0.201
23	33	5.000	5.000	0.000
23	34	5.000	5.000	0.000
23	35	5.000	5.000	0.000
23	36	5.000	5.000	0.000
23	37	5.000	5.000	0.000
23	38	5.000	5.000	0.000
23	39	5.000	5.000	0.000
23	40	5.000	5.000	0.000
23	41	5.000	5.000	0.000
23	42	5.000	5.000	0.000
23	43	5.000	5.000	0.000
23	44	5.000	5.000	0.000
23	45	5.000	4.990	0.201
23	46	5.000	4.990	0.201
23	47	5.000	5.000	0.000
23	48	5.000	5.000	0.000
23	49	5.000	5.000	0.000
23	50	5.000	5.000	0.000
Executing FF Gene Output
23	B	5.0

24	1	5.000	4.270	1.377
24	2	5.000	4.880	0.546
24	3	5.000	4.960	0.263
24	4	5.000	4.990	0.142
24	5	5.000	4.990	0.142
24	6	5.000	5.000	0.000
24	7	5.000	5.000	0.000
24	8	5.000	5.000	0.000
24	9	5.000	5.000	0.000
24	10	5.000	5.000	0.000
24	11	5.000	4.980	0.200
24	12	5.000	4.990	0.142
24	13	5.000	5.000	0.000
24	14	5.000	5.000	0.000
24	15	5.000	5.000	0.000
24	16	5.000	4.980	0.200
24	17	5.000	4.990	0.142
24	18	5.000	5.000	0.000
24	19	5.000	5.000	0.000
24	20	5.000	5.000	0.000
24	21	5.000	4.980	0.200
24	22	5.000	4.970	0.244
24	23	5.000	5.000	0.000
24	24	5.000	5.000	0.000
24	25	5.000	4.980	0.200
24	26	5.000	4.990	0.142
24	27	5.000	5.000	0.000
24	28	5.000	4.980	0.200
24	29	5.000	4.990	0.142
24	30	5.000	4.990	0.142
24	31	5.000	5.000	0.000
24	32	5.000	5.000	0.000
24	33	5.000	4.980	0.200
24	34	5.000	5.000	0.000
24	35	5.000	5.000	0.000
24	36	5.000	5.000	0.000
24	37	5.000	5.000	0.000
24	38	5.000	5.000	0.000
24	39	5.000	4.990	0.100
24	40	5.000	4.990	0.142
24	41	5.000	5.000	0.000
24	42	5.000	4.980	0.200
24	43	5.000	5.000	0.000
24	44	5.000	4.990	0.142
24	45	5.000	4.990	0.142
24	46	5.000	4.980	0.200
24	47	5.000	5.000	0.000
24	48	5.000	5.000	0.000
24	49	5.000	4.990	0.142
24	50	5.000	5.000	0.000
Executing FF Gene Output
24	B	5.0

25	1	5.000	4.260	1.357
25	2	5.000	4.920	0.554
25	3	5.000	4.970	0.361
25	4	5.000	4.990	0.100
25	5	5.000	4.990	0.100
25	6	5.000	5.000	0.000
25	7	5.000	4.980	0.265
25	8	5.000	4.980	0.265
25	9	5.000	5.000	0.000
25	10	5.000	4.980	0.265
25	11	5.000	5.000	0.000
25	12	5.000	5.000	0.000
25	13	5.000	5.000	0.000
25	14	5.000	5.000	0.000
25	15	5.000	4.980	0.265
25	16	5.000	5.000	0.000
25	17	5.000	5.000	0.000
25	18	5.000	5.000	0.000
25	19	5.000	5.000	0.000
25	20	5.000	5.000	0.000
25	21	5.000	5.000	0.000
25	22	5.000	5.000	0.000
25	23	5.000	4.980	0.265
25	24	5.000	5.000	0.000
25	25	5.000	5.000	0.000
25	26	5.000	5.000	0.000
25	27	5.000	4.960	0.374
25	28	5.000	5.000	0.000
25	29	5.000	5.000	0.000
25	30	5.000	4.980	0.265
25	31	5.000	4.980	0.265
25	32	5.000	5.000	0.000
25	33	5.000	5.000	0.000
25	34	5.000	5.000	0.000
25	35	5.000	4.980	0.265
25	36	5.000	5.000	0.000
25	37	5.000	5.000	0.000
25	38	5.000	4.970	0.171
25	39	5.000	4.980	0.141
25	40	5.000	4.990	0.100
25	41	5.000	5.000	0.000
25	42	5.000	4.990	0.100
25	43	5.000	5.000	0.000
25	44	5.000	4.980	0.141
25	45	5.000	4.990	0.100
25	46	5.000	5.000	0.000
25	47	5.000	5.000	0.000
25	48	5.000	4.990	0.100
25	49	5.000	4.980	0.141
25	50	5.000	5.000	0.000
Executing FF Gene Output
25	B	5.0

26	1	5.000	4.250	1.456
26	2	5.000	4.810	0.819
26	3	5.000	4.870	0.761
26	4	5.000	4.970	0.388
26	5	5.000	4.990	0.100
26	6	5.000	4.990	0.100
26	7	5.000	4.990	0.100
26	8	5.000	4.990	0.100
26	9	5.000	4.990	0.100
26	10	5.000	5.000	0.000
26	11	5.000	4.990	0.100
26	12	5.000	5.000	0.000
26	13	5.000	5.000	0.000
26	14	5.000	5.000	0.000
26	15	5.000	5.000	0.000
26	16	5.000	5.000	0.000
26	17	5.000	5.000	0.000
26	18	5.000	4.990	0.100
26	19	5.000	4.980	0.141
26	20	5.000	4.990	0.100
26	21	5.000	4.990	0.100
26	22	5.000	4.980	0.141
26	23	5.000	4.980	0.141
26	24	5.000	5.000	0.000
26	25	5.000	5.000	0.000
26	26	5.000	4.990	0.100
26	27	5.000	5.000	0.000
26	28	5.000	4.990	0.100
26	29	5.000	4.970	0.171
26	30	5.000	4.970	0.171
26	31	5.000	5.000	0.000
26	32	5.000	4.990	0.100
26	33	5.000	4.990	0.100
26	34	5.000	4.990	0.100
26	35	5.000	4.990	0.100
26	36	5.000	5.000	0.000
26	37	5.000	5.000	0.000
26	38	5.000	5.000	0.000
26	39	5.000	4.990	0.100
26	40	5.000	4.990	0.100
26	41	5.000	5.000	0.000
26	42	5.000	5.000	0.000
26	43	5.000	5.000	0.000
26	44	5.000	5.000	0.000
26	45	5.000	4.990	0.142
26	46	5.000	5.000	0.000
26	47	5.000	4.990	0.142
26	48	5.000	5.000	0.000
26	49	5.000	5.000	0.000
26	50	5.000	5.000	0.000
Executing FF Gene Output
26	B	5.0

27	1	5.000	4.280	1.422
27	2	5.000	4.800	0.876
27	3	5.000	4.970	0.375
27	4	5.000	4.980	0.301
27	5	5.000	4.990	0.174
27	6	5.000	5.000	0.000
27	7	5.000	5.000	0.000
27	8	5.000	4.990	0.174
27	9	5.000	4.990	0.174
27	10	5.000	5.000	0.000
27	11	5.000	5.000	0.000
27	12	5.000	5.000	0.000
27	13	5.000	5.000	0.000
27	14	5.000	4.980	0.245
27	15	5.000	4.980	0.245
27	16	5.000	5.000	0.000
27	17	5.000	4.980	0.245
27	18	5.000	5.000	0.000
27	19	5.000	5.000	0.000
27	20	5.000	5.000	0.000
27	21	5.000	5.000	0.000
27	22	5.000	5.000	0.000
27	23	5.000	4.990	0.174
27	24	5.000	4.990	0.174
27	25	5.000	5.000	0.000
27	26	5.000	5.000	0.000
27	27	5.000	5.000	0.000
27	28	5.000	4.990	0.225
27	29	5.000	5.000	0.000
27	30	5.000	5.000	0.000
27	31	5.000	4.990	0.225
27	32	5.000	4.980	0.317
27	33	5.000	5.000	0.000
27	34	5.000	4.980	0.317
27	35	5.000	5.000	0.000
27	36	5.000	5.000	0.000
27	37	5.000	5.000	0.000
27	38	5.000	5.000	0.000
27	39	5.000	5.000	0.000
27	40	5.000	5.000	0.000
27	41	5.000	4.990	0.225
27	42	5.000	5.000	0.000
27	43	5.000	5.000	0.000
27	44	5.000	4.990	0.225
27	45	5.000	5.000	0.000
27	46	5.000	5.000	0.000
27	47	5.000	5.000	0.000
27	48	5.000	5.000	0.000
27	49	5.000	5.000	0.000
27	50	5.000	4.990	0.225
Executing FF Gene Output
27	B	5.0

28	1	5.000	4.330	1.367
28	2	5.000	4.880	0.537
28	3	5.000	4.950	0.359
28	4	5.000	4.960	0.346
28	5	5.000	4.980	0.245
28	6	5.000	5.000	0.000
28	7	5.000	4.990	0.201
28	8	5.000	5.000	0.000
28	9	5.000	5.000	0.000
28	10	5.000	5.000	0.000
28	11	5.000	4.990	0.201
28	12	5.000	5.000	0.000
28	13	5.000	4.980	0.284
28	14	5.000	4.990	0.201
28	15	5.000	4.990	0.201
28	16	5.000	4.970	0.347
28	17	5.000	5.000	0.000
28	18	5.000	5.000	0.000
28	19	5.000	4.990	0.201
28	20	5.000	4.990	0.201
28	21	5.000	4.990	0.201
28	22	5.000	4.990	0.201
28	23	5.000	4.990	0.201
28	24	5.000	5.000	0.000
28	25	5.000	5.000	0.000
28	26	5.000	4.990	0.201
28	27	5.000	5.000	0.000
28	28	5.000	4.990	0.201
28	29	5.000	4.990	0.201
28	30	5.000	5.000	0.000
28	31	5.000	5.000	0.000
28	32	5.000	5.000	0.000
28	33	5.000	5.000	0.000
28	34	5.000	5.000	0.000
28	35	5.000	5.000	0.000
28	36	5.000	4.990	0.174
28	37	5.000	4.990	0.174
28	38	5.000	4.980	0.245
28	39	5.000	5.000	0.000
28	40	5.000	4.990	0.174
28	41	5.000	5.000	0.000
28	42	5.000	5.000	0.000
28	43	5.000	5.000	0.000
28	44	5.000	4.990	0.174
28	45	5.000	5.000	0.000
28	46	5.000	5.000	0.000
28	47	5.000	5.000	0.000
28	48	5.000	5.000	0.000
28	49	5.000	5.000	0.000
28	50	5.000	5.000	0.000
Executing FF Gene Output
28	B	5.0

29	1	5.000	4.340	1.324
29	2	5.000	4.980	0.245
29	3	5.000	4.990	0.100
29	4	5.000	4.980	0.200
29	5	5.000	5.000	0.000
29	6	5.000	5.000	0.000
29	7	5.000	5.000	0.000
29	8	5.000	4.980	0.200
29	9	5.000	4.980	0.200
29	10	5.000	4.980	0.200
29	11	5.000	4.960	0.281
29	12	5.000	4.980	0.200
29	13	5.000	4.980	0.200
29	14	5.000	5.000	0.000
29	15	5.000	5.000	0.000
29	16	5.000	5.000	0.000
29	17	5.000	5.000	0.000
29	18	5.000	5.000	0.000
29	19	5.000	5.000	0.000
29	20	5.000	5.000	0.000
29	21	5.000	4.980	0.200
29	22	5.000	5.000	0.000
29	23	5.000	4.980	0.200
29	24	5.000	4.980	0.200
29	25	5.000	4.980	0.200
29	26	5.000	4.980	0.200
29	27	5.000	5.000	0.000
29	28	5.000	4.980	0.200
29	29	5.000	4.980	0.200
29	30	5.000	5.000	0.000
29	31	5.000	5.000	0.000
29	32	5.000	4.940	0.385
29	33	5.000	4.980	0.200
29	34	5.000	5.000	0.000
29	35	5.000	5.000	0.000
29	36	5.000	4.960	0.281
29	37	5.000	5.000	0.000
29	38	5.000	4.980	0.200
29	39	5.000	5.000	0.000
29	40	5.000	5.000	0.000
29	41	5.000	4.960	0.281
29	42	5.000	4.960	0.281
29	43	5.000	5.000	0.000
29	44	5.000	4.980	0.200
29	45	5.000	5.000	0.000
29	46	5.000	5.000	0.000
29	47	5.000	4.980	0.200
29	48	5.000	4.980	0.200
29	49	5.000	4.980	0.200
29	50	5.000	5.000	0.000
Executing FF Gene Output
29	B	5.0

30	1	5.000	4.270	1.402
30	2	5.000	4.900	0.532
30	3	5.000	5.000	0.000
30	4	5.000	5.000	0.000
30	5	5.000	5.000	0.000
30	6	5.000	5.000	0.000
30	7	5.000	4.980	0.141
30	8	5.000	4.980	0.317
30	9	5.000	4.990	0.100
30	10	5.000	5.000	0.000
30	11	5.000	4.990	0.100
30	12	5.000	5.000	0.000
30	13	5.000	5.000	0.000
30	14	5.000	5.000	0.000
30	15	5.000	5.000	0.000
30	16	5.000	5.000	0.000
30	17	5.000	4.990	0.100
30	18	5.000	5.000	0.000
30	19	5.000	5.000	0.000
30	20	5.000	4.990	0.100
30	21	5.000	4.990	0.100
30	22	5.000	5.000	0.000
30	23	5.000	5.000	0.000
30	24	5.000	5.000	0.000
30	25	5.000	4.980	0.141
30	26	5.000	5.000	0.000
30	27	5.000	5.000	0.000
30	28	5.000	4.990	0.100
30	29	5.000	5.000	0.000
30	30	5.000	4.980	0.141
30	31	5.000	5.000	0.000
30	32	5.000	5.000	0.000
30	33	5.000	5.000	0.000
30	34	5.000	5.000	0.000
30	35	5.000	5.000	0.000
30	36	5.000	4.990	0.100
30	37	5.000	4.960	0.197
30	38	5.000	4.990	0.100
30	39	5.000	4.990	0.100
30	40	5.000	5.000	0.000
30	41	5.000	5.000	0.000
30	42	5.000	4.990	0.100
30	43	5.000	5.000	0.000
30	44	5.000	4.990	0.100
30	45	5.000	4.990	0.100
30	46	5.000	5.000	0.000
30	47	5.000	5.000	0.000
30	48	5.000	5.000	0.000
30	49	5.000	5.000	0.000
30	50	5.000	5.000	0.000
Executing FF Gene Output
30	B	5.0

31	1	5.000	4.410	1.323
31	2	5.000	4.850	0.680
31	3	5.000	4.960	0.412
31	4	5.000	4.980	0.317
31	5	5.000	5.000	0.000
31	6	5.000	5.000	0.000
31	7	5.000	4.970	0.244
31	8	5.000	5.000	0.000
31	9	5.000	5.000	0.000
31	10	5.000	5.000	0.000
31	11	5.000	5.000	0.000
31	12	5.000	5.000	0.000
31	13	5.000	4.980	0.200
31	14	5.000	5.000	0.000
31	15	5.000	4.970	0.171
31	16	5.000	4.980	0.141
31	17	5.000	5.000	0.000
31	18	5.000	4.990	0.100
31	19	5.000	4.980	0.141
31	20	5.000	4.990	0.100
31	21	5.000	5.000	0.000
31	22	5.000	5.000	0.000
31	23	5.000	4.990	0.100
31	24	5.000	5.000	0.000
31	25	5.000	5.000	0.000
31	26	5.000	5.000	0.000
31	27	5.000	5.000	0.000
31	28	5.000	4.990	0.100
31	29	5.000	4.970	0.223
31	30	5.000	5.000	0.000
31	31	5.000	4.990	0.100
31	32	5.000	5.000	0.000
31	33	5.000	5.000	0.000
31	34	5.000	4.990	0.100
31	35	5.000	5.000	0.000
31	36	5.000	5.000	0.000
31	37	5.000	4.990	0.100
31	38	5.000	5.000	0.000
31	39	5.000	5.000	0.000
31	40	5.000	4.980	0.141
31	41	5.000	5.000	0.000
31	42	5.000	4.990	0.100
31	43	5.000	5.000	0.000
31	44	5.000	5.000	0.000
31	45	5.000	4.990	0.100
31	46	5.000	5.000	0.000
31	47	5.000	4.980	0.265
31	48	5.000	5.000	0.000
31	49	5.000	5.000	0.000
31	50	5.000	5.000	0.000
Executing FF Gene Output
31	B	5.0

32	1	5.000	4.240	1.433
32	2	5.000	4.890	0.549
32	3	5.000	4.970	0.300
32	4	5.000	4.980	0.245
32	5	5.000	4.980	0.245
32	6	5.000	4.990	0.174
32	7	5.000	4.980	0.245
32	8	5.000	5.000	0.000
32	9	5.000	5.000	0.000
32	10	5.000	5.000	0.000
32	11	5.000	4.990	0.174
32	12	5.000	5.000	0.000
32	13	5.000	5.000	0.000
32	14	5.000	4.980	0.245
32	15	5.000	4.990	0.174
32	16	5.000	4.990	0.174
32	17	5.000	5.000	0.000
32	18	5.000	5.000	0.000
32	19	5.000	5.000	0.000
32	20	5.000	4.990	0.174
32	21	5.000	5.000	0.000
32	22	5.000	5.000	0.000
32	23	5.000	5.000	0.000
32	24	5.000	4.990	0.174
32	25	5.000	5.000	0.000
32	26	5.000	5.000	0.000
32	27	5.000	5.000	0.000
32	28	5.000	5.000	0.000
32	29	5.000	5.000	0.000
32	30	5.000	5.000	0.000
32	31	5.000	4.990	0.174
32	32	5.000	5.000	0.000
32	33	5.000	5.000	0.000
32	34	5.000	5.000	0.000
32	35	5.000	5.000	0.000
32	36	5.000	5.000	0.000
32	37	5.000	5.000	0.000
32	38	5.000	4.990	0.174
32	39	5.000	5.000	0.000
32	40	5.000	5.000	0.000
32	41	5.000	4.990	0.174
32	42	5.000	5.000	0.000
32	43	5.000	5.000	0.000
32	44	5.000	5.000	0.000
32	45	5.000	5.000	0.000
32	46	5.000	5.000	0.000
32	47	5.000	5.000	0.000
32	48	5.000	4.990	0.100
32	49	5.000	4.990	0.100
32	50	5.000	5.000	0.000
Executing FF Gene Output
32	B	5.0

33	1	5.000	4.360	1.371
33	2	5.000	4.820	0.815
33	3	5.000	4.980	0.284
33	4	5.000	4.990	0.201
33	5	5.000	4.990	0.201
33	6	5.000	4.970	0.347
33	7	5.000	4.990	0.201
33	8	5.000	4.990	0.100
33	9	5.000	5.000	0.000
33	10	5.000	4.990	0.201
33	11	5.000	5.000	0.000
33	12	5.000	5.000	0.000
33	13	5.000	4.990	0.201
33	14	5.000	5.000	0.000
33	15	5.000	4.990	0.201
33	16	5.000	4.990	0.201
33	17	5.000	4.990	0.201
33	18	5.000	5.000	0.000
33	19	5.000	5.000	0.000
33	20	5.000	5.000	0.000
33	21	5.000	5.000	0.000
33	22	5.000	5.000	0.000
33	23	5.000	5.000	0.000
33	24	5.000	4.990	0.201
33	25	5.000	4.990	0.201
33	26	5.000	4.980	0.284
33	27	5.000	4.990	0.201
33	28	5.000	4.990	0.246
33	29	5.000	5.000	0.000
33	30	5.000	5.000	0.000
33	31	5.000	5.000	0.000
33	32	5.000	5.000	0.000
33	33	5.000	5.000	0.000
33	34	5.000	4.970	0.425
33	35	5.000	5.000	0.000
33	36	5.000	4.990	0.246
33	37	5.000	5.000	0.000
33	38	5.000	5.000	0.000
33	39	5.000	5.000	0.000
33	40	5.000	4.990	0.246
33	41	5.000	5.000	0.000
33	42	5.000	5.000	0.000
33	43	5.000	4.980	0.317
33	44	5.000	4.980	0.317
33	45	5.000	5.000	0.000
33	46	5.000	5.000	0.000
33	47	5.000	4.980	0.141
33	48	5.000	4.980	0.141
33	49	5.000	4.980	0.141
33	50	5.000	4.990	0.100
Executing FF Gene Output
33	B	5.0

34	1	5.000	4.310	1.304
34	2	5.000	4.880	0.624
34	3	5.000	4.950	0.435
34	4	5.000	4.980	0.224
34	5	5.000	4.960	0.425
34	6	5.000	4.960	0.425
34	7	5.000	4.960	0.425
34	8	5.000	4.960	0.425
34	9	5.000	5.000	0.000
34	10	5.000	4.960	0.448
34	11	5.000	5.000	0.000
34	12	5.000	5.000	0.000
34	13	5.000	5.000	0.000
34	14	5.000	5.000	0.000
34	15	5.000	4.980	0.317
34	16	5.000	5.000	0.000
34	17	5.000	5.000	0.000
34	18	5.000	4.980	0.317
34	19	5.000	4.980	0.317
34	20	5.000	5.000	0.000
34	21	5.000	4.980	0.317
34	22	5.000	4.990	0.100
34	23	5.000	4.990	0.100
34	24	5.000	5.000	0.000
34	25	5.000	5.000	0.000
34	26	5.000	4.990	0.100
34	27	5.000	4.990	0.100
34	28	5.000	4.990	0.100
34	29	5.000	4.980	0.141
34	30	5.000	5.000	0.000
34	31	5.000	5.000	0.000
34	32	5.000	4.990	0.100
34	33	5.000	4.990	0.100
34	34	5.000	5.000	0.000
34	35	5.000	5.000	0.000
34	36	5.000	5.000	0.000
34	37	5.000	5.000	0.000
34	38	5.000	5.000	0.000
34	39	5.000	5.000	0.000
34	40	5.000	5.000	0.000
34	41	5.000	4.990	0.100
34	42	5.000	5.000	0.000
34	43	5.000	5.000	0.000
34	44	5.000	5.000	0.000
34	45	5.000	5.000	0.000
34	46	5.000	5.000	0.000
34	47	5.000	4.990	0.100
34	48	5.000	5.000	0.000
34	49	5.000	5.000	0.000
34	50	5.000	4.980	0.141
Executing FF Gene Output
34	B	5.0

35	1	5.000	4.220	1.400
35	2	5.000	4.780	0.799
35	3	5.000	4.980	0.245
35	4	5.000	5.000	0.000
35	5	5.000	5.000	0.000
35	6	5.000	5.000	0.000
35	7	5.000	5.000	0.000
35	8	5.000	4.990	0.100
35	9	5.000	5.000	0.000
35	10	5.000	5.000	0.000
35	11	5.000	5.000	0.000
35	12	5.000	4.990	0.100
35	13	5.000	4.990	0.100
35	14	5.000	4.990	0.100
35	15	5.000	5.000	0.000
35	16	5.000	5.000	0.000
35	17	5.000	4.990	0.100
35	18	5.000	4.980	0.141
35	19	5.000	5.000	0.000
35	20	5.000	5.000	0.000
35	21	5.000	4.990	0.100
35	22	5.000	4.990	0.100
35	23	5.000	4.990	0.100
35	24	5.000	5.000	0.000
35	25	5.000	5.000	0.000
35	26	5.000	4.990	0.100
35	27	5.000	4.990	0.100
35	28	5.000	5.000	0.000
35	29	5.000	5.000	0.000
35	30	5.000	5.000	0.000
35	31	5.000	4.990	0.100
35	32	5.000	5.000	0.000
35	33	5.000	5.000	0.000
35	34	5.000	4.990	0.100
35	35	5.000	4.990	0.100
35	36	5.000	4.990	0.100
35	37	5.000	5.000	0.000
35	38	5.000	5.000	0.000
35	39	5.000	5.000	0.000
35	40	5.000	5.000	0.000
35	41	5.000	4.990	0.100
35	42	5.000	5.000	0.000
35	43	5.000	5.000	0.000
35	44	5.000	4.990	0.100
35	45	5.000	4.990	0.100
35	46	5.000	5.000	0.000
35	47	5.000	4.980	0.141
35	48	5.000	4.990	0.100
35	49	5.000	5.000	0.000
35	50	5.000	5.000	0.000
Executing FF Gene Output
35	B	5.0

36	1	5.000	4.310	1.394
36	2	5.000	4.850	0.626
36	3	5.000	4.960	0.400
36	4	5.000	4.960	0.436
36	5	5.000	5.000	0.000
36	6	5.000	4.980	0.301
36	7	5.000	5.000	0.000
36	8	5.000	4.980	0.301
36	9	5.000	5.000	0.000
36	10	5.000	5.000	0.000
36	11	5.000	5.000	0.000
36	12	5.000	5.000	0.000
36	13	5.000	4.980	0.245
36	14	5.000	5.000	0.000
36	15	5.000	5.000	0.000
36	16	5.000	4.990	0.174
36	17	5.000	4.990	0.174
36	18	5.000	5.000	0.000
36	19	5.000	5.000	0.000
36	20	5.000	5.000	0.000
36	21	5.000	5.000	0.000
36	22	5.000	4.990	0.201
36	23	5.000	5.000	0.000
36	24	5.000	4.990	0.174
36	25	5.000	5.000	0.000
36	26	5.000	5.000	0.000
36	27	5.000	5.000	0.000
36	28	5.000	5.000	0.000
36	29	5.000	5.000	0.000
36	30	5.000	4.990	0.142
36	31	5.000	5.000	0.000
36	32	5.000	5.000	0.000
36	33	5.000	5.000	0.000
36	34	5.000	5.000	0.000
36	35	5.000	5.000	0.000
36	36	5.000	4.990	0.100
36	37	5.000	5.000	0.000
36	38	5.000	5.000	0.000
36	39	5.000	4.990	0.100
36	40	5.000	5.000	0.000
36	41	5.000	5.000	0.000
36	42	5.000	5.000	0.000
36	43	5.000	5.000	0.000
36	44	5.000	5.000	0.000
36	45	5.000	5.000	0.000
36	46	5.000	5.000	0.000
36	47	5.000	4.980	0.245
36	48	5.000	4.990	0.174
36	49	5.000	5.000	0.000
36	50	5.000	5.000	0.000
Executing FF Gene Output
36	B	5.0

37	1	5.000	4.240	1.300
37	2	5.000	4.850	0.566
37	3	5.000	4.960	0.299
37	4	5.000	4.970	0.347
37	5	5.000	4.970	0.347
37	6	5.000	4.980	0.284
37	7	5.000	4.990	0.201
37	8	5.000	4.990	0.201
37	9	5.000	4.990	0.201
37	10	5.000	5.000	0.000
37	11	5.000	5.000	0.000
37	12	5.000	4.990	0.201
37	13	5.000	4.990	0.201
37	14	5.000	4.970	0.347
37	15	5.000	5.000	0.000
37	16	5.000	4.990	0.201
37	17	5.000	4.990	0.201
37	18	5.000	5.000	0.000
37	19	5.000	4.980	0.284
37	20	5.000	4.990	0.201
37	21	5.000	5.000	0.000
37	22	5.000	4.990	0.201
37	23	5.000	5.000	0.000
37	24	5.000	5.000	0.000
37	25	5.000	5.000	0.000
37	26	5.000	5.000	0.000
37	27	5.000	4.990	0.201
37	28	5.000	5.000	0.000
37	29	5.000	5.000	0.000
37	30	5.000	4.990	0.201
37	31	5.000	4.990	0.201
37	32	5.000	5.000	0.000
37	33	5.000	4.990	0.201
37	34	5.000	5.000	0.000
37	35	5.000	5.000	0.000
37	36	5.000	5.000	0.000
37	37	5.000	5.000	0.000
37	38	5.000	5.000	0.000
37	39	5.000	5.000	0.000
37	40	5.000	5.000	0.000
37	41	5.000	4.980	0.284
37	42	5.000	5.000	0.000
37	43	5.000	5.000	0.000
37	44	5.000	5.000	0.000
37	45	5.000	5.000	0.000
37	46	5.000	4.990	0.201
37	47	5.000	5.000	0.000
37	48	5.000	5.000	0.000
37	49	5.000	5.000	0.000
37	50	5.000	5.000	0.000
Executing FF Gene Output
37	B	5.0

38	1	5.000	4.380	1.320
38	2	5.000	4.860	0.689
38	3	5.000	4.940	0.410
38	4	5.000	5.000	0.000
38	5	5.000	5.000	0.000
38	6	5.000	4.990	0.100
38	7	5.000	4.960	0.331
38	8	5.000	5.000	0.000
38	9	5.000	5.000	0.000
38	10	5.000	4.990	0.201
38	11	5.000	4.990	0.201
38	12	5.000	4.990	0.201
38	13	5.000	4.980	0.284
38	14	5.000	4.990	0.201
38	15	5.000	5.000	0.000
38	16	5.000	4.980	0.284
38	17	5.000	5.000	0.000
38	18	5.000	4.990	0.201
38	19	5.000	4.990	0.201
38	20	5.000	4.990	0.201
38	21	5.000	4.990	0.201
38	22	5.000	4.990	0.201
38	23	5.000	4.990	0.201
38	24	5.000	4.990	0.201
38	25	5.000	4.990	0.201
38	26	5.000	4.990	0.201
38	27	5.000	5.000	0.000
38	28	5.000	4.990	0.201
38	29	5.000	5.000	0.000
38	30	5.000	4.990	0.201
38	31	5.000	4.980	0.284
38	32	5.000	4.990	0.201
38	33	5.000	4.960	0.400
38	34	5.000	4.970	0.347
38	35	5.000	5.000	0.000
38	36	5.000	5.000	0.000
38	37	5.000	5.000	0.000
38	38	5.000	5.000	0.000
38	39	5.000	4.990	0.201
38	40	5.000	4.990	0.201
38	41	5.000	5.000	0.000
38	42	5.000	5.000	0.000
38	43	5.000	5.000	0.000
38	44	5.000	5.000	0.000
38	45	5.000	5.000	0.000
38	46	5.000	4.990	0.201
38	47	5.000	5.000	0.000
38	48	5.000	4.990	0.201
38	49	5.000	5.000	0.000
38	50	5.000	5.000	0.000
Executing FF Gene Output
38	B	5.0

39	1	5.000	4.410	1.264
39	2	5.000	4.930	0.477
39	3	5.000	4.970	0.375
39	4	5.000	5.000	0.000
39	5	5.000	5.000	0.000
39	6	5.000	5.000	0.000
39	7	5.000	5.000	0.000
39	8	5.000	5.000	0.000
39	9	5.000	5.000	0.000
39	10	5.000	5.000	0.000
39	11	5.000	5.000	0.000
39	12	5.000	4.980	0.317
39	13	5.000	4.980	0.317
39	14	5.000	4.960	0.448
39	15	5.000	4.980	0.317
39	16	5.000	4.980	0.317
39	17	5.000	4.960	0.448
39	18	5.000	4.980	0.317
39	19	5.000	5.000	0.000
39	20	5.000	5.000	0.000
39	21	5.000	5.000	0.000
39	22	5.000	4.980	0.317
39	23	5.000	4.960	0.448
39	24	5.000	4.980	0.317
39	25	5.000	5.000	0.000
39	26	5.000	4.990	0.142
39	27	5.000	5.000	0.000
39	28	5.000	5.000	0.000
39	29	5.000	4.980	0.317
39	30	5.000	4.990	0.142
39	31	5.000	4.990	0.142
39	32	5.000	5.000	0.000
39	33	5.000	5.000	0.000
39	34	5.000	4.990	0.142
39	35	5.000	4.990	0.142
39	36	5.000	4.990	0.142
39	37	5.000	5.000	0.000
39	38	5.000	5.000	0.000
39	39	5.000	5.000	0.000
39	40	5.000	4.990	0.142
39	41	5.000	4.990	0.142
39	42	5.000	5.000	0.000
39	43	5.000	5.000	0.000
39	44	5.000	4.990	0.142
39	45	5.000	4.990	0.142
39	46	5.000	4.990	0.142
39	47	5.000	5.000	0.000
39	48	5.000	5.000	0.000
39	49	5.000	5.000	0.000
39	50	5.000	5.000	0.000
Executing FF Gene Output
39	B	5.0

40	1	5.000	4.190	1.383
40	2	5.000	4.830	0.711
40	3	5.000	4.960	0.299
40	4	5.000	4.970	0.244
40	5	5.000	4.990	0.142
40	6	5.000	4.990	0.142
40	7	5.000	4.980	0.265
40	8	5.000	5.000	0.000
40	9	5.000	5.000	0.000
40	10	5.000	5.000	0.000
40	11	5.000	5.000	0.000
40	12	5.000	4.980	0.265
40	13	5.000	5.000	0.000
40	14	5.000	5.000	0.000
40	15	5.000	4.980	0.200
40	16	5.000	5.000	0.000
40	17	5.000	5.000	0.000
40	18	5.000	4.980	0.200
40	19	5.000	4.980	0.200
40	20	5.000	4.960	0.281
40	21	5.000	5.000	0.000
40	22	5.000	5.000	0.000
40	23	5.000	4.980	0.200
40	24	5.000	5.000	0.000
40	25	5.000	5.000	0.000
40	26	5.000	5.000	0.000
40	27	5.000	5.000	0.000
40	28	5.000	5.000	0.000
40	29	5.000	5.000	0.000
40	30	5.000	5.000	0.000
40	31	5.000	5.000	0.000
40	32	5.000	5.000	0.000
40	33	5.000	5.000	0.000
40	34	5.000	4.980	0.200
40	35	5.000	5.000	0.000
40	36	5.000	5.000	0.000
40	37	5.000	5.000	0.000
40	38	5.000	5.000	0.000
40	39	5.000	5.000	0.000
40	40	5.000	5.000	0.000
40	41	5.000	5.000	0.000
40	42	5.000	5.000	0.000
40	43	5.000	5.000	0.000
40	44	5.000	4.980	0.200
40	45	5.000	5.000	0.000
40	46	5.000	5.000	0.000
40	47	5.000	4.980	0.200
40	48	5.000	4.960	0.281
40	49	5.000	4.980	0.200
40	50	5.000	5.000	0.000
Executing FF Gene Output
40	B	5.0

41	1	5.000	4.280	1.341
41	2	5.000	4.820	0.777
41	3	5.000	4.900	0.636
41	4	5.000	5.000	0.000
41	5	5.000	5.000	0.000
41	6	5.000	4.980	0.317
41	7	5.000	4.960	0.448
41	8	5.000	4.960	0.448
41	9	5.000	5.000	0.000
41	10	5.000	4.980	0.317
41	11	5.000	4.980	0.317
41	12	5.000	4.960	0.425
41	13	5.000	4.980	0.317
41	14	5.000	5.000	0.000
41	15	5.000	5.000	0.000
41	16	5.000	5.000	0.000
41	17	5.000	4.980	0.284
41	18	5.000	5.000	0.000
41	19	5.000	5.000	0.000
41	20	5.000	4.990	0.100
41	21	5.000	4.980	0.317
41	22	5.000	5.000	0.000
41	23	5.000	4.960	0.448
41	24	5.000	5.000	0.000
41	25	5.000	5.000	0.000
41	26	5.000	5.000	0.000
41	27	5.000	5.000	0.000
41	28	5.000	5.000	0.000
41	29	5.000	4.980	0.317
41	30	5.000	4.980	0.301
41	31	5.000	4.980	0.317
41	32	5.000	4.960	0.448
41	33	5.000	4.980	0.317
41	34	5.000	4.980	0.317
41	35	5.000	5.000	0.000
41	36	5.000	4.980	0.317
41	37	5.000	4.960	0.448
41	38	5.000	5.000	0.000
41	39	5.000	5.000	0.000
41	40	5.000	5.000	0.000
41	41	5.000	4.960	0.448
41	42	5.000	4.940	0.547
41	43	5.000	5.000	0.000
41	44	5.000	4.980	0.317
41	45	5.000	5.000	0.000
41	46	5.000	5.000	0.000
41	47	5.000	5.000	0.000
41	48	5.000	5.000	0.000
41	49	5.000	4.980	0.317
41	50	5.000	5.000	0.000
Executing FF Gene Output
41	B	5.0

42	1	5.000	4.310	1.327
42	2	5.000	4.940	0.434
42	3	5.000	4.980	0.301
42	4	5.000	4.980	0.301
42	5	5.000	5.000	0.000
42	6	5.000	5.000	0.000
42	7	5.000	5.000	0.000
42	8	5.000	4.980	0.301
42	9	5.000	5.000	0.000
42	10	5.000	4.980	0.301
42	11	5.000	5.000	0.000
42	12	5.000	5.000	0.000
42	13	5.000	4.980	0.301
42	14	5.000	5.000	0.000
42	15	5.000	4.960	0.425
42	16	5.000	5.000	0.000
42	17	5.000	4.980	0.301
42	18	5.000	5.000	0.000
42	19	5.000	5.000	0.000
42	20	5.000	5.000	0.000
42	21	5.000	5.000	0.000
42	22	5.000	5.000	0.000
42	23	5.000	4.980	0.301
42	24	5.000	5.000	0.000
42	25	5.000	4.960	0.425
42	26	5.000	5.000	0.000
42	27	5.000	4.980	0.301
42	28	5.000	5.000	0.000
42	29	5.000	5.000	0.000
42	30	5.000	5.000	0.000
42	31	5.000	4.980	0.284
42	32	5.000	4.980	0.284
42	33	5.000	4.980	0.301
42	34	5.000	5.000	0.000
42	35	5.000	4.980	0.301
42	36	5.000	4.980	0.301
42	37	5.000	4.940	0.509
42	38	5.000	4.980	0.301
42	39	5.000	5.000	0.000
42	40	5.000	5.000	0.000
42	41	5.000	4.980	0.301
42	42	5.000	5.000	0.000
42	43	5.000	4.980	0.301
42	44	5.000	5.000	0.000
42	45	5.000	5.000	0.000
42	46	5.000	5.000	0.000
42	47	5.000	4.940	0.519
42	48	5.000	4.960	0.425
42	49	5.000	4.980	0.301
42	50	5.000	4.940	0.519
Executing FF Gene Output
42	B	5.0

43	1	5.000	4.380	1.241
43	2	5.000	4.810	0.699
43	3	5.000	4.980	0.141
43	4	5.000	4.980	0.141
43	5	5.000	4.980	0.141
43	6	5.000	4.990	0.100
43	7	5.000	4.990	0.100
43	8	5.000	5.000	0.000
43	9	5.000	4.990	0.100
43	10	5.000	4.980	0.141
43	11	5.000	4.990	0.100
43	12	5.000	5.000	0.000
43	13	5.000	5.000	0.000
43	14	5.000	5.000	0.000
43	15	5.000	5.000	0.000
43	16	5.000	5.000	0.000
43	17	5.000	4.990	0.100
43	18	5.000	4.970	0.332
43	19	5.000	4.960	0.448
43	20	5.000	5.000	0.000
43	21	5.000	4.980	0.317
43	22	5.000	4.980	0.317
43	23	5.000	5.000	0.000
43	24	5.000	5.000	0.000
43	25	5.000	5.000	0.000
43	26	5.000	4.980	0.317
43	27	5.000	5.000	0.000
43	28	5.000	4.990	0.201
43	29	5.000	4.990	0.201
43	30	5.000	5.000	0.000
43	31	5.000	4.990	0.201
43	32	5.000	4.990	0.201
43	33	5.000	5.000	0.000
43	34	5.000	5.000	0.000
43	35	5.000	5.000	0.000
43	36	5.000	4.990	0.201
43	37	5.000	4.950	0.490
43	38	5.000	5.000	0.000
43	39	5.000	5.000	0.000
43	40	5.000	5.000	0.000
43	41	5.000	5.000	0.000
43	42	5.000	5.000	0.000
43	43	5.000	5.000	0.000
43	44	5.000	4.990	0.201
43	45	5.000	4.960	0.400
43	46	5.000	4.990	0.201
43	47	5.000	4.990	0.201
43	48	5.000	5.000	0.000
43	49	5.000	5.000	0.000
43	50	5.000	5.000	0.000
Executing FF Gene Output
43	B	5.0

44	1	5.000	4.170	1.386
44	2	5.000	4.910	0.504
44	3	5.000	4.980	0.200
44	4	5.000	5.000	0.000
44	5	5.000	4.990	0.246
44	6	5.000	4.990	0.246
44	7	5.000	5.000	0.000
44	8	5.000	4.990	0.246
44	9	5.000	5.000	0.000
44	10	5.000	5.000	0.000
44	11	5.000	5.000	0.000
44	12	5.000	4.990	0.100
44	13	5.000	4.990	0.100
44	14	5.000	5.000	0.000
44	15	5.000	4.980	0.224
44	16	5.000	4.980	0.224
44	17	5.000	5.000	0.000
44	18	5.000	4.980	0.224
44	19	5.000	4.940	0.385
44	20	5.000	4.980	0.224
44	21	5.000	5.000	0.000
44	22	5.000	5.000	0.000
44	23	5.000	5.000	0.000
44	24	5.000	4.940	0.385
44	25	5.000	5.000	0.000
44	26	5.000	5.000	0.000
44	27	5.000	4.980	0.224
44	28	5.000	4.980	0.224
44	29	5.000	5.000	0.000
44	30	5.000	5.000	0.000
44	31	5.000	5.000	0.000
44	32	5.000	4.960	0.315
44	33	5.000	4.980	0.224
44	34	5.000	5.000	0.000
44	35	5.000	4.960	0.360
44	36	5.000	5.000	0.000
44	37	5.000	5.000	0.000
44	38	5.000	5.000	0.000
44	39	5.000	4.980	0.224
44	40	5.000	5.000	0.000
44	41	5.000	5.000	0.000
44	42	5.000	5.000	0.000
44	43	5.000	5.000	0.000
44	44	5.000	4.960	0.315
44	45	5.000	5.000	0.000
44	46	5.000	5.000	0.000
44	47	5.000	4.990	0.174
44	48	5.000	5.000	0.000
44	49	5.000	4.960	0.315
44	50	5.000	4.980	0.224
Executing FF Gene Output
44	B	5.0

45	1	5.000	4.290	1.373
45	2	5.000	4.870	0.614
45	3	5.000	5.000	0.000
45	4	5.000	5.000	0.000
45	5	5.000	5.000	0.000
45	6	5.000	4.960	0.400
45	7	5.000	4.980	0.284
45	8	5.000	4.980	0.284
45	9	5.000	5.000	0.000
45	10	5.000	5.000	0.000
45	11	5.000	5.000	0.000
45	12	5.000	4.980	0.284
45	13	5.000	5.000	0.000
45	14	5.000	5.000	0.000
45	15	5.000	5.000	0.000
45	16	5.000	5.000	0.000
45	17	5.000	4.980	0.284
45	18	5.000	4.980	0.284
45	19	5.000	4.980	0.284
45	20	5.000	5.000	0.000
45	21	5.000	5.000	0.000
45	22	5.000	5.000	0.000
45	23	5.000	4.980	0.284
45	24	5.000	5.000	0.000
45	25	5.000	5.000	0.000
45	26	5.000	5.000	0.000
45	27	5.000	5.000	0.000
45	28	5.000	4.980	0.284
45	29	5.000	4.980	0.284
45	30	5.000	5.000	0.000
45	31	5.000	5.000	0.000
45	32	5.000	4.980	0.284
45	33	5.000	5.000	0.000
45	34	5.000	5.000	0.000
45	35	5.000	5.000	0.000
45	36	5.000	4.980	0.284
45	37	5.000	4.980	0.284
45	38	5.000	5.000	0.000
45	39	5.000	4.960	0.400
45	40	5.000	4.960	0.400
45	41	5.000	4.940	0.489
45	42	5.000	5.000	0.000
45	43	5.000	4.980	0.284
45	44	5.000	5.000	0.000
45	45	5.000	4.970	0.332
45	46	5.000	4.980	0.284
45	47	5.000	5.000	0.000
45	48	5.000	5.000	0.000
45	49	5.000	4.990	0.174
45	50	5.000	4.990	0.174
Executing FF Gene Output
45	B	5.0

46	1	5.000	4.340	1.312
46	2	5.000	4.860	0.612
46	3	5.000	4.970	0.375
46	4	5.000	4.980	0.284
46	5	5.000	5.000	0.000
46	6	5.000	4.990	0.100
46	7	5.000	5.000	0.000
46	8	5.000	4.990	0.100
46	9	5.000	4.980	0.141
46	10	5.000	4.980	0.141
46	11	5.000	4.980	0.141
46	12	5.000	4.990	0.100
46	13	5.000	4.970	0.171
46	14	5.000	4.990	0.100
46	15	5.000	4.990	0.100
46	16	5.000	5.000	0.000
46	17	5.000	5.000	0.000
46	18	5.000	4.990	0.100
46	19	5.000	4.990	0.100
46	20	5.000	4.990	0.100
46	21	5.000	5.000	0.000
46	22	5.000	5.000	0.000
46	23	5.000	5.000	0.000
46	24	5.000	5.000	0.000
46	25	5.000	4.980	0.141
46	26	5.000	5.000	0.000
46	27	5.000	5.000	0.000
46	28	5.000	4.990	0.100
46	29	5.000	5.000	0.000
46	30	5.000	5.000	0.000
46	31	5.000	4.990	0.100
46	32	5.000	5.000	0.000
46	33	5.000	4.990	0.100
46	34	5.000	5.000	0.000
46	35	5.000	4.980	0.141
46	36	5.000	4.990	0.100
46	37	5.000	5.000	0.000
46	38	5.000	4.990	0.100
46	39	5.000	4.990	0.100
46	40	5.000	4.970	0.171
46	41	5.000	4.960	0.281
46	42	5.000	5.000	0.000
46	43	5.000	5.000	0.000
46	44	5.000	5.000	0.000
46	45	5.000	4.990	0.100
46	46	5.000	4.980	0.141
46	47	5.000	5.000	0.000
46	48	5.000	4.990	0.100
46	49	5.000	5.000	0.000
46	50	5.000	5.000	0.000
Executing FF Gene Output
46	B	5.0

47	1	5.000	4.290	1.246
47	2	5.000	4.820	0.626
47	3	5.000	4.910	0.484
47	4	5.000	5.000	0.000
47	5	5.000	5.000	0.000
47	6	5.000	5.000	0.000
47	7	5.000	4.990	0.201
47	8	5.000	5.000	0.000
47	9	5.000	5.000	0.000
47	10	5.000	4.990	0.201
47	11	5.000	4.990	0.201
47	12	5.000	5.000	0.000
47	13	5.000	5.000	0.000
47	14	5.000	4.990	0.201
47	15	5.000	4.990	0.201
47	16	5.000	4.990	0.201
47	17	5.000	5.000	0.000
47	18	5.000	4.980	0.284
47	19	5.000	4.990	0.201
47	20	5.000	4.990	0.201
47	21	5.000	4.970	0.347
47	22	5.000	4.990	0.201
47	23	5.000	4.990	0.201
47	24	5.000	4.990	0.142
47	25	5.000	5.000	0.000
47	26	5.000	4.990	0.201
47	27	5.000	5.000	0.000
47	28	5.000	4.980	0.284
47	29	5.000	5.000	0.000
47	30	5.000	5.000	0.000
47	31	5.000	5.000	0.000
47	32	5.000	5.000	0.000
47	33	5.000	5.000	0.000
47	34	5.000	5.000	0.000
47	35	5.000	4.990	0.201
47	36	5.000	4.990	0.201
47	37	5.000	5.000	0.000
47	38	5.000	4.980	0.284
47	39	5.000	5.000	0.000
47	40	5.000	5.000	0.000
47	41	5.000	5.000	0.000
47	42	5.000	4.980	0.284
47	43	5.000	5.000	0.000
47	44	5.000	4.980	0.284
47	45	5.000	4.980	0.284
47	46	5.000	4.980	0.284
47	47	5.000	4.990	0.201
47	48	5.000	4.990	0.201
47	49	5.000	4.970	0.347
47	50	5.000	5.000	0.000
Executing FF Gene Output
47	B	5.0

48	1	5.000	4.320	1.395
48	2	5.000	4.850	0.730
48	3	5.000	4.980	0.317
48	4	5.000	4.970	0.401
48	5	5.000	5.000	0.000
48	6	5.000	4.990	0.246
48	7	5.000	5.000	0.000
48	8	5.000	5.000	0.000
48	9	5.000	5.000	0.000
48	10	5.000	5.000	0.000
48	11	5.000	5.000	0.000
48	12	5.000	4.990	0.246
48	13	5.000	4.980	0.348
48	14	5.000	5.000	0.000
48	15	5.000	5.000	0.000
48	16	5.000	5.000	0.000
48	17	5.000	5.000	0.000
48	18	5.000	4.990	0.246
48	19	5.000	5.000	0.000
48	20	5.000	5.000	0.000
48	21	5.000	4.970	0.425
48	22	5.000	4.980	0.348
48	23	5.000	4.990	0.246
48	24	5.000	5.000	0.000
48	25	5.000	5.000	0.000
48	26	5.000	5.000	0.000
48	27	5.000	5.000	0.000
48	28	5.000	4.980	0.348
48	29	5.000	5.000	0.000
48	30	5.000	5.000	0.000
48	31	5.000	5.000	0.000
48	32	5.000	5.000	0.000
48	33	5.000	4.990	0.246
48	34	5.000	5.000	0.000
48	35	5.000	4.990	0.246
48	36	5.000	4.980	0.348
48	37	5.000	5.000	0.000
48	38	5.000	4.990	0.246
48	39	5.000	5.000	0.000
48	40	5.000	4.990	0.246
48	41	5.000	5.000	0.000
48	42	5.000	5.000	0.000
48	43	5.000	4.980	0.348
48	44	5.000	4.980	0.348
48	45	5.000	5.000	0.000
48	46	5.000	5.000	0.000
48	47	5.000	5.000	0.000
48	48	5.000	5.000	0.000
48	49	5.000	5.000	0.000
48	50	5.000	5.000	0.000
Executing FF Gene Output
48	B	5.0

49	1	5.000	4.440	1.175
49	2	5.000	4.890	0.618
49	3	5.000	4.960	0.281
49	4	5.000	5.000	0.000
49	5	5.000	5.000	0.000
49	6	5.000	5.000	0.000
49	7	5.000	4.980	0.200
49	8	5.000	5.000	0.000
49	9	5.000	5.000	0.000
49	10	5.000	4.980	0.200
49	11	5.000	5.000	0.000
49	12	5.000	5.000	0.000
49	13	5.000	4.980	0.200
49	14	5.000	4.980	0.200
49	15	5.000	4.980	0.200
49	16	5.000	5.000	0.000
49	17	5.000	4.980	0.200
49	18	5.000	4.920	0.464
49	19	5.000	4.960	0.281
49	20	5.000	4.940	0.343
49	21	5.000	5.000	0.000
49	22	5.000	5.000	0.000
49	23	5.000	5.000	0.000
49	24	5.000	5.000	0.000
49	25	5.000	5.000	0.000
49	26	5.000	5.000	0.000
49	27	5.000	5.000	0.000
49	28	5.000	5.000	0.000
49	29	5.000	5.000	0.000
49	30	5.000	5.000	0.000
49	31	5.000	5.000	0.000
49	32	5.000	4.970	0.332
49	33	5.000	4.980	0.284
49	34	5.000	5.000	0.000
49	35	5.000	4.980	0.284
49	36	5.000	4.990	0.100
49	37	5.000	4.980	0.284
49	38	5.000	5.000	0.000
49	39	5.000	4.960	0.400
49	40	5.000	4.960	0.400
49	41	5.000	4.960	0.400
49	42	5.000	4.960	0.400
49	43	5.000	5.000	0.000
49	44	5.000	5.000	0.000
49	45	5.000	4.980	0.284
49	46	5.000	4.960	0.400
49	47	5.000	4.980	0.284
49	48	5.000	5.000	0.000
49	49	5.000	5.000	0.000
49	50	5.000	5.000	0.000
Executing FF Gene Output
49	B	5.0

50	1	5.000	4.260	1.360
50	2	5.000	4.870	0.677
50	3	5.000	4.980	0.200
50	4	5.000	4.970	0.283
50	5	5.000	5.000	0.000
50	6	5.000	4.990	0.142
50	7	5.000	5.000	0.000
50	8	5.000	5.000	0.000
50	9	5.000	4.970	0.244
50	10	5.000	4.990	0.142
50	11	5.000	4.970	0.332
50	12	5.000	5.000	0.000
50	13	5.000	5.000	0.000
50	14	5.000	4.990	0.142
50	15	5.000	5.000	0.000
50	16	5.000	5.000	0.000
50	17	5.000	5.000	0.000
50	18	5.000	4.990	0.142
50	19	5.000	5.000	0.000
50	20	5.000	4.970	0.244
50	21	5.000	5.000	0.000
50	22	5.000	4.990	0.142
50	23	5.000	4.990	0.142
50	24	5.000	4.990	0.142
50	25	5.000	4.990	0.225
50	26	5.000	4.990	0.225
50	27	5.000	5.000	0.000
50	28	5.000	4.980	0.200
50	29	5.000	4.980	0.200
50	30	5.000	5.000	0.000
50	31	5.000	5.000	0.000
50	32	5.000	5.000	0.000
50	33	5.000	5.000	0.000
50	34	5.000	5.000	0.000
50	35	5.000	5.000	0.000
50	36	5.000	4.990	0.174
50	37	5.000	4.980	0.245
50	38	5.000	5.000	0.000
50	39	5.000	4.990	0.174
50	40	5.000	4.990	0.174
50	41	5.000	4.990	0.174
50	42	5.000	4.990	0.174
50	43	5.000	5.000	0.000
50	44	5.000	4.990	0.174
50	45	5.000	4.990	0.174
50	46	5.000	5.000	0.000
50	47	5.000	5.000	0.000
50	48	5.000	5.000	0.000
50	49	5.000	4.990	0.174
50	50	5.000	5.000	0.000
Executing FF Gene Output
50	B	5.0

Over All:
	Average Run Average Fitness: 4
	Average Run Best Fitness: 5
	Best Fitness: 5.0
	Best Chromo: Run 1: Generation 1: 0 1 0 1 1 0 0 0 0 1 0 0 1 0 1 0 1 0 1 0 1 0 1 1 0 0 0 1 0 1 1 1 1 1 0 1 0 1 0 0 1 1 0 0 1 1 1 0 0 0 0 1 1 1 1 0 0 1 1 0 0 1 0 0 0 0 0 0 0 0 1 0 1 1 1 1 0 0 1 1 0 1 1 0 1 0 1 0 0 1 0 0 1 0 1 1 1 1 1 0 1 0 0 0 0 0 1 0 0 0 0 1 1 0 1 0 1 1 1 1 1 0 1 1 1 1 0 0 1 1 1 0 0 1 1 1 1 1 0 0 0 1 1 0 0 0 1 0 0 1 1 0 0 1 0 0 0 1 0 1 0 0 1 0 1 1 0 0 1 1 0 0 0 1 1 1 1 0 0 1 1 1 0 1 1 1 0 0 0 0 1 0 1 0 0 0 0 0 1 1 1 1 1 0 1 1 0 1 1 1 0 1 0 1 1 0 0 1 0 1 0 0 0 0 1 1 1 0 0 0 0 0 1 0 1 1 0 0 0 0 1 0 1 0 1 1 1 1 1 1 1 1 0 1 1 1 
Start:  Mon Mar 21 11:16:04 EDT 2016
End  :  Mon Mar 21 11:16:43 EDT 2016
